/*--------------------------------*- C++ -*----------------------------------*\
| =========                 |                                                 |
| \\      /  F ield         | OpenFOAM: The Open Source CFD Toolbox           |
|  \\    /   O peration     | Version:  2.3.0                                 |
|   \\  /    A nd           | Web:      www.OpenFOAM.org                      |
|    \\/     M anipulation  |                                                 |
\*---------------------------------------------------------------------------*/
FoamFile
{
    version     2.0;
    format      ascii;
    class       volScalarField;
    location    "0.1";
    object      T;
}
// * * * * * * * * * * * * * * * * * * * * * * * * * * * * * * * * * * * * * //

dimensions      [0 0 0 1 0 0 0];

internalField   nonuniform List<scalar> 
2268
(
270
270
270
270
270
270
270
270
270
270
270
270
270
270
270
270
270
270
269.999
269.999
269.999
269.998
269.996
270
270
270
270
270
270
270
270
270
270
270
270
270
270
270
270
269.999
269.998
270.001
270.006
270.006
270
269.995
270
270
270
270
270
270
270
270
270
270
270
270
270
270
270
270
269.999
269.996
270.002
270.031
270.044
270.026
270.006
270
270
270
270
270
270
270
270
270
270
270
270
270
270
270
270
269.998
270.001
270.036
270.089
270.107
270.058
270.015
270
270
270
270
270
270
270
270
270
270
270
270
270
270
270
270
269.996
270.03
270.172
270.199
270.197
270.078
270.018
270
270
270
270
270
270
270
270
270
270
270
270
270
270
270
269.999
270
270.102
270.279
270.155
270.104
270.081
270.019
270
270
270
270
270
270
270
270
270
270
270
270
270
270
270
269.999
270.006
270.182
270.157
270.081
270.059
270.061
270.018
270
270
270
270
270
270
270
270
270
270
270
270
270
270
270
269.999
270.016
270.213
270.116
270.059
270.042
270.038
270.016
270
269.999
269.999
269.999
269.999
269.999
270
270.001
270
270.001
270
270.001
270.002
270.001
269.999
269.998
270
270
269.999
269.999
269.997
269.998
269.998
269.999
270
270
270.002
270
270.002
270.002
270.003
270.001
269.999
269.999
269.999
270
269.999
269.999
269.999
269.998
269.998
269.998
269.999
270
270
270.001
270
270.002
270.002
270.002
270
269.999
269.999
269.999
269.999
269.999
269.999
269.999
269.998
269.998
269.998
269.999
270
269.999
270.001
270.001
270.002
270.002
270.001
270
269.999
270
269.999
269.999
269.999
269.999
269.999
269.998
269.998
269.998
269.999
270
270
270.002
270.002
270.002
270.001
270
270
270
270
269.999
269.999
269.999
269.999
269.999
269.998
269.998
269.998
269.999
270
270
270.002
270.001
270.001
270.001
270.001
270
270
270
269.999
269.999
269.999
270
269.999
269.998
269.998
269.999
269.999
270.001
270.001
270.002
270.001
270.001
270.001
270.001
270.001
270
269.999
269.999
269.999
269.999
270
269.999
269.999
269.998
269.999
269.999
270
270
270.001
270.001
270.001
270.001
270.001
270
269.999
269.999
269.999
269.999
269.999
270
270
270
270
270
270
270
270
270
270
270
270
270
270
270
270
270
270.042
270.138
270.075
270.043
270.029
270.022
270.012
270
270
270
270
270
270
270
270
270
270
270
270
270
270
270
270
270.067
270.055
270.034
270.023
270.015
270.011
270.007
270
270
270
270
270
270
270
270
270
270
270
270
270
270
270
270.001
270.107
270.033
270.014
270.009
270.006
270.004
270.004
270
270
270
270
270
270
270
270
270
270
270
270
270
270
270
270.003
270.068
270.018
270.005
270.002
270.001
270.001
270.001
270
270
270
270
270
270
270
270
270
270
270
270
270
270
270
270.006
270.024
270.007
270.002
270
270
270
270
270
270
270
270
270
270
270
270
270
270
270
270
270
270
270
270.011
270.006
270.002
270
270
270
270
270
270
270
270
270
270
270
270
270
270
270
270
270
270
270
270
270.012
270.002
270
270
270
270.001
270
270
270
270
270
270
270
270
270
270
270
270
270
270
270
270
270
270.006
270
270
270.001
270
270.001
270
269.999
270
270
270
270
270
270
270
270
270
270
270
270
270
270
270
270.002
270.001
270.001
270.001
270
270.001
270
269.999
270
270
270
270
270
270
270
270
270
270
270
270
270
270
270.001
270.001
270.001
270
270
270.001
270.001
270.001
270
270
270
270
270
270
270
270
270
270
270
270
270
270
270.001
270
270
270.001
270.001
270.001
270.001
270.001
270
270
270
270
270
270
270
270
270
270
270
270
270
270
270.001
269.998
270.001
270
270
270.001
270.001
270.001
270.001
270
270
270
270
270
270
270
270
270
270
270
270
270
270.001
270.003
269.986
270.001
270
270
270.001
270.001
270.001
270
270
269.999
270
270
270
270
270
270
270
270
270
270
270.001
270.003
270.003
269.943
270.001
270.001
270
270
270.001
270
270
270
269.999
270
270
270
270
270
270
270
270
270
270
270.002
270
269.991
269.925
269.972
269.997
270
270.001
270
270.001
270
270
270
270
270
270
270
270
270
270
270
270
269.999
269.993
269.983
269.991
269.949
269.945
269.988
269.999
269.997
269.998
270
270
270
270
270
269.999
270
270
270
269.999
269.999
270
270.001
269.989
269.962
269.978
270.196
270.017
269.983
269.996
270.03
270.025
270.016
270.013
270.01
270.008
270.006
270.001
269.997
269.999
269.999
269.999
269.999
269.999
270.001
270.001
269.979
269.996
270.238
270.448
270.197
270.016
269.94
269.89
269.896
269.901
269.912
269.921
269.929
269.941
270.001
269.998
270
270
270
269.999
270
270.002
269.986
269.962
270.305
271.17
271.061
270.153
270.109
270.032
270.203
270.334
270.412
270.448
270.466
270.475
270.419
270.001
269.998
270
270
270.001
270.001
270.002
270.001
269.953
269.97
270.944
272.622
271.844
270.111
269.992
269.982
269.821
269.456
269.084
268.742
268.43
268.159
268.261
270.001
269.999
270
269.999
270
270
270.003
270
269.921
269.908
271.27
274.323
274.473
270.416
268.169
268.459
268.514
268.699
269.071
269.67
270.408
271.231
271.637
270
270.001
270
269.999
270.001
270
270.003
270.005
269.922
269.714
270.678
275.253
280.478
279.423
275.338
275.038
276.432
277.717
279.504
281.336
283.37
285.043
282.742
270
270.001
270.001
270
270.001
270
270.002
270.011
269.965
269.671
269.712
273.192
282.291
291.235
293.457
292.411
292.219
292.437
293.94
295.201
296.856
297.47
290.675
270
270.001
270.001
270.001
270
270
270.001
270.01
270.006
269.805
269.362
270.471
276.984
288.855
298.962
301.999
300.646
299.631
300.416
300.823
301.732
301.092
291.658
270
270.001
270
270
270
270
270
270.006
270.018
269.919
269.476
269.444
273.049
282.951
295.225
302.017
301.575
300.019
300.663
300.902
301.619
300.519
290.362
270
270.001
270.001
270
270
270
269.999
270.003
270.018
269.984
269.652
269.165
270.868
278.596
291.317
300.718
301.562
299.53
300.162
300.43
301.163
300.013
289.745
270
270
270.001
270
270
270
270
270.001
270.012
270.013
269.816
269.247
269.728
275.37
287.838
299.536
301.869
299.415
299.963
300.19
300.899
299.829
289.71
270
270
270
270.001
270
269.999
270
270
270.004
270.013
269.946
269.587
269.42
272.541
283.003
297.109
303.076
300.924
301.827
302.311
303.246
302.453
291.983
270
270.001
270
270.001
270
270
270
270
270
270
270.007
270.026
269.997
269.868
270.098
271.711
274.805
278.071
280.664
282.721
284.533
285.21
280.85
270
270
270
270
269.999
270.001
270
270
270.001
270.001
270
270.001
270.005
270.009
269.972
269.84
269.639
269.546
269.864
270.348
270.879
271.266
271.014
270
270
270
270
270
270.001
270
270
270.001
270.001
270
270.001
270.001
270.001
270.003
270.001
269.963
269.832
269.626
269.45
269.307
269.22
269.372
270
270.001
270
270.001
270
270
270
270
270
270
270
270.001
270.001
270
270
270
270.001
270
269.986
269.952
269.903
269.856
269.865
270.001
270.001
270
270.001
270
270
270
270
270
270
270
270.001
270.001
270
270
270
270
270.001
270.003
270.007
270.01
270.011
270.009
270.001
270.001
270.001
270.001
270
270
270.001
270.001
270
270
270.001
270.001
270.001
270
270
270
270
270
270
270.001
270.002
270.003
270.004
270.001
270.001
270.001
270.001
270.001
270.001
270.001
270.001
270
270.001
270.001
270.001
270.001
270.001
270.001
270.001
270.001
270.001
270
270
270
270
270
270.001
270.001
270.001
270.001
270.001
270.001
270.001
270.001
270.001
270.001
270.001
270.001
270.001
270.001
270.001
270.001
270.001
270.001
270
270
270
270
270
270.001
270.001
270.001
270.001
270.001
270.001
270.001
270.001
270.001
270.001
270.001
270.001
270.001
270.001
270.001
270.001
270.001
270.001
270.001
270
270
270
270
270.001
270.001
270.001
270.001
270.001
270.001
270.001
270.001
270.001
270.001
270.001
270.001
270.001
270.001
270.001
270.001
270.001
270
270
270
270
270
270
270
270
270.001
270.001
270
270.001
270.001
270.001
270.001
270
270
270
270.001
270.001
270.001
270.001
270
270
270
270
270
270
270
270
270
270
270
270
270.001
270.001
270.001
270
270
270
270
270.001
270.001
270.001
270
270
270
270
270
270
270
270
270
270
270
270
270
270
270
270
270
270
270
270
270.001
270.001
270
270
270
270
270
270
270
270
270
270
270
270
270
270
270
270
270
270
270
270
270
270
270
270
270
270
270
270
270
270
270
270
270.003
270
270
269.999
270.003
270.001
270.001
270.001
270.002
270.001
270.001
270
270.001
270.001
270
269.999
270
269.999
269.999
269.998
270
269.999
269.998
269.997
270
270
269.998
269.997
269.999
269.999
269.998
269.997
269.999
269.998
269.998
269.999
269.999
269.998
269.999
270
269.999
269.999
269.999
270
270
270
269.999
269.999
270
270
269.999
269.999
270
270
269.999
269.999
270
270
270
270
270
270
270
270
270.004
270
270
270
269.971
270.002
270
270
270.194
269.974
270.001
269.999
269.251
270.146
269.989
270
270.75
269.775
270.021
269.998
274.009
268.704
270.138
269.991
275.117
267.96
270.252
269.982
274.234
267.852
270.306
269.975
273.309
267.951
270.324
269.971
272.965
268.006
270.331
269.969
272.994
268.023
270.328
269.97
273.676
267.824
270.346
269.969
271.94
268.944
270.16
269.986
270.141
269.9
270.016
269.998
269.836
270.059
269.993
270
269.965
270.013
269.998
270
270.004
269.999
270
270
270.001
269.999
270
270
270
269.999
269.999
269.999
269.999
269.999
269.999
269.999
269.999
269.999
269.999
269.999
269.999
269.999
269.999
269.999
270
270
270
270
270
270
270
270
270
270
270
270
270
270
270
270
269.999
269.999
269.999
270
270
270
270
270
270.001
270.001
270
270
270
270
270
270
270
270
270
270
269.999
269.999
270
270
270.001
270.001
270.001
270.001
270
270
270
270
270
270
270
270
270
270
269.998
269.998
269.999
269.999
270
270.001
270.001
270.001
270.001
270
270
270
270
270
270
270
270
269.999
270
269.998
269.998
269.999
269.999
270
270.001
270.001
270.001
270
270
270
270
270
270
270
270
270
270
270
269.998
269.998
269.999
270
270.001
270.001
270.001
270
270.001
270.001
270
270
270
270
270
270
270
270
270
269.998
269.998
269.999
270
270.001
270.001
270
270.001
270.001
270.001
270
270
270
270
270
270
270
270
270
269.998
269.999
270
270
270
270
270.001
270.001
270.001
270.001
270
270
269.999
270
270
270
270
270
270
269.998
270
270
270
270
270
270.001
270.001
270.001
270.001
270
269.999
270
270
270
270
270
270
270
270
270
270
270
270
270
270.001
270.001
270.001
270
270
270
270
270
270
270
270
270
270
270
270
270
270
270
270.001
270.001
270.001
270.001
270
270
270
270
270
270
270
270
270
270
270
270
269.999
270
270
270.001
270.001
270.001
270.001
270
270
270
270
270
270
270
270
270
270
269.999
269.999
269.999
270
270
270.001
270.001
270.001
270.001
270
270
270
270
270
269.999
269.999
270
270
270
269.999
269.999
270
270
270.001
270.001
270.001
270.001
270
270
270
270
270
269.999
269.999
269.999
270
270
270
270
270
270
270
270
270
270
270
270
270
270
270
270
269.999
269.999
270
270
270
270
270
270
270
270
270
270
270
270
270
270
270
270
269.999
269.999
269.999
270
270
270
270
270
270
270
270
270
270
270
270
270
270
270
269.999
269.999
269.999
269.999
270
270
270
270
270
270
270
270
270
270
270
270
270
270
270
269.999
269.999
269.999
270
270
270
270
270
270
270
270
269.999
270
270
270
270
270
270
270
269.999
269.999
270
270
270
270
270
270
270
270
269.999
269.999
270
270
270
270
270
270
270
270
270
270
270
270
270
270
270
270
269.999
269.999
269.999
270
270
270
270
270
270
270
270
270
270
270
270
270
270
270
269.999
269.999
269.999
269.999
269.999
269.999
270
270
270
270
270
270
270
270
270
270
270
270
270
269.999
269.999
269.999
269.999
269.999
269.999
270
270
270
270
270
270.001
270.001
270.001
270
270
270
270
270
270
269.999
269.999
269.999
269.999
269.999
270
270
270
270
270.001
270.001
270.001
270.001
270.001
270
270
270
270
270
269.999
269.999
269.999
269.999
270
270
270
270
270.001
270.001
270.001
270.001
270.001
270.001
270.001
270
270
270
270.001
269.999
269.999
269.999
270
270
270
270
270.001
270.001
270.001
270.001
270.001
270.001
270.001
270.001
270.001
270
270
270.001
270
270
270
270
270
270
270.001
270.001
270.001
270.001
270.001
270.001
270.001
270.001
270.001
270.001
270
270
270.001
270
270
270
270
270
270.001
270.001
270.001
270.001
270.001
270.001
270.001
270.001
270.001
270.001
270
270
270
270.001
270
270
270
270
270.001
270.001
270.001
270.001
270.001
270.001
270.001
270.001
270.001
270.001
270.001
270
270
270
270
270
270
270
270.001
270.001
270.001
270.001
270.001
270.001
270.001
270.001
270.001
270.001
270.001
270.001
270
270
270
270
270
270
270
270.001
270.001
270.001
270.001
270.001
270.001
270.001
270.001
270.001
270.001
270.001
270.001
270.001
270.001
270
270
270
270
270.001
270.001
270.001
270.001
270.001
270.001
270.001
270.001
270.001
270.001
270.001
270.001
270.001
270.001
270.001
270
270
270
270
270.001
270.001
270.001
270.001
270.001
270.001
270.001
270.001
270.001
270.001
270.001
270.001
270.001
270.001
270.001
270.001
270
270
270
270
270.001
270.001
270.001
270.001
270.001
270.001
270.001
270.001
270.001
270.001
270.001
270.001
270.001
270.001
270.001
270
270
270
270
270.001
270.001
270.001
270.001
270.001
270.001
270.001
270.001
270.001
270.001
270.001
270.001
270.001
270.001
270.001
270
270
270
270
270
270
270
270
270
270.001
270.001
270.001
270.001
270.001
270.001
270.001
270.001
270.001
270.001
270
270
270
270
270
270
270
270
270
270.001
270.001
270.001
270.001
270.001
270.001
270.001
270.001
270.001
270
270
270
270
270
270
270
270
270
270
270.001
270.001
270.001
270.001
270.001
270.001
270.001
270.001
270.001
270
270
270
270
270
270
270
270
270
270
270.001
270.001
270.001
270.001
270.001
270.001
270.001
270.001
270.001
270
270
270
270
270
270
270
270
270
270.001
270.001
270.001
270.001
270.001
270.001
270.001
270.001
270.001
270.001
270
270
270
270
270
270
270
270
270
270.001
270.001
270.001
270.001
270.001
270.001
270.001
270
270
270
270
270
270
270
270
270
270
270
270
270
270
270.001
270.001
270.001
270
270
270
270
270
270
270
270
270
270
270
270
270
270
270
270
270
270
270
270
270
270
270
270
270
)
;

boundaryField
{
    leftWall
    {
        type            zeroGradient;
    }
    rightWall
    {
        type            zeroGradient;
    }
    lowerWall
    {
        type            zeroGradient;
    }
    atmosphere
    {
        type            zeroGradient;
    }
    defaultFaces
    {
        type            empty;
    }
}


// ************************************************************************* //
