/*--------------------------------*- C++ -*----------------------------------*\
| =========                 |                                                 |
| \\      /  F ield         | OpenFOAM: The Open Source CFD Toolbox           |
|  \\    /   O peration     | Version:  2.3.0                                 |
|   \\  /    A nd           | Web:      www.OpenFOAM.org                      |
|    \\/     M anipulation  |                                                 |
\*---------------------------------------------------------------------------*/
FoamFile
{
    version     2.0;
    format      ascii;
    class       volScalarField;
    location    "0.2";
    object      T;
}
// * * * * * * * * * * * * * * * * * * * * * * * * * * * * * * * * * * * * * //

dimensions      [0 0 0 1 0 0 0];

internalField   nonuniform List<scalar> 
2268
(
270
270
270
270
270
270
270
270
270
270
270
270
270
270
270
270
270
270
270
270
270
270
269.999
270
270
270
270
270
270
270
270
270
270
270
270
270
270
270
270
270
270
270
270
270
270
270
270
270
270
270
270
270
270
270
270
270
270
270
270
270
270
270
270
270
270
270
270
270
270
270
270
270
270
270
270
270
270
270
270
270
270
270
270
270
270
270
270
270
270
270
270
270
270
270
270
270
270
270
270
270
270
270
270
270
270
270
270
270
270
270
270
270
270
270
270
270
270
270
270
270
270
270
270
270
270
270
270
270
270
270
270
270
270
270
270
270
270
270
270
270
270
270
270
270
270
270
270
270
270
270
270
270
270
270
270
270
270
270
270
270
270
270
270
270
270
270
270
270
270
270
270
270
270
270
270
270
270
270
270
270
270
270
270
270
269.999
269.997
269.998
269.999
269.998
269.999
270
270
270.001
270.001
270.001
270.002
270.002
270.001
269.999
269.998
269.999
270.001
269.999
269.998
269.996
269.997
269.998
269.998
269.999
270
270.001
270.001
270.002
270.002
270.003
270.001
269.999
269.999
270.001
270
270
269.999
269.998
269.997
269.997
269.998
269.999
269.999
270
270.001
270.001
270.002
270.002
270.001
270.002
270.001
270
269.999
269.999
270.001
269.999
269.998
269.997
269.998
269.998
269.999
269.999
270
270.001
270.001
270.002
270.003
270.001
270.001
269.999
269.998
270.001
270
270
269.999
269.998
269.997
269.998
269.998
269.999
270
270.001
270.001
270.002
270.002
270.001
270
270
270.001
270.001
270.001
269.999
269.999
270
269.998
269.998
269.998
269.998
270
270
270.001
270.001
270.001
270.001
270
270.001
270.001
270.001
270
270
269.999
270
270
269.998
269.998
269.998
269.999
270
270
270
270.001
270.001
270.002
270.001
270.002
270.002
270
269.999
270
270
270
270
269.998
269.999
269.999
270
270
270
270
270.001
270.001
270.002
270.002
270.001
270.001
270
269.999
270
270.001
270
270
270
270
270
270
270
270
270
270
270
270
270
270
270
270
270
270
270
270
270
270
270
270
270
270
270
270
270
270
270
270
270
270
270
270
270
270
270
270.001
270
270
270
270
270
270
270
270
270
270
270
270
270
270
270
270
270
270
270
270
270.001
270
269.999
269.996
269.994
269.992
269.992
269.995
269.997
269.999
269.999
270
270
270
270
270
270
270
270
270
270
270
270.001
269.999
269.993
269.985
269.981
269.981
269.99
270.003
270.005
270.002
270
269.999
270
270
270
270
270
270
270
270
270
270
270
269.998
269.987
269.975
269.974
269.997
270.046
270.12
270.262
270.17
270.084
270.037
270.014
270
270
270
270
270
270
270
270
270
270.001
269.998
269.985
269.973
269.992
270.062
270.196
270.373
270.513
270.515
270.456
270.252
270.136
270.076
270
270
270
270
270
270
270
270
270.001
270
269.99
269.973
270.015
270.155
270.39
270.554
270.554
270.425
270.253
270.121
270.121
270.144
270.123
270
270
270
270
270
270
270
270.001
270.002
269.995
269.991
270.04
270.232
270.551
270.75
270.493
270.212
270.076
270.019
270.011
270.031
270.075
270.106
270
270
270
270
270
270
270
270.001
269.998
270
270.065
270.296
270.666
271.096
270.828
270.218
269.991
269.966
269.995
270.011
270.031
270.052
270.073
270
270
270
270
270
270
270
269.995
269.982
270.056
270.337
270.799
271.361
271.734
270.748
270.121
269.94
269.963
269.997
270.005
270.019
270.042
270.058
270
269.999
269.999
270
270
270.001
270
269.971
269.974
270.368
271.203
271.857
272.136
272.293
270.78
270.07
269.867
269.92
269.993
270.002
270.008
270.022
270.038
270.001
269.999
269.998
269.999
269.999
270.004
269.989
269.894
270.335
271.689
272.574
272.314
271.924
272.212
270.91
270.036
269.785
269.874
269.992
270.002
270.001
270.006
270.015
270.001
269.998
269.999
269.999
270.001
270.001
269.92
270.093
271.943
273.6
272.727
271.3
270.7
271.218
270.757
269.995
269.756
269.897
269.999
270
269.999
270
270.004
270.001
269.999
269.999
270
270.003
269.963
269.864
271.146
274.468
274.033
270.857
270.136
270.036
270.289
270.404
269.949
269.782
269.974
270.001
270
270
270
270
270.001
270
270
270.002
269.997
269.863
270.06
273.197
276.267
272.24
269.425
269.715
269.98
270.153
270.096
269.903
269.868
270.008
270.001
270.002
270.006
270.014
270.014
270
270
270
270.006
269.967
269.725
270.671
275.399
276.475
270.563
269.152
269.968
270.051
269.987
269.935
269.923
269.949
270.012
269.998
270.001
270.014
270.045
270.054
270
270
270.002
270.01
269.907
269.606
271.423
276.77
276.769
270.782
269.087
269.973
270.035
269.93
269.964
269.971
269.994
270.005
269.999
270.004
270.023
270.072
270.096
270
270
270.004
270.014
269.855
269.518
271.559
277.434
278.696
272.323
268.755
269.736
270.103
269.966
270.005
270.004
270.008
270.005
270.003
270.002
270.013
270.056
270.095
270
270
270.004
270.019
269.86
269.409
270.992
277.339
281.524
276.05
269.561
269.091
270.007
270.005
269.995
269.988
269.978
269.973
269.973
269.978
269.993
270.022
270.06
270
270
270.003
270.025
269.913
269.366
270.052
275.941
283.712
282.334
273.56
268.994
269.364
269.917
270.026
270.075
270.083
270.09
270.088
270.074
270.044
270.016
270.018
270
270
270.001
270.024
269.983
269.479
269.247
273.377
283.163
288.755
282.539
273.119
269.341
269.211
269.496
269.725
269.867
269.941
269.972
269.984
269.996
270.002
270.005
270
270
270
270.017
270.031
269.704
268.977
270.743
279.335
290.678
293.018
284.64
275.563
271.137
269.562
269.024
268.898
268.917
269.044
269.298
269.643
269.931
270.027
270
270
269.999
270.007
270.041
269.908
269.209
269.207
274.367
286.342
297.025
297.403
289.953
282.426
277.558
274.642
272.954
271.935
271.233
270.686
270.268
270.033
269.984
270
270
269.999
270.001
270.028
270.011
269.587
268.921
270.883
279.434
292.364
300.934
300.919
296.564
292.352
289.057
286.387
283.973
281.148
277.531
273.585
270.658
269.757
270
270
269.999
269.999
270.013
270.034
269.856
269.227
269.424
274.107
284.91
296.555
302.164
301.952
300.586
299.914
299.078
297.166
293.183
286.467
278.173
271.601
269.443
270
270
270
269.999
270.003
270.023
269.99
269.64
269.191
270.875
277.943
289.468
298.96
302.046
301.524
301.637
302.582
302.347
299.088
291.608
281.171
272.333
269.245
270
270
270
270
269.999
270.006
270.019
269.942
269.599
269.566
272.189
279.774
290.374
298.355
301.085
301.354
301.99
302.246
299.757
292.858
282.328
272.817
269.212
270
270
270
270
270
269.999
270.005
270.028
269.993
269.728
269.586
271.231
276.523
284.761
292.684
298.091
301.439
303.277
302.174
295.978
285.013
274.031
269.208
270
270
270
270
270
270
269.998
270.006
270.045
270.057
269.773
268.982
268.29
269.195
272.81
278.776
285.663
291.765
295.141
293.484
285.616
275.221
269.415
270
270
270
270.001
270
270.001
270.001
269.998
269.989
269.998
270.07
270.169
270.098
269.707
269.256
269.468
271.126
274.383
278.136
280.172
278.485
273.638
269.836
270
270.001
270.001
270.001
270.001
270.001
270.001
270.001
270.003
270.001
269.992
269.988
270.011
270.049
270.015
269.802
269.44
269.235
269.594
270.446
271.034
270.738
270.017
270.001
270.001
270.001
270.001
270.001
270.001
270.001
270.001
270.001
270.001
270.002
270.001
269.998
269.999
270.01
270.023
269.977
269.777
269.43
269.159
269.22
269.613
269.979
270.001
270.001
270.001
270.001
270.001
270.001
270.001
270.001
270.001
270.001
270.001
270.001
270.001
270
270
270.001
270.007
270.009
269.969
269.862
269.767
269.814
269.975
270.002
270.001
270.002
270.001
270.001
270.001
270.001
270.001
270.001
270.001
270.001
270.001
270.001
270.001
270.001
270
270
270.002
270.01
270.02
270.016
270.001
269.998
270.001
270.001
270.001
270.001
270.001
270.001
270.001
270.001
270.001
270.001
270.001
270.001
270.001
270.001
270.001
270.001
270
270
270.001
270.005
270.011
270.011
270.003
270.001
270.001
270.001
270.001
270.001
270.001
270.001
270.001
270.001
270.001
270.001
270.001
270.001
270.002
270.001
270.001
270.001
270.001
270.001
270.001
270.001
270.001
270
270.001
270.001
270
270.001
270.001
270.001
270.001
270.001
270.001
270.001
270
270.001
270.002
270.002
270.001
270.001
270.001
270.001
270.001
270.001
270
270
269.999
270.001
270
270
270
270.001
270.001
270.001
270.001
270
270
270
270.001
270.002
270.002
270.001
270.001
270
270
270.001
270.001
270
270
270
270.001
270
270
270
270
270.001
270.001
270
270
270
270
270.001
270.001
270.001
270.001
270
270
270
270
270
270
270
270
270
270
270
270
270
270
270
270
270
270
270
270.001
270.001
270.001
270
270
270
270
270
270
270
270
270
270
270
270
270
270
270
270
270
270
270
270
270.001
270.001
270
270
270
270
270
270
270
270
270
270
270
270
270
270
270
270
270
270
270
270
270
270.001
270.001
270
270
270
270
270
270
270
270
270
270
270
269.999
269.999
269.999
269.999
269.999
269.999
269.999
270
269.999
269.999
269.999
269.999
269.999
269.999
269.999
270.004
270.001
270
270
270.043
270.024
270.009
270.002
270.096
270.072
270.038
270.011
270.111
270.106
270.079
270.028
270.086
270.096
270.099
270.051
270.067
270.072
270.078
270.066
270.049
270.056
270.061
270.065
270.027
270.037
270.047
270.057
270.012
270.021
270.032
270.048
270.003
270.012
270.021
270.03
270.003
270.006
270.014
270.019
270.012
269.996
270.006
270.013
270.03
269.991
270.001
270.01
270.056
270.005
269.994
270.001
270.062
270.032
270.004
269.997
270.037
270.038
270.025
270.01
270.012
270.018
270.022
270.02
270
270.002
270.009
270.009
270.002
270.001
269.999
270.001
270.024
270.025
269.982
269.998
270.051
270.059
269.961
269.997
270.062
270.084
269.947
269.997
270.047
270.097
269.944
269.996
269.984
270.129
269.943
269.991
269.87
270.162
269.95
269.983
269.845
270.117
269.975
269.985
269.948
270.033
269.995
269.995
270.021
269.994
270
270.001
270.017
269.994
269.999
270.001
270.001
269.999
270
270
269.998
269.999
270
270
269.999
269.999
270
270
269.999
270
270
270
270
270
270
270
270
270
270
270
270
270
270
270
270
270
270
270
270
270
270
270
269.999
269.999
269.999
270
270
270.001
270.001
270.001
270.001
270.001
270.001
270
270
270
270
270
270
270
270
269.999
269.999
269.999
269.999
270
270.001
270.001
270.001
270.001
270
270.001
270
270
270
270
270
270
270
270
269.999
269.999
270.001
270
269.999
270
270.001
270.001
270.001
270
270.001
270.001
270
270
270
270
270
270
270
269.999
269.999
270
270.003
270
270
270.001
270.001
270.001
270.001
270
270
270
270
270
270
270
270
270
269.999
269.999
269.999
270.001
270
270
270
270.001
270.001
270.001
270.001
270
270
270
270
270
270
270
270
270
269.999
269.999
270
270.001
270
270
270
270.001
270.001
270.001
270
270
270
270
270
270
270
270
270.001
269.999
269.999
269.999
270.001
270
270
270.001
270.001
270.001
270.001
270
270
270
270
270
270
270
270
270.003
269.998
269.998
269.999
270
270
270
270
270.001
270.001
270.001
270
269.999
269.999
270
270
270
270
270
270.006
269.998
269.997
269.999
270.001
270.001
270
270.001
270.001
270.001
270
270
269.999
269.999
270
270
270
270
270
270.01
269.997
269.996
269.999
270.003
270.002
270
270.001
270.001
270.001
270
270
269.999
270
270
270
270
270
270
270.015
269.997
269.995
269.998
270.006
270.003
270
270
270.001
270.001
270
270
270
270
270
270
270
270
270
270.019
269.998
269.994
269.998
270.008
270.004
270.001
270
270.001
270.001
270
270
270
270
269.999
269.999
269.999
270
270
270.024
270.003
269.994
269.996
270.003
270.004
270.002
270
270.001
270
270
270
270
270
269.999
269.999
269.999
270
270
270.03
270.009
269.999
269.996
269.996
270.001
270.002
270.001
270
270
270
270
270
270
269.999
269.999
269.999
270
270
270.032
270.014
270.005
270.001
269.998
270
270.002
270.001
270
270
270
270
270
269.999
269.999
269.999
270
270
270
270.018
270.016
270.008
270.005
270.004
270.002
270.001
270
270
270
270
270
270
269.999
269.999
269.999
270
270
270
270.009
270.01
270.009
270.007
270.006
270.004
270.001
270
270
270
270
270
270
269.999
269.999
269.999
270
270
270
270.005
270.008
270.009
270.007
270.006
270.003
270
270
270
270
270
270
269.999
269.999
269.999
270
270
270
270
270.002
270.004
270.006
270.005
270.003
270.001
270
270
270
270
270
270
269.999
269.999
270
270
270
270
270
269.998
270.001
270.002
270.002
270.001
270
270
270
270
270
270
270
270
270
270
270
270
270
270
270.008
270
270
270
270
270
270
270
270
270
270
270
270
270
270
270
270
270
270
270.006
270.001
269.999
269.999
269.999
270
270
270
270
270
270
270
270
270
270.001
270
270
270
270
270.001
270
269.999
269.999
269.999
269.999
269.999
270
270
270
270
270
270.001
270.001
270.001
270
270
270
270
270.004
269.999
269.999
269.999
269.999
269.999
269.999
270
270
270
270
270.001
270.001
270.001
270.001
270
270
270
270
270.01
269.997
269.999
269.999
269.999
269.999
270
270
270
270
270.001
270.001
270.001
270.001
270.001
270
270
270
270
270.015
269.997
269.999
269.999
269.999
270
270
270
270
270.001
270.001
270.001
270.001
270.001
270.001
270
270
270
270
270.016
269.996
270
269.999
270
270
270
270.001
270.001
270.001
270.001
270.001
270.001
270.001
270.001
270
270
270
270
270.017
269.997
270
270
270
270
270.001
270.001
270.001
270.001
270.001
270.001
270.001
270.001
270
270
270
270
270
270.017
269.997
270
270
270
270
270.001
270.001
270.001
270.001
270.001
270.001
270.001
270
270
270
270
270
270
270.012
269.999
270
270
270
270.001
270.001
270.001
270.001
270.001
270.001
270.001
270.001
270
270
270
270
270.001
270
270.004
270
270
270
270
270.001
270.001
270.001
270.001
270.001
270.001
270.001
270
270
270
270
270.001
270.001
270
270
270
270
270
270
270.001
270.001
270.001
270.001
270.001
270.001
270.001
270
270
270
270.001
270.001
270.001
270
270
270
270
270
270.001
270.001
270.001
270.001
270.001
270.001
270.001
270.001
270.001
270.001
270.001
270.001
270.001
270.001
270
270
270
270
270
270.001
270.001
270.001
270.001
270.001
270.001
270.001
270.001
270.001
270.001
270.001
270.001
270.001
270.001
270
270
270
270
270
270.001
270.001
270.001
270.001
270.001
270.001
270.001
270.001
270.001
270.001
270.001
270.001
270.001
270.001
270
270
270
270
270
270
270.001
270.001
270.001
270.001
270.001
270.001
270.001
270.001
270.001
270.001
270.001
270.001
270.001
270.001
270
270
270
270
270
270
270
270
270
270.001
270.001
270.001
270.001
270.001
270.001
270.001
270.001
270.001
270.001
270
270
270
270
270
270
270
270
270
270.001
270.001
270.001
270.001
270.001
270.001
270.001
270.001
270.001
270.001
270
270
270
270
270
270
270
270
270
270.001
270.001
270.001
270.001
270.001
270.001
270.001
270.001
270.001
270
270
270
270
270
270
270
270
270
270
270
270.001
270.001
270.001
270.001
270.001
270.001
270.001
270.001
270
270
270
270
270
270
270
270
270
270
270
270
270.001
270.001
270.001
270.001
270.001
270.001
270.001
270
270
270
270
270
270
270
270
270
270
270
270
270
270
270
270
270
270
270
270
)
;

boundaryField
{
    leftWall
    {
        type            zeroGradient;
    }
    rightWall
    {
        type            zeroGradient;
    }
    lowerWall
    {
        type            zeroGradient;
    }
    atmosphere
    {
        type            zeroGradient;
    }
    defaultFaces
    {
        type            empty;
    }
}


// ************************************************************************* //
