/*--------------------------------*- C++ -*----------------------------------*\
| =========                 |                                                 |
| \\      /  F ield         | OpenFOAM: The Open Source CFD Toolbox           |
|  \\    /   O peration     | Version:  2.3.0                                 |
|   \\  /    A nd           | Web:      www.OpenFOAM.org                      |
|    \\/     M anipulation  |                                                 |
\*---------------------------------------------------------------------------*/
FoamFile
{
    version     2.0;
    format      ascii;
    class       volScalarField;
    location    "0.05";
    object      T;
}
// * * * * * * * * * * * * * * * * * * * * * * * * * * * * * * * * * * * * * //

dimensions      [0 0 0 1 0 0 0];

internalField   nonuniform List<scalar> 
2268
(
270
270
270
270
270
270
270
270
270
270
270
270
270
270
270
270.001
270
269.999
269.998
269.999
269.998
269.999
270.002
270
270
270
270
270
270
270
270
270
270
270
270
270
270
269.999
270.039
270.044
270.025
270.012
270.004
270.004
269.999
270.001
270
270
270
270
270
270
270
270
270
270
270
270
270
270
269.996
270.133
270.119
270.041
270.014
269.999
270
270.004
269.999
270
270
270
270
270
270
270
270
270
270
270
270
270
270
269.995
270.202
270.144
270.046
270.007
269.997
270.003
270.004
269.997
270
270
270
270
270
270
270
270
270
270
270
270
270
270
269.998
270.258
270.137
270.031
270.004
270.002
270.003
270.001
269.997
270
270
270
270
270
270
270
270
270
270
270
270
270
270
270
270.261
270.091
270.015
270.004
270.003
269.999
269.998
269.999
270
270
270
270
270
270
270
270
270
270
270
270
270
270
270.001
270.181
270.048
270.009
270.002
270
269.997
269.999
270.001
270
270
270
270
270
270
270
270
270
270
270
270
270
270
270.001
270.112
270.022
270.004
269.999
269.999
269.999
270
270.003
270
270.001
270
270
269.999
270
270
270.001
270.001
270
269.999
270
270.001
270
269.998
269.998
269.999
269.999
269.998
270
270
269.999
270
270
270.001
270.001
270.001
270
270.001
270.001
270.001
269.999
269.997
269.997
269.998
269.998
269.997
269.998
270
270
269.999
270
270
270.001
270
270.001
270.001
270.001
270
269.999
269.998
269.998
269.999
269.999
269.998
269.997
269.998
270
270
270
270
270
270
270.001
270.001
270.001
270.001
269.999
269.999
269.999
269.999
269.999
269.998
269.997
269.997
269.999
270
269.999
270
270
270
270.001
270.001
270.001
270.001
270
269.999
269.999
269.999
269.999
269.999
269.998
269.998
269.998
269.999
270
269.999
270
270
270.001
270.001
270.001
270.001
270.001
270
270
270
269.999
269.999
269.998
269.998
269.998
269.998
269.999
270
269.999
269.999
270
270.001
270.001
270.001
270.001
270.001
270.001
270
270
269.999
269.999
269.998
269.998
269.998
269.998
269.999
270
269.998
269.999
270
270
270
270.001
270.001
270.001
270.001
270
269.999
269.999
269.999
269.999
269.999
269.999
269.999
269.999
270
270
270
270
270
270
270
270
270
270
270
270
270
270
270.002
270.043
270.006
270
269.999
270
270.001
270.001
270.002
270
270
270
270
270
270
270
270
270
270
270
270
270
270
270.002
270.011
270.001
270
269.999
270
270.001
270.001
269.999
270
270
270
270
270
270
270
270
270
270
270
270
270
270
270.002
270.003
270
270
270.001
270
269.999
270
270.001
270
270
270
270
270
270
270
270
270
270
270
270
270
270
270.002
270.002
270
270
270
269.999
270
270
270
270
270
270
270
270
270
270
270
270
270
270
270
270
270
270.002
270.001
270
270
270
270
270.001
270.001
270.001
270
270
270
270
270
270
270
270
270
270
270
270
270
270.001
270.001
270
269.999
270
270
270.001
270.001
270
270
270
270
270
270
270
270
270
270
270
270
270
270
270
270.001
270
270
270
270
270
270.001
270.001
270
269.999
270
270
270
270
270
270
270
270
270
270
270
270
270
270.001
270
270
270
270.001
270.001
270.001
270.001
270
269.999
270
270
270
270
270
270
270
270
270
270
270
270
270
270.001
270
270.001
270
270.001
270.001
270.002
270
270
270
270
270
270
270
270
270
270
270
270
270
270
270
270
270.001
270.001
270
270
270.001
270.001
270.001
270
270
270
270
270
270
270
270
270
270
270
270
270
270
270
270
270.001
270.001
270
270.001
270.001
270.001
270.001
270
270
270
270
270
270
270
270
270
270
270
270
270
270
270
270
270.001
270
270
270.001
270.001
270.002
270
270
270
270
270
270
270
270
270
270
270
270
270
270
270
270
270
270
270
270
270.001
270
270
270
270
270
270
270
270
270
270
270
270
270
270
270
270
270
270
270
270.001
269.999
270
270.001
270
270
270.001
270
270.001
270.001
270
270
270
270
270
270
270
270
270
270
270
270
270
269.994
269.999
270
270
270.001
270
270.001
270.001
270.001
270.001
270
270
270
270
270
270
270
270
270
270
270
270
269.998
270.039
270.018
270.001
270
270.001
270.001
270.001
270.001
270.001
270.001
270
270
270
270
270
270
270
270
270
270
270
270.001
269.998
269.437
269.692
269.994
270.007
270.001
270.001
270.001
270.001
270.001
270
270
270
270
270
270
270
270
270
270
270
270
270.001
270
270.442
270.62
270.055
269.961
269.99
269.995
269.997
269.998
269.998
269.998
270
270
270
270
270
270
270
270
270
270
270
269.986
269.945
270.063
270.581
270.516
270.349
270.227
270.171
270.137
270.113
270.096
270.083
270
269.998
270
270
270
269.999
269.999
269.999
270
270.001
269.995
269.894
269.583
270.183
270.736
269.215
267.004
267.318
267.509
267.682
267.829
267.951
268.057
270
269.998
269.998
269.999
269.999
270
269.999
270
270
270.004
269.983
269.763
269.392
269.83
271.442
274.981
281.736
283.207
285.142
286.589
287.731
288.744
289.566
270
270
269.999
269.999
269.999
270
270
270
270
270.004
270
269.824
269.278
269.773
274.595
286.072
299.311
297.793
298.703
299.217
299.589
300.036
300.163
269.999
270
270
269.999
270
269.999
270
270
270
270.003
270.006
269.911
269.447
269.505
274.417
288.453
303.39
300.476
300.655
300.624
300.612
300.818
300.559
269.999
270
270
270
270
269.999
270
270
270
270.002
270.008
269.961
269.589
269.246
272.91
286.665
302.784
299.978
300.117
300.091
300.105
300.367
300.004
270
270
269.999
270.001
270
270
270
270
270
270.001
270.007
269.988
269.711
269.183
271.752
284.838
302.452
299.863
299.996
299.99
300.025
300.319
299.882
270
270.001
270
270
270
270
269.999
270
270
270.001
270.006
270.002
269.803
269.221
270.95
283.23
302.271
299.891
300
299.995
300.032
300.334
299.857
270
270
270.001
269.999
270
270
269.999
270
270
270
270.004
270.007
269.868
269.298
270.39
281.787
302.085
299.91
299.995
299.987
300.02
300.317
299.843
270
270
270
270
269.999
270
270
270
270
270
270.002
270.008
269.922
269.425
270.018
280.454
302.046
300.319
300.569
300.699
300.831
301.199
300.805
270
270
270
270.001
270
269.999
270
270
270
270
270
270.001
270.001
269.998
269.994
270.227
271.385
272.354
273.158
273.779
274.259
274.658
274.818
270
270
270
270
270
270
270
270
270
270
270
270
270.001
270.002
270.003
269.984
269.861
269.685
269.573
269.504
269.461
269.431
269.415
270
270.001
270.001
270
270
270
270
270
270
270
270
270
270.001
270.001
270.001
270.001
269.999
269.983
269.959
269.934
269.91
269.888
269.872
270
270.001
270.001
270.001
270
270
270
270
270
270
270
270
270.001
270.001
270
270
270
270.001
270.002
270.002
270.002
270.002
270.002
270.001
270.001
270.001
270.001
270
270
270
270
270
270
270
270
270
270
270
270
270
270
270
270
270.001
270.001
270.001
270.001
270.001
270.001
270.001
270
270
270
270
270
270
270
270
270
270
270
270
270.001
270.001
270
270
270
270
270
270.001
270.001
270.001
270.001
270.001
270.001
270.001
270.001
270
270
270
270
270
270
270.001
270.001
270.001
270.001
270
270
270
270
270
270.001
270.001
270.001
270.001
270.001
270.001
270.001
270.001
270.001
270.001
270.001
270.001
270.001
270.001
270.001
270.001
270.001
270.001
270
270
270
270
270
270.001
270.001
270.001
270.001
270.001
270.001
270.001
270.001
270.001
270.001
270.001
270.001
270.001
270.001
270.001
270.001
270.001
270.001
270
270
270
270
270
270.001
270.001
270.001
270.001
270.001
270.001
270.001
270.001
270.001
270.001
270.001
270.001
270.001
270.001
270.001
270.001
270.001
270
270
270
270
270
270
270
270
270
270
270.001
270.001
270.001
270.001
270.001
270.001
270.001
270.001
270.001
270.001
270.001
270.001
270
270
270
270
270
270
270
270
270
270
270
270
270
270
270
270
270
270
270
270.001
270.001
270.001
270
270
270
270
270
270
270
270
270
270
270
270
270
270
270
270
270
270
270
270
270
270
270
270
270
270
270
270
270
270
270
270
270
270
270
270
270
270
270
270
270
270
270
270
270
270
270
270
270
270
270
270
270
270
270.001
269.999
270
270.001
269.999
269.998
269.998
269.998
270
269.999
269.999
269.999
269.998
269.997
269.998
269.999
269.999
269.998
269.998
269.999
269.998
269.998
269.998
269.999
269.998
269.998
269.999
270
269.999
270
270
270
269.999
270
270
270
270
270
270
270
270
270
269.999
270
270
270
270
270
270.001
270.001
270.001
270.001
270.001
270.001
270.001
270.001
270.001
270.001
270.001
270
270.001
270.001
270
270
270.001
270
270
270
269.999
270
270
270
270.064
270
270
269.999
268.457
270.014
269.999
269.999
285.924
269.636
270
269.999
292.897
269.25
270.005
269.999
292.049
269.025
270.012
269.999
290.941
268.881
270.018
269.999
290.432
268.79
270.022
270
290.212
268.747
270.025
270
290.182
268.743
270.025
270
291.005
268.738
270.025
270
273.282
269.815
270.004
270
269.561
270.018
270
270.001
269.904
270.004
270
270
270.002
270
270
270
270.001
270
270
270
270
270
270
270
270
269.999
269.999
269.999
270
269.999
269.999
269.999
270
270
269.999
270
270
270
270
270
270
270
270
270
270.001
270
270
270
270
270
270
270
270
270
270
270
270
270
270
270.001
270.001
270
270
270
270.001
270
270
270
269.999
269.999
270
269.999
269.999
269.999
270
269.998
270
270
270.001
270.001
270.001
270.001
270.001
270.001
270
270
269.999
269.999
270
270
269.999
269.999
269.999
270
269.999
270
270
270
270.001
270.001
270.001
270.001
270.001
270
270
270
270
270
270
269.999
269.999
269.999
270
269.999
270
270
270
270.001
270.001
270.001
270.001
270.001
270
270
270
270
270
270
269.999
269.999
269.999
270
270
270
270
270
270
270
270.001
270.001
270.001
270
270
270
270
270
270
270
270
270
270
270
270
270
270
270
270.001
270.001
270.001
270.001
270
270
270
270
270
270
270
270
270
270
270
270
270
270
270
270.001
270.001
270.001
270.001
270
270
270
270
270
270
270
270
270
270
270
270
270
270
270
270.001
270.001
270.001
270
270
270
270
270
270
270
270
270
270
270
270
270
270
270
270.001
270.001
270.001
270.001
270
270
270
270
270
270
270
270
270
270
270
270
270
270
270
270.001
270.001
270.001
270
270
270
270
270
270
270
270
270
270
270
270
270
270
270
270
270.001
270
270
270
270
270
270
270
270
270
270
270
270
270
270
270
270
270
270
270
270
270
270
270
270
270
270
270
270
270
270
270
270
270
270
270
270
270
270
270
270
270
270
270
270
270
270
270
270
270
270
270
270
270
270
270
270
270
270
270
270
270
270
270
270
270
270
270
270
270
270
270
270
270
270
270
270
270
270
270
270
270
270
270
270
270
270
270
270
270.001
270
270
270
270
270
270
270
270
270
270
270
270
270
270
270
270
270
270
270.001
270
270
270
270
270
270
270
270
270
270
270
270
270
270
270
270
270
270
270
270
270
270
270
270
270
270
270
270
270
270
270
270
270
270
270
270
270
270
270
270
269.999
270
270
270
270
270
270
270
270
270
270
270
270
270
270
270
270
270
269.999
269.999
269.999
270
270
270
270
270
270
270
270
270
270
270
270
270
270
270
270
269.999
269.999
270
270
270
270
270
270
270
270
270
270
270
270
270
270
270
270
270
269.999
269.999
270
270
270
270
270
270
270
270
270
270
270
270
270
270
270
270
270
269.999
269.999
270
270
270
270
270
270
270
270.001
270.001
270.001
270.001
270
270
270
270
270
270
270
270
270
270
270
270
270
270
270.001
270.001
270.001
270.001
270.001
270
270
270
270
270
270
270
270
270
270
270
270
270
270
270.001
270.001
270.001
270.001
270.001
270
270
270
270
270
270
270
270
270
270
270
270
270
270.001
270.001
270.001
270.001
270.001
270.001
270
270
270
270
270
270
270
270
270
270
270
270
270.001
270.001
270.001
270.001
270.001
270.001
270.001
270
270
270
270
270
270
270
270
270
270
270
270.001
270.001
270.001
270.001
270.001
270.001
270.001
270
270
270
270
270
270
270
270
270
270
270
270.001
270.001
270.001
270.001
270.001
270.001
270.001
270.001
270
270
270
270
270
270
270
270
270
270
270.001
270.001
270.001
270.001
270.001
270.001
270.001
270.001
270.001
270
270
270
270
270
270
270
270
270
270
270
270.001
270.001
270.001
270.001
270.001
270.001
270.001
270.001
270
270
270
270
270
270
270
270
270
270
270
270
270.001
270.001
270.001
270.001
270
270
270.001
270.001
270
270
270
270
270
270
270
270
270
270
270
270
270
270
270
270
270
270.001
270.001
270.001
270
270
270
270
270
270
270
270
270
270
270
270
270
270
270
270
270.001
270.001
270.001
270.001
270
270
270
270
270
270
270
270
270
270
270
270
270
270
270
270.001
270.001
270.001
270.001
270
270
270
270
270
270
270
270
270
270
270
270
270
270
270
270.001
270.001
270.001
270.001
270
270
270
270
270
270
270
270
270
270
270
270
270
270
270
270.001
270.001
270.001
270.001
270
270
270
270
270
270
270
270
270
270
270
270
270
270
270
270.001
270.001
270.001
270
270
270
270
270
270
270
270
270
270
270
270
270
270
270
270
270
270
270
270
270
270
270
270
270
270
270
270
270
270
270
270
270
270
270
270
270
270
270
270
270
270
270
270
270
270
270
270
270
270
270
270
270
270
270
270
270
270
270
270
270
270
270
270
270
270
270
270
270
270
270
270
270
270
270
270
270
270
270
270
270
)
;

boundaryField
{
    leftWall
    {
        type            zeroGradient;
    }
    rightWall
    {
        type            zeroGradient;
    }
    lowerWall
    {
        type            zeroGradient;
    }
    atmosphere
    {
        type            zeroGradient;
    }
    defaultFaces
    {
        type            empty;
    }
}


// ************************************************************************* //
