/*--------------------------------*- C++ -*----------------------------------*\
| =========                 |                                                 |
| \\      /  F ield         | OpenFOAM: The Open Source CFD Toolbox           |
|  \\    /   O peration     | Version:  2.3.0                                 |
|   \\  /    A nd           | Web:      www.OpenFOAM.org                      |
|    \\/     M anipulation  |                                                 |
\*---------------------------------------------------------------------------*/
FoamFile
{
    version     2.0;
    format      ascii;
    class       volVectorField;
    location    "0.5";
    object      B;
}
// * * * * * * * * * * * * * * * * * * * * * * * * * * * * * * * * * * * * * //

dimensions      [1 0 -2 0 0 -1 0];

internalField   nonuniform List<vector> 
4000
(
(0.47361 20.0331 0)
(0.499875 19.9978 0)
(0.486543 19.9918 0)
(0.492204 19.9923 0)
(0.491915 19.9938 0)
(0.493184 19.9955 0)
(0.493232 19.9968 0)
(0.493484 19.9978 0)
(0.493516 19.9985 0)
(0.493576 19.999 0)
(0.493586 19.9993 0)
(0.493593 19.9996 0)
(0.493586 19.9997 0)
(0.493576 19.9998 0)
(0.493564 19.9999 0)
(0.493552 19.9999 0)
(0.493541 20 0)
(0.493532 20 0)
(0.493525 20 0)
(0.493519 20 0)
(0.493515 20 0)
(0.493512 20 0)
(0.49351 20 0)
(0.493509 20 0)
(0.493508 20 0)
(0.493507 20 0)
(0.493507 20 0)
(0.493507 20 0)
(0.493506 20 0)
(0.493506 20 0)
(0.493506 20 0)
(0.493506 20 0)
(0.493506 20 0)
(0.493506 20 0)
(0.493506 20 0)
(0.493506 20 0)
(0.493506 20 0)
(0.493506 20 0)
(0.493506 20 0)
(0.493506 20 0)
(0.493506 20 0)
(0.493506 20 0)
(0.493506 20 0)
(0.493506 20 0)
(0.493506 20 0)
(0.493506 20 0)
(0.493506 20 0)
(0.493506 20 0)
(0.493506 20 0)
(0.493506 20 0)
(0.493506 20 0)
(0.493506 20 0)
(0.493506 20 0)
(0.493506 20 0)
(0.493506 20 0)
(0.493506 20 0)
(0.493506 20 0)
(0.493506 20 0)
(0.493506 20 0)
(0.493506 20 0)
(0.493506 20 0)
(0.493506 20 0)
(0.493506 20 0)
(0.493506 20 0)
(0.493506 20 0)
(0.493506 20 0)
(0.493506 20 0)
(0.493506 20 0)
(0.493506 20 0)
(0.493506 20 0)
(0.493506 20 0)
(0.493506 20 0)
(0.493506 20 0)
(0.493506 20 0)
(0.493506 20 0)
(0.493506 20 0)
(0.493506 20 0)
(0.493506 20 0)
(0.493506 20 0)
(0.493506 20 0)
(0.493506 20 0)
(0.493506 20 0)
(0.493506 20 0)
(0.493506 20 0)
(0.493506 20 0)
(0.493506 20 0)
(0.493506 20 0)
(0.493505 20 0)
(0.493505 20 0)
(0.493505 20 0)
(0.493505 20 0)
(0.493506 20 0)
(0.493508 20 0)
(0.493513 20 0)
(0.493524 20 0)
(0.493545 20 0)
(0.493586 20 0)
(0.493591 20.0001 0)
(0.493547 20.0004 0)
(0.492784 20.0007 0)
(0.720678 20.0089 0)
(0.770422 19.9816 0)
(0.769055 19.9754 0)
(0.779963 19.9779 0)
(0.781275 19.9826 0)
(0.784035 19.9876 0)
(0.784921 19.9915 0)
(0.785907 19.9944 0)
(0.786458 19.9965 0)
(0.786932 19.998 0)
(0.787244 19.9991 0)
(0.787476 19.9998 0)
(0.787629 20.0003 0)
(0.787732 20.0006 0)
(0.787797 20.0009 0)
(0.787836 20.001 0)
(0.787858 20.0011 0)
(0.787871 20.0011 0)
(0.787877 20.0011 0)
(0.787879 20.0011 0)
(0.78788 20.0012 0)
(0.78788 20.0012 0)
(0.78788 20.0012 0)
(0.78788 20.0012 0)
(0.787879 20.0012 0)
(0.787879 20.0012 0)
(0.787878 20.0012 0)
(0.787878 20.0012 0)
(0.787878 20.0012 0)
(0.787878 20.0012 0)
(0.787878 20.0012 0)
(0.787878 20.0012 0)
(0.787878 20.0012 0)
(0.787878 20.0012 0)
(0.787878 20.0012 0)
(0.787878 20.0012 0)
(0.787878 20.0012 0)
(0.787878 20.0012 0)
(0.787878 20.0012 0)
(0.787878 20.0012 0)
(0.787878 20.0012 0)
(0.787878 20.0012 0)
(0.787878 20.0012 0)
(0.787878 20.0012 0)
(0.787878 20.0012 0)
(0.787878 20.0012 0)
(0.787878 20.0012 0)
(0.787878 20.0012 0)
(0.787878 20.0012 0)
(0.787878 20.0012 0)
(0.787878 20.0012 0)
(0.787878 20.0012 0)
(0.787878 20.0012 0)
(0.787878 20.0012 0)
(0.787878 20.0012 0)
(0.787878 20.0012 0)
(0.787878 20.0012 0)
(0.787878 20.0012 0)
(0.787878 20.0012 0)
(0.787878 20.0012 0)
(0.787878 20.0012 0)
(0.787878 20.0012 0)
(0.787878 20.0012 0)
(0.787878 20.0012 0)
(0.787878 20.0012 0)
(0.787878 20.0012 0)
(0.787878 20.0012 0)
(0.787878 20.0012 0)
(0.787878 20.0012 0)
(0.787878 20.0012 0)
(0.787878 20.0012 0)
(0.787878 20.0012 0)
(0.787878 20.0012 0)
(0.787878 20.0012 0)
(0.787878 20.0012 0)
(0.787878 20.0012 0)
(0.787878 20.0012 0)
(0.787878 20.0012 0)
(0.787878 20.0012 0)
(0.787878 20.0012 0)
(0.787878 20.0012 0)
(0.787878 20.0012 0)
(0.787878 20.0012 0)
(0.787878 20.0012 0)
(0.787878 20.0012 0)
(0.787878 20.0012 0)
(0.787878 20.0012 0)
(0.787879 20.0012 0)
(0.78788 20.0012 0)
(0.787882 20.0012 0)
(0.787887 20.0011 0)
(0.787894 20.0011 0)
(0.787908 20.0011 0)
(0.787932 20.0011 0)
(0.787976 20.0011 0)
(0.788049 20.0011 0)
(0.788178 20.0012 0)
(0.788322 20.0015 0)
(0.788444 20.0023 0)
(0.78739 20.0033 0)
(0.755199 19.9459 0)
(0.808176 19.954 0)
(0.821526 19.9558 0)
(0.836179 19.9619 0)
(0.839611 19.9702 0)
(0.843548 19.9785 0)
(0.84537 19.9849 0)
(0.847088 19.9897 0)
(0.848228 19.9932 0)
(0.84916 19.9958 0)
(0.849826 19.9975 0)
(0.850324 19.9988 0)
(0.850673 19.9996 0)
(0.850917 20.0002 0)
(0.851082 20.0005 0)
(0.851191 20.0008 0)
(0.85126 20.0009 0)
(0.851304 20.001 0)
(0.851331 20.001 0)
(0.851347 20.0011 0)
(0.851357 20.0011 0)
(0.851363 20.0011 0)
(0.851366 20.0011 0)
(0.851368 20.0011 0)
(0.851369 20.0011 0)
(0.851369 20.0011 0)
(0.851369 20.0011 0)
(0.85137 20.0011 0)
(0.85137 20.0011 0)
(0.85137 20.0011 0)
(0.85137 20.0011 0)
(0.85137 20.0011 0)
(0.85137 20.0011 0)
(0.85137 20.0011 0)
(0.85137 20.0011 0)
(0.85137 20.0011 0)
(0.85137 20.0011 0)
(0.85137 20.0011 0)
(0.85137 20.0011 0)
(0.85137 20.0011 0)
(0.85137 20.0011 0)
(0.85137 20.0011 0)
(0.85137 20.0011 0)
(0.85137 20.0011 0)
(0.85137 20.0011 0)
(0.85137 20.0011 0)
(0.85137 20.0011 0)
(0.85137 20.0011 0)
(0.85137 20.0011 0)
(0.85137 20.0011 0)
(0.85137 20.0011 0)
(0.85137 20.0011 0)
(0.85137 20.0011 0)
(0.85137 20.0011 0)
(0.85137 20.0011 0)
(0.85137 20.0011 0)
(0.85137 20.0011 0)
(0.85137 20.0011 0)
(0.85137 20.0011 0)
(0.85137 20.0011 0)
(0.85137 20.0011 0)
(0.85137 20.0011 0)
(0.85137 20.0011 0)
(0.85137 20.0011 0)
(0.85137 20.0011 0)
(0.85137 20.0011 0)
(0.85137 20.0011 0)
(0.85137 20.0011 0)
(0.85137 20.0011 0)
(0.85137 20.0011 0)
(0.85137 20.0011 0)
(0.85137 20.0011 0)
(0.85137 20.0011 0)
(0.85137 20.0011 0)
(0.85137 20.0011 0)
(0.85137 20.0011 0)
(0.85137 20.0011 0)
(0.85137 20.0011 0)
(0.85137 20.0011 0)
(0.85137 20.0011 0)
(0.85137 20.0011 0)
(0.85137 20.0011 0)
(0.85137 20.0011 0)
(0.85137 20.0011 0)
(0.85137 20.0011 0)
(0.851371 20.0011 0)
(0.851372 20.0011 0)
(0.851373 20.0011 0)
(0.851376 20.0011 0)
(0.851381 20.0011 0)
(0.85139 20.0011 0)
(0.851406 20.001 0)
(0.851433 20.001 0)
(0.85148 20.001 0)
(0.851559 20.0009 0)
(0.851693 20.0009 0)
(0.851928 20.001 0)
(0.852285 20.0015 0)
(0.852765 20.0027 0)
(0.852447 20.0044 0)
(0.726913 19.8841 0)
(0.774967 19.921 0)
(0.798455 19.9341 0)
(0.815931 19.9454 0)
(0.821449 19.9578 0)
(0.826403 19.9691 0)
(0.829088 19.978 0)
(0.831458 19.9847 0)
(0.833137 19.9896 0)
(0.834491 19.9932 0)
(0.835485 19.9957 0)
(0.836231 19.9974 0)
(0.836766 19.9986 0)
(0.837145 19.9994 0)
(0.837407 19.9999 0)
(0.837583 20.0003 0)
(0.8377 20.0005 0)
(0.837775 20.0006 0)
(0.837824 20.0007 0)
(0.837854 20.0007 0)
(0.837873 20.0007 0)
(0.837884 20.0007 0)
(0.837891 20.0007 0)
(0.837895 20.0007 0)
(0.837898 20.0007 0)
(0.837899 20.0007 0)
(0.8379 20.0007 0)
(0.837901 20.0007 0)
(0.837901 20.0007 0)
(0.837901 20.0007 0)
(0.837901 20.0007 0)
(0.837902 20.0007 0)
(0.837902 20.0007 0)
(0.837902 20.0007 0)
(0.837902 20.0007 0)
(0.837902 20.0007 0)
(0.837902 20.0007 0)
(0.837902 20.0007 0)
(0.837902 20.0007 0)
(0.837902 20.0007 0)
(0.837902 20.0007 0)
(0.837902 20.0007 0)
(0.837902 20.0007 0)
(0.837902 20.0007 0)
(0.837902 20.0007 0)
(0.837902 20.0007 0)
(0.837902 20.0007 0)
(0.837902 20.0007 0)
(0.837902 20.0007 0)
(0.837902 20.0007 0)
(0.837902 20.0007 0)
(0.837902 20.0007 0)
(0.837902 20.0007 0)
(0.837902 20.0007 0)
(0.837902 20.0007 0)
(0.837902 20.0007 0)
(0.837902 20.0007 0)
(0.837902 20.0007 0)
(0.837902 20.0007 0)
(0.837902 20.0007 0)
(0.837902 20.0007 0)
(0.837902 20.0007 0)
(0.837902 20.0007 0)
(0.837902 20.0007 0)
(0.837902 20.0007 0)
(0.837902 20.0007 0)
(0.837902 20.0007 0)
(0.837902 20.0007 0)
(0.837902 20.0007 0)
(0.837902 20.0007 0)
(0.837902 20.0007 0)
(0.837902 20.0007 0)
(0.837902 20.0007 0)
(0.837902 20.0007 0)
(0.837902 20.0007 0)
(0.837902 20.0007 0)
(0.837902 20.0007 0)
(0.837902 20.0007 0)
(0.837902 20.0007 0)
(0.837902 20.0007 0)
(0.837902 20.0007 0)
(0.837902 20.0007 0)
(0.837902 20.0007 0)
(0.837902 20.0007 0)
(0.837903 20.0007 0)
(0.837904 20.0007 0)
(0.837905 20.0007 0)
(0.837908 20.0007 0)
(0.837912 20.0007 0)
(0.83792 20.0007 0)
(0.837934 20.0007 0)
(0.837958 20.0007 0)
(0.837998 20.0006 0)
(0.838067 20.0006 0)
(0.838183 20.0005 0)
(0.838384 20.0005 0)
(0.838737 20.0006 0)
(0.839347 20.0011 0)
(0.840284 20.0026 0)
(0.841142 20.0045 0)
(0.681479 19.8323 0)
(0.722372 19.8868 0)
(0.751562 19.9116 0)
(0.77099 19.9289 0)
(0.778325 19.9456 0)
(0.784144 19.96 0)
(0.787569 19.9714 0)
(0.790487 19.9799 0)
(0.792623 19.9862 0)
(0.794332 19.9908 0)
(0.795606 19.994 0)
(0.796565 19.9963 0)
(0.797259 19.9978 0)
(0.797756 19.9988 0)
(0.798101 19.9995 0)
(0.798337 20 0)
(0.798495 20.0002 0)
(0.798599 20.0004 0)
(0.798666 20.0005 0)
(0.798709 20.0005 0)
(0.798736 20.0006 0)
(0.798753 20.0006 0)
(0.798763 20.0006 0)
(0.79877 20.0006 0)
(0.798774 20.0006 0)
(0.798776 20.0006 0)
(0.798778 20.0006 0)
(0.798779 20.0006 0)
(0.798779 20.0006 0)
(0.79878 20.0006 0)
(0.79878 20.0006 0)
(0.79878 20.0006 0)
(0.79878 20.0006 0)
(0.79878 20.0006 0)
(0.79878 20.0006 0)
(0.79878 20.0006 0)
(0.79878 20.0006 0)
(0.79878 20.0006 0)
(0.79878 20.0006 0)
(0.798781 20.0006 0)
(0.798781 20.0006 0)
(0.798781 20.0006 0)
(0.798781 20.0006 0)
(0.798781 20.0006 0)
(0.798781 20.0006 0)
(0.798781 20.0006 0)
(0.798781 20.0006 0)
(0.798781 20.0006 0)
(0.798781 20.0006 0)
(0.798781 20.0006 0)
(0.798781 20.0006 0)
(0.798781 20.0006 0)
(0.798781 20.0006 0)
(0.79878 20.0006 0)
(0.79878 20.0006 0)
(0.79878 20.0006 0)
(0.79878 20.0006 0)
(0.79878 20.0006 0)
(0.79878 20.0006 0)
(0.79878 20.0006 0)
(0.79878 20.0006 0)
(0.79878 20.0006 0)
(0.79878 20.0006 0)
(0.79878 20.0006 0)
(0.79878 20.0006 0)
(0.79878 20.0006 0)
(0.79878 20.0006 0)
(0.79878 20.0006 0)
(0.79878 20.0006 0)
(0.79878 20.0006 0)
(0.79878 20.0006 0)
(0.79878 20.0006 0)
(0.79878 20.0006 0)
(0.79878 20.0006 0)
(0.79878 20.0006 0)
(0.79878 20.0006 0)
(0.79878 20.0006 0)
(0.79878 20.0006 0)
(0.79878 20.0006 0)
(0.798781 20.0006 0)
(0.798781 20.0006 0)
(0.798781 20.0006 0)
(0.798781 20.0006 0)
(0.798781 20.0006 0)
(0.798782 20.0006 0)
(0.798783 20.0006 0)
(0.798785 20.0006 0)
(0.798789 20.0006 0)
(0.798795 20.0006 0)
(0.798805 20.0006 0)
(0.798824 20.0006 0)
(0.798855 20.0005 0)
(0.798907 20.0005 0)
(0.798997 20.0004 0)
(0.79915 20.0003 0)
(0.799419 20.0003 0)
(0.799896 20.0003 0)
(0.800769 20.0008 0)
(0.802182 20.0023 0)
(0.804197 20.0042 0)
(0.632589 19.7891 0)
(0.666428 19.8534 0)
(0.698097 19.8888 0)
(0.71865 19.9127 0)
(0.727432 19.9338 0)
(0.733944 19.9513 0)
(0.73797 19.965 0)
(0.741324 19.9753 0)
(0.743824 19.9829 0)
(0.745817 19.9885 0)
(0.747316 19.9924 0)
(0.748446 19.9952 0)
(0.749269 19.9971 0)
(0.749861 19.9984 0)
(0.750275 19.9992 0)
(0.75056 19.9997 0)
(0.750752 20.0001 0)
(0.750879 20.0003 0)
(0.750962 20.0004 0)
(0.751016 20.0005 0)
(0.75105 20.0005 0)
(0.751072 20.0005 0)
(0.751086 20.0005 0)
(0.751094 20.0005 0)
(0.751099 20.0005 0)
(0.751102 20.0006 0)
(0.751105 20.0006 0)
(0.751106 20.0006 0)
(0.751107 20.0006 0)
(0.751107 20.0006 0)
(0.751107 20.0006 0)
(0.751108 20.0006 0)
(0.751108 20.0006 0)
(0.751108 20.0006 0)
(0.751108 20.0006 0)
(0.751108 20.0006 0)
(0.751108 20.0006 0)
(0.751108 20.0006 0)
(0.751108 20.0006 0)
(0.751108 20.0006 0)
(0.751108 20.0006 0)
(0.751108 20.0006 0)
(0.751108 20.0006 0)
(0.751108 20.0006 0)
(0.751108 20.0006 0)
(0.751108 20.0006 0)
(0.751108 20.0006 0)
(0.751108 20.0006 0)
(0.751108 20.0006 0)
(0.751108 20.0006 0)
(0.751108 20.0006 0)
(0.751108 20.0006 0)
(0.751108 20.0006 0)
(0.751108 20.0006 0)
(0.751108 20.0006 0)
(0.751108 20.0006 0)
(0.751108 20.0006 0)
(0.751108 20.0006 0)
(0.751108 20.0006 0)
(0.751108 20.0006 0)
(0.751108 20.0006 0)
(0.751108 20.0006 0)
(0.751108 20.0006 0)
(0.751108 20.0006 0)
(0.751108 20.0006 0)
(0.751108 20.0006 0)
(0.751108 20.0006 0)
(0.751108 20.0006 0)
(0.751108 20.0006 0)
(0.751108 20.0006 0)
(0.751108 20.0006 0)
(0.751108 20.0006 0)
(0.751108 20.0006 0)
(0.751108 20.0006 0)
(0.751108 20.0006 0)
(0.751108 20.0006 0)
(0.751108 20.0006 0)
(0.751108 20.0006 0)
(0.751108 20.0006 0)
(0.751108 20.0006 0)
(0.751108 20.0006 0)
(0.751108 20.0006 0)
(0.751109 20.0006 0)
(0.751109 20.0006 0)
(0.75111 20.0006 0)
(0.751111 20.0005 0)
(0.751114 20.0005 0)
(0.751118 20.0005 0)
(0.751126 20.0005 0)
(0.751139 20.0005 0)
(0.75116 20.0005 0)
(0.751198 20.0005 0)
(0.751261 20.0004 0)
(0.75137 20.0003 0)
(0.751558 20.0002 0)
(0.751893 20.0001 0)
(0.752492 20.0001 0)
(0.753619 20.0005 0)
(0.755468 20.0018 0)
(0.758433 20.0035 0)
(0.584097 19.7526 0)
(0.611752 19.8217 0)
(0.643732 19.8663 0)
(0.664674 19.8968 0)
(0.674499 19.9223 0)
(0.681517 19.9428 0)
(0.685999 19.9587 0)
(0.689676 19.9708 0)
(0.692448 19.9797 0)
(0.694653 19.9862 0)
(0.69632 19.9908 0)
(0.697579 19.9941 0)
(0.6985 19.9964 0)
(0.699164 19.9979 0)
(0.699631 19.9989 0)
(0.699954 19.9995 0)
(0.700172 19.9999 0)
(0.700318 20.0002 0)
(0.700414 20.0003 0)
(0.700477 20.0004 0)
(0.700517 20.0005 0)
(0.700542 20.0005 0)
(0.700558 20.0005 0)
(0.700568 20.0005 0)
(0.700575 20.0005 0)
(0.700579 20.0005 0)
(0.700581 20.0005 0)
(0.700583 20.0005 0)
(0.700584 20.0005 0)
(0.700584 20.0005 0)
(0.700585 20.0005 0)
(0.700585 20.0005 0)
(0.700585 20.0005 0)
(0.700585 20.0005 0)
(0.700585 20.0005 0)
(0.700585 20.0005 0)
(0.700585 20.0005 0)
(0.700585 20.0005 0)
(0.700585 20.0005 0)
(0.700585 20.0005 0)
(0.700585 20.0005 0)
(0.700585 20.0005 0)
(0.700585 20.0005 0)
(0.700585 20.0005 0)
(0.700585 20.0005 0)
(0.700585 20.0005 0)
(0.700585 20.0005 0)
(0.700585 20.0005 0)
(0.700585 20.0005 0)
(0.700585 20.0005 0)
(0.700585 20.0005 0)
(0.700585 20.0005 0)
(0.700585 20.0005 0)
(0.700585 20.0005 0)
(0.700585 20.0005 0)
(0.700585 20.0005 0)
(0.700585 20.0005 0)
(0.700585 20.0005 0)
(0.700585 20.0005 0)
(0.700585 20.0005 0)
(0.700585 20.0005 0)
(0.700585 20.0005 0)
(0.700585 20.0005 0)
(0.700585 20.0005 0)
(0.700585 20.0005 0)
(0.700585 20.0005 0)
(0.700585 20.0005 0)
(0.700585 20.0005 0)
(0.700585 20.0005 0)
(0.700585 20.0005 0)
(0.700585 20.0005 0)
(0.700585 20.0005 0)
(0.700585 20.0005 0)
(0.700585 20.0005 0)
(0.700585 20.0005 0)
(0.700585 20.0005 0)
(0.700585 20.0005 0)
(0.700585 20.0005 0)
(0.700585 20.0005 0)
(0.700586 20.0005 0)
(0.700586 20.0005 0)
(0.700586 20.0005 0)
(0.700586 20.0005 0)
(0.700587 20.0005 0)
(0.700588 20.0005 0)
(0.700589 20.0005 0)
(0.700592 20.0005 0)
(0.700597 20.0005 0)
(0.700606 20.0005 0)
(0.70062 20.0005 0)
(0.700645 20.0005 0)
(0.700688 20.0004 0)
(0.700761 20.0004 0)
(0.700887 20.0002 0)
(0.701106 20.0001 0)
(0.701502 19.9999 0)
(0.702211 19.9998 0)
(0.703566 20.0001 0)
(0.705785 20.0011 0)
(0.709453 20.0024 0)
(0.536853 19.7218 0)
(0.559335 19.7923 0)
(0.590239 19.8445 0)
(0.610952 19.8815 0)
(0.621421 19.9112 0)
(0.628751 19.9346 0)
(0.633545 19.9527 0)
(0.637435 19.9664 0)
(0.640389 19.9766 0)
(0.642735 19.984 0)
(0.644516 19.9893 0)
(0.645864 19.993 0)
(0.646852 19.9956 0)
(0.647566 19.9974 0)
(0.64807 19.9985 0)
(0.64842 19.9993 0)
(0.648658 19.9998 0)
(0.648817 20.0001 0)
(0.648922 20.0003 0)
(0.648991 20.0004 0)
(0.649035 20.0004 0)
(0.649064 20.0005 0)
(0.649082 20.0005 0)
(0.649093 20.0005 0)
(0.6491 20.0005 0)
(0.649105 20.0005 0)
(0.649108 20.0005 0)
(0.649109 20.0005 0)
(0.649111 20.0005 0)
(0.649111 20.0005 0)
(0.649112 20.0005 0)
(0.649112 20.0005 0)
(0.649112 20.0005 0)
(0.649112 20.0005 0)
(0.649112 20.0005 0)
(0.649112 20.0005 0)
(0.649113 20.0005 0)
(0.649113 20.0005 0)
(0.649113 20.0005 0)
(0.649113 20.0005 0)
(0.649113 20.0005 0)
(0.649113 20.0005 0)
(0.649113 20.0005 0)
(0.649113 20.0005 0)
(0.649113 20.0005 0)
(0.649113 20.0005 0)
(0.649113 20.0005 0)
(0.649113 20.0005 0)
(0.649113 20.0005 0)
(0.649113 20.0005 0)
(0.649113 20.0005 0)
(0.649113 20.0005 0)
(0.649113 20.0005 0)
(0.649113 20.0005 0)
(0.649113 20.0005 0)
(0.649113 20.0005 0)
(0.649113 20.0005 0)
(0.649113 20.0005 0)
(0.649113 20.0005 0)
(0.649113 20.0005 0)
(0.649113 20.0005 0)
(0.649113 20.0005 0)
(0.649113 20.0005 0)
(0.649113 20.0005 0)
(0.649113 20.0005 0)
(0.649113 20.0005 0)
(0.649113 20.0005 0)
(0.649113 20.0005 0)
(0.649113 20.0005 0)
(0.649113 20.0005 0)
(0.649113 20.0005 0)
(0.649113 20.0005 0)
(0.649113 20.0005 0)
(0.649113 20.0005 0)
(0.649113 20.0005 0)
(0.649113 20.0005 0)
(0.649113 20.0005 0)
(0.649113 20.0005 0)
(0.649113 20.0005 0)
(0.649113 20.0005 0)
(0.649113 20.0005 0)
(0.649113 20.0005 0)
(0.649113 20.0005 0)
(0.649114 20.0005 0)
(0.649115 20.0005 0)
(0.649117 20.0005 0)
(0.64912 20.0005 0)
(0.649126 20.0005 0)
(0.649135 20.0005 0)
(0.649151 20.0005 0)
(0.649178 20.0004 0)
(0.649225 20.0004 0)
(0.649305 20.0003 0)
(0.649446 20.0002 0)
(0.649691 20 0)
(0.650139 19.9997 0)
(0.650944 19.9995 0)
(0.652488 19.9995 0)
(0.654992 20.0001 0)
(0.659132 20.0009 0)
(0.490842 19.6955 0)
(0.509084 19.7655 0)
(0.53807 19.8239 0)
(0.558065 19.8668 0)
(0.568808 19.9006 0)
(0.576257 19.9268 0)
(0.581222 19.947 0)
(0.585219 19.9622 0)
(0.588271 19.9735 0)
(0.590691 19.9818 0)
(0.592534 19.9878 0)
(0.593929 19.992 0)
(0.594956 19.9949 0)
(0.595699 19.9969 0)
(0.596225 19.9982 0)
(0.596591 19.9991 0)
(0.59684 19.9996 0)
(0.597008 20 0)
(0.59712 20.0002 0)
(0.597193 20.0003 0)
(0.59724 20.0004 0)
(0.59727 20.0004 0)
(0.59729 20.0005 0)
(0.597302 20.0005 0)
(0.59731 20.0005 0)
(0.597314 20.0005 0)
(0.597318 20.0005 0)
(0.59732 20.0005 0)
(0.597321 20.0005 0)
(0.597322 20.0005 0)
(0.597322 20.0005 0)
(0.597322 20.0005 0)
(0.597323 20.0005 0)
(0.597323 20.0005 0)
(0.597323 20.0005 0)
(0.597323 20.0005 0)
(0.597323 20.0005 0)
(0.597323 20.0005 0)
(0.597323 20.0005 0)
(0.597323 20.0005 0)
(0.597323 20.0005 0)
(0.597323 20.0005 0)
(0.597323 20.0005 0)
(0.597323 20.0005 0)
(0.597323 20.0005 0)
(0.597323 20.0005 0)
(0.597323 20.0005 0)
(0.597323 20.0005 0)
(0.597323 20.0005 0)
(0.597323 20.0005 0)
(0.597323 20.0005 0)
(0.597323 20.0005 0)
(0.597323 20.0005 0)
(0.597323 20.0005 0)
(0.597323 20.0005 0)
(0.597323 20.0005 0)
(0.597323 20.0005 0)
(0.597323 20.0005 0)
(0.597323 20.0005 0)
(0.597323 20.0005 0)
(0.597323 20.0005 0)
(0.597323 20.0005 0)
(0.597323 20.0005 0)
(0.597323 20.0005 0)
(0.597323 20.0005 0)
(0.597323 20.0005 0)
(0.597323 20.0005 0)
(0.597323 20.0005 0)
(0.597323 20.0005 0)
(0.597323 20.0005 0)
(0.597323 20.0005 0)
(0.597323 20.0005 0)
(0.597323 20.0005 0)
(0.597323 20.0005 0)
(0.597323 20.0005 0)
(0.597323 20.0005 0)
(0.597323 20.0005 0)
(0.597323 20.0005 0)
(0.597323 20.0005 0)
(0.597323 20.0005 0)
(0.597323 20.0005 0)
(0.597324 20.0005 0)
(0.597324 20.0005 0)
(0.597325 20.0005 0)
(0.597326 20.0005 0)
(0.597328 20.0005 0)
(0.597331 20.0005 0)
(0.597337 20.0005 0)
(0.597347 20.0005 0)
(0.597364 20.0004 0)
(0.597393 20.0004 0)
(0.597443 20.0003 0)
(0.597528 20.0002 0)
(0.597679 20.0001 0)
(0.597945 19.9998 0)
(0.598435 19.9995 0)
(0.599314 19.9992 0)
(0.600999 19.9989 0)
(0.603699 19.999 0)
(0.608106 19.9993 0)
(0.445858 19.6731 0)
(0.460647 19.7414 0)
(0.487241 19.8047 0)
(0.506143 19.8529 0)
(0.516831 19.8905 0)
(0.524217 19.9194 0)
(0.529218 19.9415 0)
(0.533222 19.9582 0)
(0.53629 19.9707 0)
(0.538722 19.9798 0)
(0.540577 19.9864 0)
(0.541984 19.991 0)
(0.543021 19.9942 0)
(0.543772 19.9964 0)
(0.544305 19.9979 0)
(0.544677 19.9989 0)
(0.544932 19.9995 0)
(0.545103 19.9999 0)
(0.545218 20.0001 0)
(0.545293 20.0003 0)
(0.545341 20.0003 0)
(0.545373 20.0004 0)
(0.545393 20.0004 0)
(0.545406 20.0005 0)
(0.545414 20.0005 0)
(0.545419 20.0005 0)
(0.545422 20.0005 0)
(0.545424 20.0005 0)
(0.545426 20.0005 0)
(0.545426 20.0005 0)
(0.545427 20.0005 0)
(0.545427 20.0005 0)
(0.545428 20.0005 0)
(0.545428 20.0005 0)
(0.545428 20.0005 0)
(0.545428 20.0005 0)
(0.545428 20.0005 0)
(0.545428 20.0005 0)
(0.545428 20.0005 0)
(0.545428 20.0005 0)
(0.545428 20.0005 0)
(0.545428 20.0005 0)
(0.545428 20.0005 0)
(0.545428 20.0005 0)
(0.545428 20.0005 0)
(0.545428 20.0005 0)
(0.545428 20.0005 0)
(0.545428 20.0005 0)
(0.545428 20.0005 0)
(0.545428 20.0005 0)
(0.545428 20.0005 0)
(0.545428 20.0005 0)
(0.545428 20.0005 0)
(0.545428 20.0005 0)
(0.545428 20.0005 0)
(0.545428 20.0005 0)
(0.545428 20.0005 0)
(0.545428 20.0005 0)
(0.545428 20.0005 0)
(0.545428 20.0005 0)
(0.545428 20.0005 0)
(0.545428 20.0005 0)
(0.545428 20.0005 0)
(0.545428 20.0005 0)
(0.545428 20.0005 0)
(0.545428 20.0005 0)
(0.545428 20.0005 0)
(0.545428 20.0005 0)
(0.545428 20.0005 0)
(0.545428 20.0005 0)
(0.545428 20.0005 0)
(0.545428 20.0005 0)
(0.545428 20.0005 0)
(0.545428 20.0005 0)
(0.545428 20.0005 0)
(0.545428 20.0005 0)
(0.545428 20.0005 0)
(0.545428 20.0005 0)
(0.545428 20.0005 0)
(0.545428 20.0005 0)
(0.545428 20.0005 0)
(0.545429 20.0005 0)
(0.545429 20.0005 0)
(0.54543 20.0005 0)
(0.545431 20.0005 0)
(0.545433 20.0005 0)
(0.545436 20.0005 0)
(0.545442 20.0005 0)
(0.545453 20.0004 0)
(0.54547 20.0004 0)
(0.5455 20.0004 0)
(0.545551 20.0003 0)
(0.54564 20.0002 0)
(0.545798 20 0)
(0.546078 19.9997 0)
(0.546596 19.9993 0)
(0.547525 19.9988 0)
(0.549299 19.9982 0)
(0.552104 19.9977 0)
(0.556603 19.9974 0)
(0.401686 19.6539 0)
(0.413667 19.7199 0)
(0.437628 19.787 0)
(0.455158 19.84 0)
(0.465508 19.8812 0)
(0.472665 19.9125 0)
(0.477575 19.9365 0)
(0.481492 19.9545 0)
(0.484502 19.968 0)
(0.486887 19.9779 0)
(0.488709 19.985 0)
(0.490092 19.9901 0)
(0.491113 19.9936 0)
(0.491854 19.996 0)
(0.492381 19.9976 0)
(0.492749 19.9987 0)
(0.493002 19.9993 0)
(0.493172 19.9998 0)
(0.493286 20 0)
(0.493361 20.0002 0)
(0.49341 20.0003 0)
(0.493442 20.0004 0)
(0.493462 20.0004 0)
(0.493475 20.0004 0)
(0.493483 20.0004 0)
(0.493488 20.0005 0)
(0.493492 20.0005 0)
(0.493494 20.0005 0)
(0.493495 20.0005 0)
(0.493496 20.0005 0)
(0.493497 20.0005 0)
(0.493497 20.0005 0)
(0.493497 20.0005 0)
(0.493497 20.0005 0)
(0.493498 20.0005 0)
(0.493498 20.0005 0)
(0.493498 20.0005 0)
(0.493498 20.0005 0)
(0.493498 20.0005 0)
(0.493498 20.0005 0)
(0.493498 20.0005 0)
(0.493498 20.0005 0)
(0.493498 20.0005 0)
(0.493498 20.0005 0)
(0.493498 20.0005 0)
(0.493498 20.0005 0)
(0.493498 20.0005 0)
(0.493498 20.0005 0)
(0.493498 20.0005 0)
(0.493498 20.0005 0)
(0.493498 20.0005 0)
(0.493498 20.0005 0)
(0.493498 20.0005 0)
(0.493498 20.0005 0)
(0.493498 20.0005 0)
(0.493498 20.0005 0)
(0.493498 20.0005 0)
(0.493498 20.0005 0)
(0.493498 20.0005 0)
(0.493498 20.0005 0)
(0.493498 20.0005 0)
(0.493498 20.0005 0)
(0.493498 20.0005 0)
(0.493498 20.0005 0)
(0.493498 20.0005 0)
(0.493498 20.0005 0)
(0.493498 20.0005 0)
(0.493498 20.0005 0)
(0.493498 20.0005 0)
(0.493498 20.0005 0)
(0.493498 20.0005 0)
(0.493498 20.0005 0)
(0.493498 20.0005 0)
(0.493498 20.0005 0)
(0.493498 20.0005 0)
(0.493498 20.0005 0)
(0.493498 20.0005 0)
(0.493498 20.0005 0)
(0.493498 20.0005 0)
(0.493498 20.0005 0)
(0.493498 20.0005 0)
(0.493498 20.0005 0)
(0.493499 20.0005 0)
(0.493499 20.0005 0)
(0.493501 20.0005 0)
(0.493503 20.0005 0)
(0.493506 20.0004 0)
(0.493512 20.0004 0)
(0.493522 20.0004 0)
(0.49354 20.0004 0)
(0.49357 20.0003 0)
(0.493622 20.0003 0)
(0.493712 20.0001 0)
(0.493872 19.9999 0)
(0.494159 19.9996 0)
(0.49469 19.9991 0)
(0.495641 19.9984 0)
(0.49745 19.9975 0)
(0.500273 19.9964 0)
(0.504715 19.9956 0)
(0.358149 19.6375 0)
(0.367838 19.701 0)
(0.389073 19.771 0)
(0.405033 19.8283 0)
(0.414806 19.8726 0)
(0.421582 19.9062 0)
(0.426287 19.9318 0)
(0.43003 19.9511 0)
(0.432914 19.9655 0)
(0.435197 19.9761 0)
(0.436944 19.9837 0)
(0.438271 19.9892 0)
(0.439252 19.993 0)
(0.439966 19.9956 0)
(0.440473 19.9973 0)
(0.440829 19.9985 0)
(0.441073 19.9992 0)
(0.441238 19.9997 0)
(0.441349 20 0)
(0.441422 20.0002 0)
(0.44147 20.0003 0)
(0.441501 20.0003 0)
(0.44152 20.0004 0)
(0.441533 20.0004 0)
(0.441541 20.0004 0)
(0.441547 20.0004 0)
(0.44155 20.0004 0)
(0.441552 20.0004 0)
(0.441553 20.0004 0)
(0.441554 20.0004 0)
(0.441555 20.0004 0)
(0.441555 20.0004 0)
(0.441555 20.0004 0)
(0.441555 20.0004 0)
(0.441555 20.0004 0)
(0.441556 20.0004 0)
(0.441556 20.0004 0)
(0.441556 20.0004 0)
(0.441556 20.0004 0)
(0.441556 20.0004 0)
(0.441556 20.0004 0)
(0.441556 20.0004 0)
(0.441556 20.0004 0)
(0.441556 20.0004 0)
(0.441556 20.0004 0)
(0.441556 20.0004 0)
(0.441556 20.0004 0)
(0.441556 20.0004 0)
(0.441556 20.0004 0)
(0.441556 20.0004 0)
(0.441556 20.0004 0)
(0.441556 20.0004 0)
(0.441556 20.0004 0)
(0.441556 20.0004 0)
(0.441556 20.0004 0)
(0.441556 20.0004 0)
(0.441556 20.0004 0)
(0.441556 20.0004 0)
(0.441556 20.0004 0)
(0.441556 20.0004 0)
(0.441556 20.0004 0)
(0.441556 20.0004 0)
(0.441556 20.0004 0)
(0.441556 20.0004 0)
(0.441556 20.0004 0)
(0.441556 20.0004 0)
(0.441556 20.0004 0)
(0.441556 20.0004 0)
(0.441556 20.0004 0)
(0.441556 20.0004 0)
(0.441556 20.0004 0)
(0.441556 20.0004 0)
(0.441556 20.0004 0)
(0.441556 20.0004 0)
(0.441556 20.0004 0)
(0.441556 20.0004 0)
(0.441556 20.0004 0)
(0.441556 20.0004 0)
(0.441556 20.0004 0)
(0.441556 20.0004 0)
(0.441556 20.0004 0)
(0.441556 20.0004 0)
(0.441557 20.0004 0)
(0.441557 20.0004 0)
(0.441558 20.0004 0)
(0.44156 20.0004 0)
(0.441564 20.0004 0)
(0.44157 20.0004 0)
(0.44158 20.0004 0)
(0.441597 20.0004 0)
(0.441626 20.0003 0)
(0.441677 20.0002 0)
(0.441766 20.0001 0)
(0.441925 19.9998 0)
(0.44221 19.9995 0)
(0.44274 19.9989 0)
(0.443685 19.998 0)
(0.445474 19.9967 0)
(0.448232 19.9951 0)
(0.452492 19.9937 0)
(0.315107 19.6236 0)
(0.322911 19.6846 0)
(0.341418 19.7568 0)
(0.35567 19.8176 0)
(0.364669 19.8648 0)
(0.370934 19.9004 0)
(0.375329 19.9275 0)
(0.378819 19.9479 0)
(0.381514 19.9632 0)
(0.383647 19.9744 0)
(0.385281 19.9826 0)
(0.386523 19.9884 0)
(0.387442 19.9924 0)
(0.388111 19.9952 0)
(0.388588 19.997 0)
(0.388922 19.9983 0)
(0.389152 19.9991 0)
(0.389308 19.9996 0)
(0.389413 19.9999 0)
(0.389482 20.0001 0)
(0.389528 20.0002 0)
(0.389557 20.0003 0)
(0.389576 20.0004 0)
(0.389588 20.0004 0)
(0.389596 20.0004 0)
(0.389601 20.0004 0)
(0.389604 20.0004 0)
(0.389606 20.0004 0)
(0.389607 20.0004 0)
(0.389608 20.0004 0)
(0.389609 20.0004 0)
(0.389609 20.0004 0)
(0.389609 20.0004 0)
(0.389609 20.0004 0)
(0.38961 20.0004 0)
(0.38961 20.0004 0)
(0.38961 20.0004 0)
(0.38961 20.0004 0)
(0.38961 20.0004 0)
(0.38961 20.0004 0)
(0.38961 20.0004 0)
(0.38961 20.0004 0)
(0.38961 20.0004 0)
(0.38961 20.0004 0)
(0.38961 20.0004 0)
(0.38961 20.0004 0)
(0.38961 20.0004 0)
(0.38961 20.0004 0)
(0.38961 20.0004 0)
(0.38961 20.0004 0)
(0.38961 20.0004 0)
(0.38961 20.0004 0)
(0.38961 20.0004 0)
(0.38961 20.0004 0)
(0.38961 20.0004 0)
(0.38961 20.0004 0)
(0.38961 20.0004 0)
(0.38961 20.0004 0)
(0.38961 20.0004 0)
(0.38961 20.0004 0)
(0.38961 20.0004 0)
(0.38961 20.0004 0)
(0.38961 20.0004 0)
(0.38961 20.0004 0)
(0.38961 20.0004 0)
(0.38961 20.0004 0)
(0.38961 20.0004 0)
(0.38961 20.0004 0)
(0.38961 20.0004 0)
(0.38961 20.0004 0)
(0.38961 20.0004 0)
(0.38961 20.0004 0)
(0.38961 20.0004 0)
(0.38961 20.0004 0)
(0.38961 20.0004 0)
(0.38961 20.0004 0)
(0.38961 20.0004 0)
(0.38961 20.0004 0)
(0.38961 20.0004 0)
(0.38961 20.0004 0)
(0.38961 20.0004 0)
(0.38961 20.0004 0)
(0.389611 20.0004 0)
(0.389611 20.0004 0)
(0.389612 20.0004 0)
(0.389614 20.0004 0)
(0.389618 20.0004 0)
(0.389623 20.0004 0)
(0.389633 20.0004 0)
(0.389649 20.0004 0)
(0.389677 20.0003 0)
(0.389725 20.0002 0)
(0.38981 20 0)
(0.389964 19.9998 0)
(0.390239 19.9993 0)
(0.390752 19.9986 0)
(0.391664 19.9976 0)
(0.39338 19.996 0)
(0.395998 19.9938 0)
(0.399971 19.9919 0)
(0.272451 19.6118 0)
(0.278692 19.6705 0)
(0.294517 19.7443 0)
(0.306967 19.8082 0)
(0.315034 19.8579 0)
(0.320675 19.8953 0)
(0.324668 19.9237 0)
(0.327835 19.9451 0)
(0.330286 19.9611 0)
(0.332225 19.973 0)
(0.333712 19.9815 0)
(0.334842 19.9876 0)
(0.33568 19.9919 0)
(0.33629 19.9948 0)
(0.336725 19.9968 0)
(0.337031 19.9981 0)
(0.337242 19.999 0)
(0.337385 19.9995 0)
(0.337481 19.9999 0)
(0.337544 20.0001 0)
(0.337586 20.0002 0)
(0.337613 20.0003 0)
(0.337631 20.0003 0)
(0.337642 20.0004 0)
(0.33765 20.0004 0)
(0.337654 20.0004 0)
(0.337657 20.0004 0)
(0.337659 20.0004 0)
(0.33766 20.0004 0)
(0.337661 20.0004 0)
(0.337661 20.0004 0)
(0.337662 20.0004 0)
(0.337662 20.0004 0)
(0.337662 20.0004 0)
(0.337662 20.0004 0)
(0.337662 20.0004 0)
(0.337662 20.0004 0)
(0.337662 20.0004 0)
(0.337662 20.0004 0)
(0.337662 20.0004 0)
(0.337662 20.0004 0)
(0.337662 20.0004 0)
(0.337662 20.0004 0)
(0.337662 20.0004 0)
(0.337662 20.0004 0)
(0.337662 20.0004 0)
(0.337662 20.0004 0)
(0.337662 20.0004 0)
(0.337662 20.0004 0)
(0.337662 20.0004 0)
(0.337662 20.0004 0)
(0.337662 20.0004 0)
(0.337662 20.0004 0)
(0.337662 20.0004 0)
(0.337662 20.0004 0)
(0.337662 20.0004 0)
(0.337662 20.0004 0)
(0.337662 20.0004 0)
(0.337662 20.0004 0)
(0.337662 20.0004 0)
(0.337662 20.0004 0)
(0.337662 20.0004 0)
(0.337662 20.0004 0)
(0.337662 20.0004 0)
(0.337662 20.0004 0)
(0.337662 20.0004 0)
(0.337662 20.0004 0)
(0.337662 20.0004 0)
(0.337662 20.0004 0)
(0.337662 20.0004 0)
(0.337662 20.0004 0)
(0.337662 20.0004 0)
(0.337662 20.0004 0)
(0.337662 20.0004 0)
(0.337662 20.0004 0)
(0.337662 20.0004 0)
(0.337662 20.0004 0)
(0.337662 20.0004 0)
(0.337662 20.0004 0)
(0.337663 20.0004 0)
(0.337663 20.0004 0)
(0.337663 20.0004 0)
(0.337663 20.0004 0)
(0.337664 20.0004 0)
(0.337665 20.0004 0)
(0.337667 20.0004 0)
(0.33767 20.0004 0)
(0.337675 20.0004 0)
(0.337683 20.0004 0)
(0.337698 20.0003 0)
(0.337724 20.0003 0)
(0.337769 20.0002 0)
(0.337848 20 0)
(0.337992 19.9997 0)
(0.338249 19.9992 0)
(0.338729 19.9984 0)
(0.339582 19.9972 0)
(0.341176 19.9953 0)
(0.343586 19.9926 0)
(0.347186 19.9902 0)
(0.230097 19.6021 0)
(0.235023 19.6586 0)
(0.248237 19.7336 0)
(0.258826 19.8001 0)
(0.265834 19.8519 0)
(0.270758 19.8908 0)
(0.274268 19.9204 0)
(0.277052 19.9427 0)
(0.27921 19.9594 0)
(0.280916 19.9717 0)
(0.282226 19.9806 0)
(0.283222 19.987 0)
(0.283961 19.9914 0)
(0.284499 19.9945 0)
(0.284884 19.9966 0)
(0.285154 19.998 0)
(0.285341 19.9989 0)
(0.285467 19.9994 0)
(0.285553 19.9998 0)
(0.285609 20 0)
(0.285647 20.0002 0)
(0.285671 20.0003 0)
(0.285687 20.0003 0)
(0.285697 20.0004 0)
(0.285703 20.0004 0)
(0.285707 20.0004 0)
(0.28571 20.0004 0)
(0.285712 20.0004 0)
(0.285713 20.0004 0)
(0.285713 20.0004 0)
(0.285714 20.0004 0)
(0.285714 20.0004 0)
(0.285714 20.0004 0)
(0.285714 20.0004 0)
(0.285714 20.0004 0)
(0.285715 20.0004 0)
(0.285715 20.0004 0)
(0.285715 20.0004 0)
(0.285715 20.0004 0)
(0.285715 20.0004 0)
(0.285715 20.0004 0)
(0.285715 20.0004 0)
(0.285715 20.0004 0)
(0.285715 20.0004 0)
(0.285715 20.0004 0)
(0.285715 20.0004 0)
(0.285715 20.0004 0)
(0.285714 20.0004 0)
(0.285714 20.0004 0)
(0.285714 20.0004 0)
(0.285714 20.0004 0)
(0.285714 20.0004 0)
(0.285714 20.0004 0)
(0.285715 20.0004 0)
(0.285715 20.0004 0)
(0.285715 20.0004 0)
(0.285715 20.0004 0)
(0.285715 20.0004 0)
(0.285715 20.0004 0)
(0.285715 20.0004 0)
(0.285715 20.0004 0)
(0.285715 20.0004 0)
(0.285715 20.0004 0)
(0.285715 20.0004 0)
(0.285715 20.0004 0)
(0.285715 20.0004 0)
(0.285715 20.0004 0)
(0.285715 20.0004 0)
(0.285715 20.0004 0)
(0.285715 20.0004 0)
(0.285715 20.0004 0)
(0.285715 20.0004 0)
(0.285715 20.0004 0)
(0.285715 20.0004 0)
(0.285715 20.0004 0)
(0.285715 20.0004 0)
(0.285715 20.0004 0)
(0.285715 20.0004 0)
(0.285715 20.0004 0)
(0.285715 20.0004 0)
(0.285715 20.0004 0)
(0.285715 20.0004 0)
(0.285715 20.0004 0)
(0.285716 20.0004 0)
(0.285717 20.0004 0)
(0.285718 20.0004 0)
(0.285721 20.0004 0)
(0.285726 20.0004 0)
(0.285733 20.0004 0)
(0.285747 20.0003 0)
(0.28577 20.0002 0)
(0.28581 20.0001 0)
(0.285881 19.9999 0)
(0.28601 19.9996 0)
(0.286243 19.9991 0)
(0.286676 19.9982 0)
(0.287444 19.9969 0)
(0.288872 19.9947 0)
(0.291013 19.9915 0)
(0.29417 19.9886 0)
(0.187976 19.5942 0)
(0.191779 19.6488 0)
(0.202459 19.7247 0)
(0.21115 19.7933 0)
(0.217002 19.8468 0)
(0.22113 19.8871 0)
(0.224093 19.9176 0)
(0.226441 19.9406 0)
(0.228264 19.9579 0)
(0.229705 19.9706 0)
(0.230812 19.9798 0)
(0.231654 19.9864 0)
(0.232279 19.991 0)
(0.232735 19.9942 0)
(0.233061 19.9964 0)
(0.23329 19.9978 0)
(0.233448 19.9988 0)
(0.233556 19.9994 0)
(0.233628 19.9998 0)
(0.233677 20 0)
(0.233708 20.0002 0)
(0.233729 20.0003 0)
(0.233743 20.0003 0)
(0.233751 20.0004 0)
(0.233757 20.0004 0)
(0.23376 20.0004 0)
(0.233763 20.0004 0)
(0.233764 20.0004 0)
(0.233765 20.0004 0)
(0.233766 20.0004 0)
(0.233766 20.0004 0)
(0.233766 20.0004 0)
(0.233766 20.0004 0)
(0.233766 20.0004 0)
(0.233767 20.0004 0)
(0.233767 20.0004 0)
(0.233767 20.0004 0)
(0.233767 20.0004 0)
(0.233767 20.0004 0)
(0.233767 20.0004 0)
(0.233767 20.0004 0)
(0.233767 20.0004 0)
(0.233767 20.0004 0)
(0.233767 20.0004 0)
(0.233767 20.0004 0)
(0.233767 20.0004 0)
(0.233767 20.0004 0)
(0.233767 20.0004 0)
(0.233767 20.0004 0)
(0.233767 20.0004 0)
(0.233767 20.0004 0)
(0.233767 20.0004 0)
(0.233767 20.0004 0)
(0.233767 20.0004 0)
(0.233767 20.0004 0)
(0.233767 20.0004 0)
(0.233767 20.0004 0)
(0.233767 20.0004 0)
(0.233767 20.0004 0)
(0.233767 20.0004 0)
(0.233767 20.0004 0)
(0.233767 20.0004 0)
(0.233767 20.0004 0)
(0.233767 20.0004 0)
(0.233767 20.0004 0)
(0.233767 20.0004 0)
(0.233767 20.0004 0)
(0.233767 20.0004 0)
(0.233767 20.0004 0)
(0.233767 20.0004 0)
(0.233767 20.0004 0)
(0.233767 20.0004 0)
(0.233767 20.0004 0)
(0.233767 20.0004 0)
(0.233767 20.0004 0)
(0.233767 20.0004 0)
(0.233767 20.0004 0)
(0.233767 20.0004 0)
(0.233767 20.0004 0)
(0.233767 20.0004 0)
(0.233767 20.0004 0)
(0.233767 20.0004 0)
(0.233767 20.0004 0)
(0.233768 20.0004 0)
(0.233768 20.0004 0)
(0.23377 20.0004 0)
(0.233772 20.0004 0)
(0.233776 20.0004 0)
(0.233783 20.0003 0)
(0.233794 20.0003 0)
(0.233814 20.0002 0)
(0.233848 20.0001 0)
(0.233909 19.9999 0)
(0.23402 19.9996 0)
(0.234221 19.999 0)
(0.234595 19.9981 0)
(0.235255 19.9966 0)
(0.236479 19.9941 0)
(0.238301 19.9906 0)
(0.240956 19.9873 0)
(0.146033 19.5879 0)
(0.148856 19.6411 0)
(0.157077 19.7176 0)
(0.163849 19.7878 0)
(0.16847 19.8427 0)
(0.171742 19.8841 0)
(0.174101 19.9154 0)
(0.175972 19.9389 0)
(0.177425 19.9566 0)
(0.178574 19.9697 0)
(0.179457 19.9792 0)
(0.180129 19.986 0)
(0.180628 19.9907 0)
(0.180992 19.994 0)
(0.181253 19.9962 0)
(0.181436 19.9977 0)
(0.181563 19.9987 0)
(0.181649 19.9993 0)
(0.181707 19.9997 0)
(0.181746 20 0)
(0.181772 20.0001 0)
(0.181788 20.0002 0)
(0.181799 20.0003 0)
(0.181806 20.0003 0)
(0.181811 20.0004 0)
(0.181813 20.0004 0)
(0.181815 20.0004 0)
(0.181816 20.0004 0)
(0.181817 20.0004 0)
(0.181818 20.0004 0)
(0.181818 20.0004 0)
(0.181818 20.0004 0)
(0.181818 20.0004 0)
(0.181818 20.0004 0)
(0.181819 20.0004 0)
(0.181819 20.0004 0)
(0.181819 20.0004 0)
(0.181819 20.0004 0)
(0.181819 20.0004 0)
(0.181819 20.0004 0)
(0.181819 20.0004 0)
(0.181819 20.0004 0)
(0.181819 20.0004 0)
(0.181819 20.0004 0)
(0.181819 20.0004 0)
(0.181818 20.0004 0)
(0.181818 20.0004 0)
(0.181818 20.0004 0)
(0.181818 20.0004 0)
(0.181818 20.0004 0)
(0.181818 20.0004 0)
(0.181818 20.0004 0)
(0.181818 20.0004 0)
(0.181819 20.0004 0)
(0.181819 20.0004 0)
(0.181819 20.0004 0)
(0.181819 20.0004 0)
(0.181819 20.0004 0)
(0.181819 20.0004 0)
(0.181819 20.0004 0)
(0.181819 20.0004 0)
(0.181819 20.0004 0)
(0.181819 20.0004 0)
(0.181819 20.0004 0)
(0.181819 20.0004 0)
(0.181819 20.0004 0)
(0.181819 20.0004 0)
(0.181819 20.0004 0)
(0.181819 20.0004 0)
(0.181819 20.0004 0)
(0.181819 20.0004 0)
(0.181819 20.0004 0)
(0.181819 20.0004 0)
(0.181819 20.0004 0)
(0.181819 20.0004 0)
(0.181819 20.0004 0)
(0.181819 20.0004 0)
(0.181819 20.0004 0)
(0.181819 20.0004 0)
(0.181819 20.0004 0)
(0.181819 20.0004 0)
(0.181819 20.0004 0)
(0.181819 20.0004 0)
(0.181819 20.0004 0)
(0.18182 20.0004 0)
(0.181821 20.0004 0)
(0.181823 20.0004 0)
(0.181826 20.0004 0)
(0.181831 20.0003 0)
(0.181841 20.0003 0)
(0.181856 20.0002 0)
(0.181884 20.0001 0)
(0.181934 19.9999 0)
(0.182024 19.9995 0)
(0.182186 19.9989 0)
(0.182489 19.9979 0)
(0.183023 19.9963 0)
(0.18401 19.9937 0)
(0.18547 19.9898 0)
(0.18758 19.9862 0)
(0.104221 19.5834 0)
(0.106168 19.6354 0)
(0.111992 19.7123 0)
(0.116834 19.7837 0)
(0.120171 19.8397 0)
(0.12254 19.8818 0)
(0.124254 19.9136 0)
(0.125614 19.9377 0)
(0.126671 19.9557 0)
(0.127507 19.969 0)
(0.128149 19.9787 0)
(0.128639 19.9856 0)
(0.129002 19.9905 0)
(0.129267 19.9938 0)
(0.129457 19.9961 0)
(0.129591 19.9976 0)
(0.129684 19.9986 0)
(0.129747 19.9993 0)
(0.129789 19.9997 0)
(0.129817 20 0)
(0.129836 20.0001 0)
(0.129848 20.0002 0)
(0.129856 20.0003 0)
(0.129861 20.0003 0)
(0.129865 20.0004 0)
(0.129867 20.0004 0)
(0.129868 20.0004 0)
(0.129869 20.0004 0)
(0.12987 20.0004 0)
(0.12987 20.0004 0)
(0.12987 20.0004 0)
(0.12987 20.0004 0)
(0.12987 20.0004 0)
(0.12987 20.0004 0)
(0.12987 20.0004 0)
(0.12987 20.0004 0)
(0.129871 20.0004 0)
(0.129871 20.0004 0)
(0.12987 20.0004 0)
(0.12987 20.0004 0)
(0.12987 20.0004 0)
(0.12987 20.0004 0)
(0.12987 20.0004 0)
(0.12987 20.0004 0)
(0.12987 20.0004 0)
(0.12987 20.0004 0)
(0.12987 20.0004 0)
(0.12987 20.0004 0)
(0.12987 20.0004 0)
(0.12987 20.0004 0)
(0.12987 20.0004 0)
(0.12987 20.0004 0)
(0.12987 20.0004 0)
(0.12987 20.0004 0)
(0.12987 20.0004 0)
(0.12987 20.0004 0)
(0.12987 20.0004 0)
(0.12987 20.0004 0)
(0.12987 20.0004 0)
(0.12987 20.0004 0)
(0.12987 20.0004 0)
(0.129871 20.0004 0)
(0.129871 20.0004 0)
(0.129871 20.0004 0)
(0.129871 20.0004 0)
(0.129871 20.0004 0)
(0.129871 20.0004 0)
(0.129871 20.0004 0)
(0.129871 20.0004 0)
(0.12987 20.0004 0)
(0.12987 20.0004 0)
(0.12987 20.0004 0)
(0.12987 20.0004 0)
(0.12987 20.0004 0)
(0.12987 20.0004 0)
(0.12987 20.0004 0)
(0.12987 20.0004 0)
(0.12987 20.0004 0)
(0.12987 20.0004 0)
(0.129871 20.0004 0)
(0.129871 20.0004 0)
(0.129871 20.0004 0)
(0.129871 20.0004 0)
(0.129871 20.0004 0)
(0.129872 20.0004 0)
(0.129872 20.0004 0)
(0.129874 20.0004 0)
(0.129876 20.0004 0)
(0.12988 20.0003 0)
(0.129887 20.0003 0)
(0.129898 20.0002 0)
(0.129919 20.0001 0)
(0.129955 19.9999 0)
(0.130021 19.9995 0)
(0.130141 19.9989 0)
(0.130364 19.9978 0)
(0.130757 19.9961 0)
(0.13148 19.9933 0)
(0.132547 19.9891 0)
(0.134077 19.9853 0)
(0.0624985 19.5803 0)
(0.0636398 19.6316 0)
(0.0671147 19.7088 0)
(0.0700213 19.7809 0)
(0.0720373 19.8376 0)
(0.0734709 19.8802 0)
(0.0745112 19.9125 0)
(0.0753362 19.9368 0)
(0.0759779 19.9551 0)
(0.0764852 19.9686 0)
(0.0768754 19.9784 0)
(0.0771727 19.9854 0)
(0.0773936 19.9903 0)
(0.0775551 19.9937 0)
(0.0776707 19.996 0)
(0.0777521 19.9976 0)
(0.0778084 19.9986 0)
(0.0778468 19.9993 0)
(0.0778727 19.9997 0)
(0.07789 20 0)
(0.0779014 20.0001 0)
(0.0779089 20.0002 0)
(0.0779137 20.0003 0)
(0.0779168 20.0003 0)
(0.0779188 20.0004 0)
(0.0779201 20.0004 0)
(0.0779209 20.0004 0)
(0.0779214 20.0004 0)
(0.0779218 20.0004 0)
(0.077922 20.0004 0)
(0.0779221 20.0004 0)
(0.0779222 20.0004 0)
(0.0779223 20.0004 0)
(0.0779224 20.0004 0)
(0.0779224 20.0004 0)
(0.0779224 20.0004 0)
(0.0779224 20.0004 0)
(0.0779224 20.0004 0)
(0.0779224 20.0004 0)
(0.0779224 20.0004 0)
(0.0779223 20.0004 0)
(0.0779223 20.0004 0)
(0.0779223 20.0004 0)
(0.0779223 20.0004 0)
(0.0779223 20.0004 0)
(0.0779223 20.0004 0)
(0.0779223 20.0004 0)
(0.0779223 20.0004 0)
(0.0779223 20.0004 0)
(0.0779223 20.0004 0)
(0.0779223 20.0004 0)
(0.0779223 20.0004 0)
(0.0779223 20.0004 0)
(0.0779223 20.0004 0)
(0.0779223 20.0004 0)
(0.0779223 20.0004 0)
(0.0779223 20.0004 0)
(0.0779223 20.0004 0)
(0.0779224 20.0004 0)
(0.0779224 20.0004 0)
(0.0779224 20.0004 0)
(0.0779224 20.0004 0)
(0.0779224 20.0004 0)
(0.0779224 20.0004 0)
(0.0779224 20.0004 0)
(0.0779224 20.0004 0)
(0.0779224 20.0004 0)
(0.0779224 20.0004 0)
(0.0779224 20.0004 0)
(0.0779224 20.0004 0)
(0.0779224 20.0004 0)
(0.0779224 20.0004 0)
(0.0779223 20.0004 0)
(0.0779223 20.0004 0)
(0.0779223 20.0004 0)
(0.0779223 20.0004 0)
(0.0779223 20.0004 0)
(0.0779223 20.0004 0)
(0.0779224 20.0004 0)
(0.0779224 20.0004 0)
(0.0779224 20.0004 0)
(0.0779225 20.0004 0)
(0.0779225 20.0004 0)
(0.0779227 20.0004 0)
(0.077923 20.0004 0)
(0.0779235 20.0004 0)
(0.0779243 20.0004 0)
(0.0779257 20.0004 0)
(0.0779281 20.0003 0)
(0.0779322 20.0003 0)
(0.0779393 20.0002 0)
(0.0779518 20.0001 0)
(0.077974 19.9998 0)
(0.0780145 19.9995 0)
(0.0780877 19.9988 0)
(0.0782243 19.9978 0)
(0.0784645 19.996 0)
(0.0789061 19.9931 0)
(0.0795555 19.9887 0)
(0.0804829 19.9848 0)
(0.0208281 19.5788 0)
(0.0212044 19.6298 0)
(0.0223595 19.7071 0)
(0.0233285 19.7796 0)
(0.0240026 19.8366 0)
(0.0244821 19.8795 0)
(0.0248303 19.9119 0)
(0.0251064 19.9364 0)
(0.0253212 19.9548 0)
(0.025491 19.9683 0)
(0.0256218 19.9782 0)
(0.0257216 19.9853 0)
(0.0257959 19.9902 0)
(0.0258503 19.9937 0)
(0.0258893 19.996 0)
(0.0259168 19.9976 0)
(0.0259358 19.9986 0)
(0.0259487 19.9993 0)
(0.0259575 19.9997 0)
(0.0259633 19.9999 0)
(0.0259672 20.0001 0)
(0.0259697 20.0002 0)
(0.0259713 20.0003 0)
(0.0259723 20.0003 0)
(0.025973 20.0004 0)
(0.0259735 20.0004 0)
(0.0259738 20.0004 0)
(0.0259739 20.0004 0)
(0.025974 20.0004 0)
(0.0259741 20.0004 0)
(0.0259742 20.0004 0)
(0.0259742 20.0004 0)
(0.0259742 20.0004 0)
(0.0259743 20.0004 0)
(0.0259743 20.0004 0)
(0.0259743 20.0004 0)
(0.0259743 20.0004 0)
(0.0259743 20.0004 0)
(0.0259742 20.0004 0)
(0.0259742 20.0004 0)
(0.0259742 20.0004 0)
(0.0259742 20.0004 0)
(0.0259742 20.0004 0)
(0.0259742 20.0004 0)
(0.0259741 20.0004 0)
(0.0259741 20.0004 0)
(0.0259741 20.0004 0)
(0.0259741 20.0004 0)
(0.0259741 20.0004 0)
(0.0259741 20.0004 0)
(0.0259741 20.0004 0)
(0.0259741 20.0004 0)
(0.0259741 20.0004 0)
(0.0259742 20.0004 0)
(0.0259742 20.0004 0)
(0.0259742 20.0004 0)
(0.0259742 20.0004 0)
(0.0259742 20.0004 0)
(0.0259742 20.0004 0)
(0.0259742 20.0004 0)
(0.0259742 20.0004 0)
(0.0259742 20.0004 0)
(0.0259742 20.0004 0)
(0.0259742 20.0004 0)
(0.0259742 20.0004 0)
(0.0259743 20.0004 0)
(0.0259743 20.0004 0)
(0.0259743 20.0004 0)
(0.0259742 20.0004 0)
(0.0259742 20.0004 0)
(0.0259742 20.0004 0)
(0.0259742 20.0004 0)
(0.0259742 20.0004 0)
(0.0259742 20.0004 0)
(0.0259742 20.0004 0)
(0.0259742 20.0004 0)
(0.0259742 20.0004 0)
(0.0259742 20.0004 0)
(0.0259742 20.0004 0)
(0.0259742 20.0004 0)
(0.0259742 20.0004 0)
(0.0259742 20.0004 0)
(0.0259742 20.0004 0)
(0.0259743 20.0004 0)
(0.0259744 20.0004 0)
(0.0259746 20.0004 0)
(0.0259748 20.0004 0)
(0.0259753 20.0004 0)
(0.0259761 20.0003 0)
(0.0259775 20.0003 0)
(0.0259799 20.0002 0)
(0.0259841 20.0001 0)
(0.0259915 19.9998 0)
(0.0260052 19.9994 0)
(0.0260298 19.9988 0)
(0.0260758 19.9977 0)
(0.0261567 19.9959 0)
(0.0263052 19.9929 0)
(0.0265232 19.9885 0)
(0.0268339 19.9845 0)
(-0.0208251 19.5788 0)
(-0.0212006 19.6298 0)
(-0.0223553 19.7071 0)
(-0.0233244 19.7796 0)
(-0.0239991 19.8366 0)
(-0.02448 19.8795 0)
(-0.0248298 19.9119 0)
(-0.0251074 19.9364 0)
(-0.0253234 19.9548 0)
(-0.025494 19.9683 0)
(-0.0256249 19.9782 0)
(-0.0257244 19.9853 0)
(-0.0257982 19.9902 0)
(-0.0258519 19.9937 0)
(-0.0258903 19.996 0)
(-0.0259173 19.9976 0)
(-0.025936 19.9986 0)
(-0.0259488 19.9993 0)
(-0.0259574 19.9997 0)
(-0.0259631 19.9999 0)
(-0.0259668 20.0001 0)
(-0.0259693 20.0002 0)
(-0.025971 20.0003 0)
(-0.0259721 20.0003 0)
(-0.0259727 20.0004 0)
(-0.0259731 20.0004 0)
(-0.0259734 20.0004 0)
(-0.0259736 20.0004 0)
(-0.0259737 20.0004 0)
(-0.0259738 20.0004 0)
(-0.0259738 20.0004 0)
(-0.0259738 20.0004 0)
(-0.0259738 20.0004 0)
(-0.0259738 20.0004 0)
(-0.0259738 20.0004 0)
(-0.0259738 20.0004 0)
(-0.0259738 20.0004 0)
(-0.0259739 20.0004 0)
(-0.0259739 20.0004 0)
(-0.0259739 20.0004 0)
(-0.0259739 20.0004 0)
(-0.025974 20.0004 0)
(-0.025974 20.0004 0)
(-0.025974 20.0004 0)
(-0.025974 20.0004 0)
(-0.025974 20.0004 0)
(-0.025974 20.0004 0)
(-0.025974 20.0004 0)
(-0.025974 20.0004 0)
(-0.025974 20.0004 0)
(-0.025974 20.0004 0)
(-0.025974 20.0004 0)
(-0.025974 20.0004 0)
(-0.025974 20.0004 0)
(-0.025974 20.0004 0)
(-0.025974 20.0004 0)
(-0.0259739 20.0004 0)
(-0.0259739 20.0004 0)
(-0.0259739 20.0004 0)
(-0.0259739 20.0004 0)
(-0.0259739 20.0004 0)
(-0.0259739 20.0004 0)
(-0.0259739 20.0004 0)
(-0.0259739 20.0004 0)
(-0.0259739 20.0004 0)
(-0.0259739 20.0004 0)
(-0.0259739 20.0004 0)
(-0.0259739 20.0004 0)
(-0.0259739 20.0004 0)
(-0.0259739 20.0004 0)
(-0.0259739 20.0004 0)
(-0.0259739 20.0004 0)
(-0.0259739 20.0004 0)
(-0.0259739 20.0004 0)
(-0.025974 20.0004 0)
(-0.025974 20.0004 0)
(-0.025974 20.0004 0)
(-0.025974 20.0004 0)
(-0.025974 20.0004 0)
(-0.025974 20.0004 0)
(-0.025974 20.0004 0)
(-0.025974 20.0004 0)
(-0.0259741 20.0004 0)
(-0.0259741 20.0004 0)
(-0.0259742 20.0004 0)
(-0.0259744 20.0004 0)
(-0.0259746 20.0004 0)
(-0.0259751 20.0004 0)
(-0.0259759 20.0003 0)
(-0.0259773 20.0003 0)
(-0.0259797 20.0002 0)
(-0.0259839 20.0001 0)
(-0.0259914 19.9998 0)
(-0.026005 19.9994 0)
(-0.0260296 19.9988 0)
(-0.0260756 19.9977 0)
(-0.0261563 19.9959 0)
(-0.0263047 19.9929 0)
(-0.0265228 19.9885 0)
(-0.0268334 19.9845 0)
(-0.0624955 19.5803 0)
(-0.063636 19.6316 0)
(-0.0671105 19.7088 0)
(-0.0700172 19.7809 0)
(-0.0720339 19.8376 0)
(-0.0734688 19.8802 0)
(-0.0745107 19.9125 0)
(-0.0753372 19.9368 0)
(-0.0759801 19.9551 0)
(-0.0764881 19.9686 0)
(-0.0768785 19.9784 0)
(-0.0771755 19.9854 0)
(-0.0773958 19.9903 0)
(-0.0775567 19.9937 0)
(-0.0776717 19.996 0)
(-0.0777526 19.9976 0)
(-0.0778086 19.9986 0)
(-0.0778469 19.9993 0)
(-0.0778727 19.9997 0)
(-0.0778898 20 0)
(-0.0779011 20.0001 0)
(-0.0779085 20.0002 0)
(-0.0779133 20.0003 0)
(-0.0779165 20.0003 0)
(-0.0779185 20.0004 0)
(-0.0779198 20.0004 0)
(-0.0779206 20.0004 0)
(-0.0779211 20.0004 0)
(-0.0779214 20.0004 0)
(-0.0779216 20.0004 0)
(-0.0779218 20.0004 0)
(-0.0779218 20.0004 0)
(-0.0779219 20.0004 0)
(-0.0779219 20.0004 0)
(-0.0779219 20.0004 0)
(-0.0779219 20.0004 0)
(-0.077922 20.0004 0)
(-0.077922 20.0004 0)
(-0.077922 20.0004 0)
(-0.0779221 20.0004 0)
(-0.0779221 20.0004 0)
(-0.0779221 20.0004 0)
(-0.0779221 20.0004 0)
(-0.0779221 20.0004 0)
(-0.0779221 20.0004 0)
(-0.0779222 20.0004 0)
(-0.0779222 20.0004 0)
(-0.0779222 20.0004 0)
(-0.0779222 20.0004 0)
(-0.0779222 20.0004 0)
(-0.0779222 20.0004 0)
(-0.0779222 20.0004 0)
(-0.0779221 20.0004 0)
(-0.0779221 20.0004 0)
(-0.0779221 20.0004 0)
(-0.0779221 20.0004 0)
(-0.0779221 20.0004 0)
(-0.0779221 20.0004 0)
(-0.0779221 20.0004 0)
(-0.0779221 20.0004 0)
(-0.0779221 20.0004 0)
(-0.0779221 20.0004 0)
(-0.0779221 20.0004 0)
(-0.0779221 20.0004 0)
(-0.077922 20.0004 0)
(-0.077922 20.0004 0)
(-0.077922 20.0004 0)
(-0.077922 20.0004 0)
(-0.077922 20.0004 0)
(-0.0779221 20.0004 0)
(-0.0779221 20.0004 0)
(-0.0779221 20.0004 0)
(-0.0779221 20.0004 0)
(-0.0779221 20.0004 0)
(-0.0779221 20.0004 0)
(-0.0779221 20.0004 0)
(-0.0779221 20.0004 0)
(-0.0779221 20.0004 0)
(-0.0779221 20.0004 0)
(-0.0779222 20.0004 0)
(-0.0779222 20.0004 0)
(-0.0779223 20.0004 0)
(-0.0779224 20.0004 0)
(-0.0779225 20.0004 0)
(-0.0779228 20.0004 0)
(-0.0779233 20.0004 0)
(-0.0779241 20.0004 0)
(-0.0779255 20.0004 0)
(-0.0779279 20.0003 0)
(-0.077932 20.0003 0)
(-0.0779391 20.0002 0)
(-0.0779516 20.0001 0)
(-0.0779738 19.9998 0)
(-0.0780143 19.9995 0)
(-0.0780875 19.9988 0)
(-0.078224 19.9978 0)
(-0.0784641 19.996 0)
(-0.0789056 19.9931 0)
(-0.079555 19.9887 0)
(-0.0804824 19.9848 0)
(-0.104218 19.5834 0)
(-0.106164 19.6354 0)
(-0.111988 19.7123 0)
(-0.11683 19.7837 0)
(-0.120168 19.8397 0)
(-0.122538 19.8818 0)
(-0.124254 19.9136 0)
(-0.125615 19.9377 0)
(-0.126673 19.9557 0)
(-0.12751 19.969 0)
(-0.128152 19.9787 0)
(-0.128641 19.9856 0)
(-0.129004 19.9905 0)
(-0.129269 19.9938 0)
(-0.129458 19.9961 0)
(-0.129592 19.9976 0)
(-0.129684 19.9986 0)
(-0.129747 19.9993 0)
(-0.129789 19.9997 0)
(-0.129817 20 0)
(-0.129836 20.0001 0)
(-0.129848 20.0002 0)
(-0.129856 20.0003 0)
(-0.129861 20.0003 0)
(-0.129864 20.0004 0)
(-0.129866 20.0004 0)
(-0.129868 20.0004 0)
(-0.129869 20.0004 0)
(-0.129869 20.0004 0)
(-0.12987 20.0004 0)
(-0.12987 20.0004 0)
(-0.12987 20.0004 0)
(-0.12987 20.0004 0)
(-0.12987 20.0004 0)
(-0.12987 20.0004 0)
(-0.12987 20.0004 0)
(-0.12987 20.0004 0)
(-0.12987 20.0004 0)
(-0.12987 20.0004 0)
(-0.12987 20.0004 0)
(-0.12987 20.0004 0)
(-0.12987 20.0004 0)
(-0.12987 20.0004 0)
(-0.12987 20.0004 0)
(-0.12987 20.0004 0)
(-0.12987 20.0004 0)
(-0.12987 20.0004 0)
(-0.12987 20.0004 0)
(-0.12987 20.0004 0)
(-0.12987 20.0004 0)
(-0.12987 20.0004 0)
(-0.12987 20.0004 0)
(-0.12987 20.0004 0)
(-0.12987 20.0004 0)
(-0.12987 20.0004 0)
(-0.12987 20.0004 0)
(-0.12987 20.0004 0)
(-0.12987 20.0004 0)
(-0.12987 20.0004 0)
(-0.12987 20.0004 0)
(-0.12987 20.0004 0)
(-0.12987 20.0004 0)
(-0.12987 20.0004 0)
(-0.12987 20.0004 0)
(-0.12987 20.0004 0)
(-0.12987 20.0004 0)
(-0.12987 20.0004 0)
(-0.12987 20.0004 0)
(-0.12987 20.0004 0)
(-0.12987 20.0004 0)
(-0.12987 20.0004 0)
(-0.12987 20.0004 0)
(-0.12987 20.0004 0)
(-0.12987 20.0004 0)
(-0.12987 20.0004 0)
(-0.12987 20.0004 0)
(-0.12987 20.0004 0)
(-0.12987 20.0004 0)
(-0.12987 20.0004 0)
(-0.12987 20.0004 0)
(-0.12987 20.0004 0)
(-0.12987 20.0004 0)
(-0.129871 20.0004 0)
(-0.129871 20.0004 0)
(-0.129871 20.0004 0)
(-0.129872 20.0004 0)
(-0.129874 20.0004 0)
(-0.129876 20.0004 0)
(-0.12988 20.0003 0)
(-0.129886 20.0003 0)
(-0.129898 20.0002 0)
(-0.129919 20.0001 0)
(-0.129955 19.9999 0)
(-0.130021 19.9995 0)
(-0.130141 19.9989 0)
(-0.130364 19.9978 0)
(-0.130756 19.9961 0)
(-0.13148 19.9933 0)
(-0.132546 19.9891 0)
(-0.134077 19.9853 0)
(-0.14603 19.588 0)
(-0.148853 19.6411 0)
(-0.157073 19.7176 0)
(-0.163845 19.7878 0)
(-0.168467 19.8427 0)
(-0.17174 19.8841 0)
(-0.174101 19.9154 0)
(-0.175973 19.9389 0)
(-0.177427 19.9566 0)
(-0.178577 19.9697 0)
(-0.17946 19.9792 0)
(-0.180132 19.986 0)
(-0.18063 19.9907 0)
(-0.180994 19.994 0)
(-0.181254 19.9962 0)
(-0.181437 19.9977 0)
(-0.181563 19.9987 0)
(-0.181649 19.9993 0)
(-0.181707 19.9997 0)
(-0.181746 20 0)
(-0.181771 20.0001 0)
(-0.181788 20.0002 0)
(-0.181799 20.0003 0)
(-0.181806 20.0003 0)
(-0.18181 20.0004 0)
(-0.181813 20.0004 0)
(-0.181815 20.0004 0)
(-0.181816 20.0004 0)
(-0.181817 20.0004 0)
(-0.181817 20.0004 0)
(-0.181818 20.0004 0)
(-0.181818 20.0004 0)
(-0.181818 20.0004 0)
(-0.181818 20.0004 0)
(-0.181818 20.0004 0)
(-0.181818 20.0004 0)
(-0.181818 20.0004 0)
(-0.181818 20.0004 0)
(-0.181818 20.0004 0)
(-0.181818 20.0004 0)
(-0.181818 20.0004 0)
(-0.181818 20.0004 0)
(-0.181818 20.0004 0)
(-0.181818 20.0004 0)
(-0.181818 20.0004 0)
(-0.181818 20.0004 0)
(-0.181818 20.0004 0)
(-0.181818 20.0004 0)
(-0.181818 20.0004 0)
(-0.181818 20.0004 0)
(-0.181818 20.0004 0)
(-0.181818 20.0004 0)
(-0.181818 20.0004 0)
(-0.181818 20.0004 0)
(-0.181818 20.0004 0)
(-0.181818 20.0004 0)
(-0.181818 20.0004 0)
(-0.181818 20.0004 0)
(-0.181818 20.0004 0)
(-0.181818 20.0004 0)
(-0.181818 20.0004 0)
(-0.181818 20.0004 0)
(-0.181818 20.0004 0)
(-0.181818 20.0004 0)
(-0.181818 20.0004 0)
(-0.181818 20.0004 0)
(-0.181818 20.0004 0)
(-0.181818 20.0004 0)
(-0.181818 20.0004 0)
(-0.181818 20.0004 0)
(-0.181818 20.0004 0)
(-0.181818 20.0004 0)
(-0.181818 20.0004 0)
(-0.181818 20.0004 0)
(-0.181818 20.0004 0)
(-0.181818 20.0004 0)
(-0.181818 20.0004 0)
(-0.181818 20.0004 0)
(-0.181818 20.0004 0)
(-0.181818 20.0004 0)
(-0.181819 20.0004 0)
(-0.181819 20.0004 0)
(-0.181819 20.0004 0)
(-0.181819 20.0004 0)
(-0.18182 20.0004 0)
(-0.181821 20.0004 0)
(-0.181823 20.0004 0)
(-0.181826 20.0004 0)
(-0.181831 20.0003 0)
(-0.181841 20.0003 0)
(-0.181856 20.0002 0)
(-0.181884 20.0001 0)
(-0.181934 19.9999 0)
(-0.182024 19.9995 0)
(-0.182186 19.9989 0)
(-0.182489 19.9979 0)
(-0.183023 19.9963 0)
(-0.184009 19.9937 0)
(-0.18547 19.9898 0)
(-0.18758 19.9862 0)
(-0.187973 19.5942 0)
(-0.191776 19.6488 0)
(-0.202456 19.7247 0)
(-0.211147 19.7933 0)
(-0.216999 19.8468 0)
(-0.221128 19.8871 0)
(-0.224092 19.9176 0)
(-0.226442 19.9406 0)
(-0.228266 19.9579 0)
(-0.229707 19.9706 0)
(-0.230814 19.9798 0)
(-0.231656 19.9864 0)
(-0.232281 19.991 0)
(-0.232736 19.9942 0)
(-0.233062 19.9964 0)
(-0.23329 19.9978 0)
(-0.233448 19.9988 0)
(-0.233556 19.9994 0)
(-0.233628 19.9998 0)
(-0.233677 20 0)
(-0.233708 20.0002 0)
(-0.233729 20.0003 0)
(-0.233742 20.0003 0)
(-0.233751 20.0004 0)
(-0.233757 20.0004 0)
(-0.23376 20.0004 0)
(-0.233762 20.0004 0)
(-0.233764 20.0004 0)
(-0.233765 20.0004 0)
(-0.233765 20.0004 0)
(-0.233766 20.0004 0)
(-0.233766 20.0004 0)
(-0.233766 20.0004 0)
(-0.233766 20.0004 0)
(-0.233766 20.0004 0)
(-0.233766 20.0004 0)
(-0.233766 20.0004 0)
(-0.233766 20.0004 0)
(-0.233766 20.0004 0)
(-0.233766 20.0004 0)
(-0.233766 20.0004 0)
(-0.233766 20.0004 0)
(-0.233766 20.0004 0)
(-0.233766 20.0004 0)
(-0.233766 20.0004 0)
(-0.233766 20.0004 0)
(-0.233766 20.0004 0)
(-0.233766 20.0004 0)
(-0.233766 20.0004 0)
(-0.233766 20.0004 0)
(-0.233766 20.0004 0)
(-0.233766 20.0004 0)
(-0.233766 20.0004 0)
(-0.233766 20.0004 0)
(-0.233766 20.0004 0)
(-0.233766 20.0004 0)
(-0.233766 20.0004 0)
(-0.233766 20.0004 0)
(-0.233766 20.0004 0)
(-0.233766 20.0004 0)
(-0.233766 20.0004 0)
(-0.233766 20.0004 0)
(-0.233766 20.0004 0)
(-0.233766 20.0004 0)
(-0.233766 20.0004 0)
(-0.233766 20.0004 0)
(-0.233766 20.0004 0)
(-0.233766 20.0004 0)
(-0.233766 20.0004 0)
(-0.233766 20.0004 0)
(-0.233766 20.0004 0)
(-0.233766 20.0004 0)
(-0.233766 20.0004 0)
(-0.233766 20.0004 0)
(-0.233766 20.0004 0)
(-0.233766 20.0004 0)
(-0.233766 20.0004 0)
(-0.233766 20.0004 0)
(-0.233767 20.0004 0)
(-0.233767 20.0004 0)
(-0.233767 20.0004 0)
(-0.233767 20.0004 0)
(-0.233767 20.0004 0)
(-0.233768 20.0004 0)
(-0.233768 20.0004 0)
(-0.23377 20.0004 0)
(-0.233772 20.0004 0)
(-0.233776 20.0004 0)
(-0.233783 20.0003 0)
(-0.233794 20.0003 0)
(-0.233814 20.0002 0)
(-0.233848 20.0001 0)
(-0.233909 19.9999 0)
(-0.23402 19.9996 0)
(-0.234221 19.999 0)
(-0.234594 19.9981 0)
(-0.235255 19.9966 0)
(-0.236478 19.9941 0)
(-0.2383 19.9906 0)
(-0.240956 19.9873 0)
(-0.230094 19.6021 0)
(-0.23502 19.6586 0)
(-0.248233 19.7336 0)
(-0.258822 19.8001 0)
(-0.265831 19.8519 0)
(-0.270756 19.8908 0)
(-0.274268 19.9204 0)
(-0.277053 19.9427 0)
(-0.279212 19.9594 0)
(-0.280919 19.9717 0)
(-0.282228 19.9806 0)
(-0.283224 19.987 0)
(-0.283963 19.9914 0)
(-0.284501 19.9945 0)
(-0.284885 19.9966 0)
(-0.285155 19.998 0)
(-0.285341 19.9989 0)
(-0.285468 19.9994 0)
(-0.285553 19.9998 0)
(-0.285609 20 0)
(-0.285646 20.0002 0)
(-0.285671 20.0003 0)
(-0.285686 20.0003 0)
(-0.285696 20.0004 0)
(-0.285703 20.0004 0)
(-0.285707 20.0004 0)
(-0.28571 20.0004 0)
(-0.285711 20.0004 0)
(-0.285712 20.0004 0)
(-0.285713 20.0004 0)
(-0.285714 20.0004 0)
(-0.285714 20.0004 0)
(-0.285714 20.0004 0)
(-0.285714 20.0004 0)
(-0.285714 20.0004 0)
(-0.285714 20.0004 0)
(-0.285714 20.0004 0)
(-0.285714 20.0004 0)
(-0.285714 20.0004 0)
(-0.285714 20.0004 0)
(-0.285714 20.0004 0)
(-0.285714 20.0004 0)
(-0.285714 20.0004 0)
(-0.285714 20.0004 0)
(-0.285714 20.0004 0)
(-0.285714 20.0004 0)
(-0.285714 20.0004 0)
(-0.285714 20.0004 0)
(-0.285714 20.0004 0)
(-0.285714 20.0004 0)
(-0.285714 20.0004 0)
(-0.285714 20.0004 0)
(-0.285714 20.0004 0)
(-0.285714 20.0004 0)
(-0.285714 20.0004 0)
(-0.285714 20.0004 0)
(-0.285714 20.0004 0)
(-0.285714 20.0004 0)
(-0.285714 20.0004 0)
(-0.285714 20.0004 0)
(-0.285714 20.0004 0)
(-0.285714 20.0004 0)
(-0.285714 20.0004 0)
(-0.285714 20.0004 0)
(-0.285714 20.0004 0)
(-0.285714 20.0004 0)
(-0.285714 20.0004 0)
(-0.285714 20.0004 0)
(-0.285714 20.0004 0)
(-0.285714 20.0004 0)
(-0.285714 20.0004 0)
(-0.285714 20.0004 0)
(-0.285714 20.0004 0)
(-0.285714 20.0004 0)
(-0.285714 20.0004 0)
(-0.285714 20.0004 0)
(-0.285714 20.0004 0)
(-0.285714 20.0004 0)
(-0.285715 20.0004 0)
(-0.285715 20.0004 0)
(-0.285715 20.0004 0)
(-0.285715 20.0004 0)
(-0.285715 20.0004 0)
(-0.285716 20.0004 0)
(-0.285717 20.0004 0)
(-0.285718 20.0004 0)
(-0.285721 20.0004 0)
(-0.285726 20.0004 0)
(-0.285733 20.0004 0)
(-0.285747 20.0003 0)
(-0.28577 20.0002 0)
(-0.28581 20.0001 0)
(-0.285881 19.9999 0)
(-0.28601 19.9996 0)
(-0.286242 19.9991 0)
(-0.286676 19.9982 0)
(-0.287443 19.9969 0)
(-0.288872 19.9947 0)
(-0.291013 19.9915 0)
(-0.294169 19.9886 0)
(-0.272448 19.6118 0)
(-0.278689 19.6705 0)
(-0.294514 19.7443 0)
(-0.306964 19.8082 0)
(-0.315031 19.8579 0)
(-0.320674 19.8953 0)
(-0.324668 19.9237 0)
(-0.327836 19.9451 0)
(-0.330288 19.9611 0)
(-0.332227 19.9729 0)
(-0.333714 19.9815 0)
(-0.334845 19.9876 0)
(-0.335682 19.9919 0)
(-0.336292 19.9948 0)
(-0.336726 19.9968 0)
(-0.337031 19.9981 0)
(-0.337242 19.999 0)
(-0.337385 19.9995 0)
(-0.337481 19.9999 0)
(-0.337544 20.0001 0)
(-0.337586 20.0002 0)
(-0.337613 20.0003 0)
(-0.337631 20.0003 0)
(-0.337642 20.0004 0)
(-0.337649 20.0004 0)
(-0.337654 20.0004 0)
(-0.337657 20.0004 0)
(-0.337659 20.0004 0)
(-0.33766 20.0004 0)
(-0.337661 20.0004 0)
(-0.337661 20.0004 0)
(-0.337662 20.0004 0)
(-0.337662 20.0004 0)
(-0.337662 20.0004 0)
(-0.337662 20.0004 0)
(-0.337662 20.0004 0)
(-0.337662 20.0004 0)
(-0.337662 20.0004 0)
(-0.337662 20.0004 0)
(-0.337662 20.0004 0)
(-0.337662 20.0004 0)
(-0.337662 20.0004 0)
(-0.337662 20.0004 0)
(-0.337662 20.0004 0)
(-0.337662 20.0004 0)
(-0.337662 20.0004 0)
(-0.337662 20.0004 0)
(-0.337662 20.0004 0)
(-0.337662 20.0004 0)
(-0.337662 20.0004 0)
(-0.337662 20.0004 0)
(-0.337662 20.0004 0)
(-0.337662 20.0004 0)
(-0.337662 20.0004 0)
(-0.337662 20.0004 0)
(-0.337662 20.0004 0)
(-0.337662 20.0004 0)
(-0.337662 20.0004 0)
(-0.337662 20.0004 0)
(-0.337662 20.0004 0)
(-0.337662 20.0004 0)
(-0.337662 20.0004 0)
(-0.337662 20.0004 0)
(-0.337662 20.0004 0)
(-0.337662 20.0004 0)
(-0.337662 20.0004 0)
(-0.337662 20.0004 0)
(-0.337662 20.0004 0)
(-0.337662 20.0004 0)
(-0.337662 20.0004 0)
(-0.337662 20.0004 0)
(-0.337662 20.0004 0)
(-0.337662 20.0004 0)
(-0.337662 20.0004 0)
(-0.337662 20.0004 0)
(-0.337662 20.0004 0)
(-0.337662 20.0004 0)
(-0.337662 20.0004 0)
(-0.337662 20.0004 0)
(-0.337662 20.0004 0)
(-0.337663 20.0004 0)
(-0.337663 20.0004 0)
(-0.337663 20.0004 0)
(-0.337664 20.0004 0)
(-0.337665 20.0004 0)
(-0.337667 20.0004 0)
(-0.33767 20.0004 0)
(-0.337675 20.0004 0)
(-0.337683 20.0004 0)
(-0.337698 20.0003 0)
(-0.337724 20.0003 0)
(-0.337769 20.0002 0)
(-0.337848 20 0)
(-0.337992 19.9997 0)
(-0.338249 19.9992 0)
(-0.338729 19.9984 0)
(-0.339582 19.9972 0)
(-0.341176 19.9953 0)
(-0.343586 19.9926 0)
(-0.347186 19.9902 0)
(-0.315104 19.6236 0)
(-0.322909 19.6846 0)
(-0.341415 19.7568 0)
(-0.355667 19.8176 0)
(-0.364666 19.8648 0)
(-0.370933 19.9004 0)
(-0.375329 19.9275 0)
(-0.37882 19.9479 0)
(-0.381516 19.9632 0)
(-0.383649 19.9744 0)
(-0.385284 19.9826 0)
(-0.386525 19.9883 0)
(-0.387444 19.9924 0)
(-0.388113 19.9952 0)
(-0.388589 19.997 0)
(-0.388923 19.9983 0)
(-0.389153 19.9991 0)
(-0.389309 19.9996 0)
(-0.389413 19.9999 0)
(-0.389482 20.0001 0)
(-0.389527 20.0002 0)
(-0.389557 20.0003 0)
(-0.389576 20.0004 0)
(-0.389588 20.0004 0)
(-0.389596 20.0004 0)
(-0.389601 20.0004 0)
(-0.389604 20.0004 0)
(-0.389606 20.0004 0)
(-0.389607 20.0004 0)
(-0.389608 20.0004 0)
(-0.389609 20.0004 0)
(-0.389609 20.0004 0)
(-0.389609 20.0004 0)
(-0.389609 20.0004 0)
(-0.389609 20.0004 0)
(-0.389609 20.0004 0)
(-0.389609 20.0004 0)
(-0.38961 20.0004 0)
(-0.38961 20.0004 0)
(-0.38961 20.0004 0)
(-0.38961 20.0004 0)
(-0.38961 20.0004 0)
(-0.38961 20.0004 0)
(-0.38961 20.0004 0)
(-0.38961 20.0004 0)
(-0.38961 20.0004 0)
(-0.38961 20.0004 0)
(-0.38961 20.0004 0)
(-0.38961 20.0004 0)
(-0.38961 20.0004 0)
(-0.38961 20.0004 0)
(-0.38961 20.0004 0)
(-0.38961 20.0004 0)
(-0.38961 20.0004 0)
(-0.38961 20.0004 0)
(-0.38961 20.0004 0)
(-0.38961 20.0004 0)
(-0.38961 20.0004 0)
(-0.38961 20.0004 0)
(-0.38961 20.0004 0)
(-0.38961 20.0004 0)
(-0.38961 20.0004 0)
(-0.38961 20.0004 0)
(-0.38961 20.0004 0)
(-0.38961 20.0004 0)
(-0.38961 20.0004 0)
(-0.38961 20.0004 0)
(-0.38961 20.0004 0)
(-0.38961 20.0004 0)
(-0.38961 20.0004 0)
(-0.38961 20.0004 0)
(-0.38961 20.0004 0)
(-0.38961 20.0004 0)
(-0.38961 20.0004 0)
(-0.38961 20.0004 0)
(-0.38961 20.0004 0)
(-0.38961 20.0004 0)
(-0.38961 20.0004 0)
(-0.38961 20.0004 0)
(-0.38961 20.0004 0)
(-0.38961 20.0004 0)
(-0.38961 20.0004 0)
(-0.389611 20.0004 0)
(-0.389611 20.0004 0)
(-0.389612 20.0004 0)
(-0.389614 20.0004 0)
(-0.389618 20.0004 0)
(-0.389623 20.0004 0)
(-0.389633 20.0004 0)
(-0.389649 20.0004 0)
(-0.389677 20.0003 0)
(-0.389725 20.0002 0)
(-0.38981 20 0)
(-0.389964 19.9998 0)
(-0.390239 19.9993 0)
(-0.390752 19.9986 0)
(-0.391664 19.9976 0)
(-0.39338 19.996 0)
(-0.395998 19.9938 0)
(-0.399971 19.9919 0)
(-0.358147 19.6375 0)
(-0.367835 19.701 0)
(-0.38907 19.771 0)
(-0.405031 19.8283 0)
(-0.414804 19.8726 0)
(-0.421581 19.9062 0)
(-0.426287 19.9318 0)
(-0.430031 19.951 0)
(-0.432916 19.9655 0)
(-0.435199 19.9761 0)
(-0.436947 19.9837 0)
(-0.438273 19.9892 0)
(-0.439254 19.993 0)
(-0.439967 19.9956 0)
(-0.440474 19.9973 0)
(-0.440829 19.9985 0)
(-0.441073 19.9992 0)
(-0.441238 19.9997 0)
(-0.441349 20 0)
(-0.441422 20.0002 0)
(-0.441469 20.0003 0)
(-0.4415 20.0003 0)
(-0.44152 20.0004 0)
(-0.441533 20.0004 0)
(-0.441541 20.0004 0)
(-0.441547 20.0004 0)
(-0.44155 20.0004 0)
(-0.441552 20.0004 0)
(-0.441553 20.0004 0)
(-0.441554 20.0004 0)
(-0.441555 20.0004 0)
(-0.441555 20.0004 0)
(-0.441555 20.0004 0)
(-0.441555 20.0004 0)
(-0.441555 20.0004 0)
(-0.441555 20.0004 0)
(-0.441555 20.0004 0)
(-0.441556 20.0004 0)
(-0.441556 20.0004 0)
(-0.441556 20.0004 0)
(-0.441556 20.0004 0)
(-0.441556 20.0004 0)
(-0.441556 20.0004 0)
(-0.441556 20.0004 0)
(-0.441556 20.0004 0)
(-0.441556 20.0004 0)
(-0.441556 20.0004 0)
(-0.441556 20.0004 0)
(-0.441556 20.0004 0)
(-0.441556 20.0004 0)
(-0.441556 20.0004 0)
(-0.441556 20.0004 0)
(-0.441556 20.0004 0)
(-0.441556 20.0004 0)
(-0.441556 20.0004 0)
(-0.441556 20.0004 0)
(-0.441556 20.0004 0)
(-0.441556 20.0004 0)
(-0.441556 20.0004 0)
(-0.441556 20.0004 0)
(-0.441556 20.0004 0)
(-0.441556 20.0004 0)
(-0.441556 20.0004 0)
(-0.441556 20.0004 0)
(-0.441556 20.0004 0)
(-0.441556 20.0004 0)
(-0.441556 20.0004 0)
(-0.441556 20.0004 0)
(-0.441556 20.0004 0)
(-0.441556 20.0004 0)
(-0.441556 20.0004 0)
(-0.441556 20.0004 0)
(-0.441556 20.0004 0)
(-0.441556 20.0004 0)
(-0.441556 20.0004 0)
(-0.441556 20.0004 0)
(-0.441556 20.0004 0)
(-0.441556 20.0004 0)
(-0.441556 20.0004 0)
(-0.441556 20.0004 0)
(-0.441556 20.0004 0)
(-0.441556 20.0004 0)
(-0.441557 20.0004 0)
(-0.441557 20.0004 0)
(-0.441558 20.0004 0)
(-0.441561 20.0004 0)
(-0.441564 20.0004 0)
(-0.44157 20.0004 0)
(-0.44158 20.0004 0)
(-0.441597 20.0004 0)
(-0.441626 20.0003 0)
(-0.441677 20.0002 0)
(-0.441766 20.0001 0)
(-0.441925 19.9998 0)
(-0.44221 19.9995 0)
(-0.44274 19.9989 0)
(-0.443685 19.998 0)
(-0.445474 19.9967 0)
(-0.448232 19.9951 0)
(-0.452492 19.9937 0)
(-0.401684 19.6539 0)
(-0.413665 19.72 0)
(-0.437625 19.787 0)
(-0.455156 19.84 0)
(-0.465506 19.8812 0)
(-0.472664 19.9125 0)
(-0.477576 19.9364 0)
(-0.481493 19.9545 0)
(-0.484504 19.968 0)
(-0.486889 19.9779 0)
(-0.488711 19.985 0)
(-0.490094 19.9901 0)
(-0.491115 19.9936 0)
(-0.491856 19.996 0)
(-0.492382 19.9976 0)
(-0.49275 19.9987 0)
(-0.493002 19.9993 0)
(-0.493173 19.9998 0)
(-0.493286 20 0)
(-0.493361 20.0002 0)
(-0.49341 20.0003 0)
(-0.493442 20.0004 0)
(-0.493462 20.0004 0)
(-0.493475 20.0004 0)
(-0.493483 20.0004 0)
(-0.493489 20.0005 0)
(-0.493492 20.0005 0)
(-0.493494 20.0005 0)
(-0.493495 20.0005 0)
(-0.493496 20.0005 0)
(-0.493497 20.0005 0)
(-0.493497 20.0005 0)
(-0.493497 20.0005 0)
(-0.493497 20.0005 0)
(-0.493497 20.0005 0)
(-0.493498 20.0005 0)
(-0.493498 20.0005 0)
(-0.493498 20.0005 0)
(-0.493498 20.0005 0)
(-0.493498 20.0005 0)
(-0.493498 20.0005 0)
(-0.493498 20.0005 0)
(-0.493498 20.0005 0)
(-0.493498 20.0005 0)
(-0.493498 20.0005 0)
(-0.493498 20.0005 0)
(-0.493498 20.0005 0)
(-0.493498 20.0005 0)
(-0.493498 20.0005 0)
(-0.493498 20.0005 0)
(-0.493498 20.0005 0)
(-0.493498 20.0005 0)
(-0.493498 20.0005 0)
(-0.493498 20.0005 0)
(-0.493498 20.0005 0)
(-0.493498 20.0005 0)
(-0.493498 20.0005 0)
(-0.493498 20.0005 0)
(-0.493498 20.0005 0)
(-0.493498 20.0005 0)
(-0.493498 20.0005 0)
(-0.493498 20.0005 0)
(-0.493498 20.0005 0)
(-0.493498 20.0005 0)
(-0.493498 20.0005 0)
(-0.493498 20.0005 0)
(-0.493498 20.0005 0)
(-0.493498 20.0005 0)
(-0.493498 20.0005 0)
(-0.493498 20.0005 0)
(-0.493498 20.0005 0)
(-0.493498 20.0005 0)
(-0.493498 20.0005 0)
(-0.493498 20.0005 0)
(-0.493498 20.0005 0)
(-0.493498 20.0005 0)
(-0.493498 20.0005 0)
(-0.493498 20.0005 0)
(-0.493498 20.0005 0)
(-0.493498 20.0005 0)
(-0.493498 20.0005 0)
(-0.493498 20.0005 0)
(-0.493499 20.0005 0)
(-0.493499 20.0005 0)
(-0.493501 20.0005 0)
(-0.493503 20.0005 0)
(-0.493506 20.0004 0)
(-0.493512 20.0004 0)
(-0.493522 20.0004 0)
(-0.49354 20.0004 0)
(-0.49357 20.0003 0)
(-0.493622 20.0003 0)
(-0.493712 20.0001 0)
(-0.493872 19.9999 0)
(-0.494159 19.9996 0)
(-0.49469 19.9991 0)
(-0.495641 19.9984 0)
(-0.49745 19.9975 0)
(-0.500273 19.9964 0)
(-0.504715 19.9956 0)
(-0.445856 19.6731 0)
(-0.460646 19.7414 0)
(-0.487239 19.8047 0)
(-0.506141 19.8529 0)
(-0.516829 19.8905 0)
(-0.524217 19.9194 0)
(-0.529218 19.9415 0)
(-0.533223 19.9582 0)
(-0.536292 19.9707 0)
(-0.538724 19.9798 0)
(-0.540579 19.9864 0)
(-0.541986 19.991 0)
(-0.543022 19.9942 0)
(-0.543773 19.9964 0)
(-0.544306 19.9979 0)
(-0.544678 19.9989 0)
(-0.544932 19.9995 0)
(-0.545104 19.9999 0)
(-0.545218 20.0001 0)
(-0.545293 20.0003 0)
(-0.545341 20.0003 0)
(-0.545373 20.0004 0)
(-0.545393 20.0004 0)
(-0.545406 20.0005 0)
(-0.545414 20.0005 0)
(-0.545419 20.0005 0)
(-0.545422 20.0005 0)
(-0.545424 20.0005 0)
(-0.545426 20.0005 0)
(-0.545426 20.0005 0)
(-0.545427 20.0005 0)
(-0.545427 20.0005 0)
(-0.545428 20.0005 0)
(-0.545428 20.0005 0)
(-0.545428 20.0005 0)
(-0.545428 20.0005 0)
(-0.545428 20.0005 0)
(-0.545428 20.0005 0)
(-0.545428 20.0005 0)
(-0.545428 20.0005 0)
(-0.545428 20.0005 0)
(-0.545428 20.0005 0)
(-0.545428 20.0005 0)
(-0.545428 20.0005 0)
(-0.545428 20.0005 0)
(-0.545428 20.0005 0)
(-0.545428 20.0005 0)
(-0.545428 20.0005 0)
(-0.545428 20.0005 0)
(-0.545428 20.0005 0)
(-0.545428 20.0005 0)
(-0.545428 20.0005 0)
(-0.545428 20.0005 0)
(-0.545428 20.0005 0)
(-0.545428 20.0005 0)
(-0.545428 20.0005 0)
(-0.545428 20.0005 0)
(-0.545428 20.0005 0)
(-0.545428 20.0005 0)
(-0.545428 20.0005 0)
(-0.545428 20.0005 0)
(-0.545428 20.0005 0)
(-0.545428 20.0005 0)
(-0.545428 20.0005 0)
(-0.545428 20.0005 0)
(-0.545428 20.0005 0)
(-0.545428 20.0005 0)
(-0.545428 20.0005 0)
(-0.545428 20.0005 0)
(-0.545428 20.0005 0)
(-0.545428 20.0005 0)
(-0.545428 20.0005 0)
(-0.545428 20.0005 0)
(-0.545428 20.0005 0)
(-0.545428 20.0005 0)
(-0.545428 20.0005 0)
(-0.545428 20.0005 0)
(-0.545428 20.0005 0)
(-0.545428 20.0005 0)
(-0.545428 20.0005 0)
(-0.545428 20.0005 0)
(-0.545429 20.0005 0)
(-0.545429 20.0005 0)
(-0.54543 20.0005 0)
(-0.545431 20.0005 0)
(-0.545433 20.0005 0)
(-0.545437 20.0005 0)
(-0.545443 20.0005 0)
(-0.545453 20.0004 0)
(-0.54547 20.0004 0)
(-0.5455 20.0004 0)
(-0.545551 20.0003 0)
(-0.54564 20.0002 0)
(-0.545798 20 0)
(-0.546078 19.9997 0)
(-0.546596 19.9993 0)
(-0.547525 19.9988 0)
(-0.549299 19.9982 0)
(-0.552104 19.9977 0)
(-0.556603 19.9974 0)
(-0.490841 19.6955 0)
(-0.509082 19.7655 0)
(-0.538069 19.8239 0)
(-0.558064 19.8668 0)
(-0.568808 19.9006 0)
(-0.576257 19.9268 0)
(-0.581223 19.947 0)
(-0.58522 19.9622 0)
(-0.588272 19.9735 0)
(-0.590693 19.9818 0)
(-0.592535 19.9878 0)
(-0.593931 19.992 0)
(-0.594957 19.9949 0)
(-0.5957 19.9969 0)
(-0.596225 19.9982 0)
(-0.596591 19.9991 0)
(-0.596841 19.9996 0)
(-0.597009 20 0)
(-0.59712 20.0002 0)
(-0.597193 20.0003 0)
(-0.59724 20.0004 0)
(-0.59727 20.0004 0)
(-0.59729 20.0005 0)
(-0.597302 20.0005 0)
(-0.59731 20.0005 0)
(-0.597315 20.0005 0)
(-0.597318 20.0005 0)
(-0.59732 20.0005 0)
(-0.597321 20.0005 0)
(-0.597322 20.0005 0)
(-0.597322 20.0005 0)
(-0.597323 20.0005 0)
(-0.597323 20.0005 0)
(-0.597323 20.0005 0)
(-0.597323 20.0005 0)
(-0.597323 20.0005 0)
(-0.597323 20.0005 0)
(-0.597323 20.0005 0)
(-0.597323 20.0005 0)
(-0.597323 20.0005 0)
(-0.597323 20.0005 0)
(-0.597323 20.0005 0)
(-0.597323 20.0005 0)
(-0.597323 20.0005 0)
(-0.597323 20.0005 0)
(-0.597323 20.0005 0)
(-0.597323 20.0005 0)
(-0.597323 20.0005 0)
(-0.597323 20.0005 0)
(-0.597323 20.0005 0)
(-0.597323 20.0005 0)
(-0.597323 20.0005 0)
(-0.597323 20.0005 0)
(-0.597323 20.0005 0)
(-0.597323 20.0005 0)
(-0.597323 20.0005 0)
(-0.597323 20.0005 0)
(-0.597323 20.0005 0)
(-0.597323 20.0005 0)
(-0.597323 20.0005 0)
(-0.597323 20.0005 0)
(-0.597323 20.0005 0)
(-0.597323 20.0005 0)
(-0.597323 20.0005 0)
(-0.597323 20.0005 0)
(-0.597323 20.0005 0)
(-0.597323 20.0005 0)
(-0.597323 20.0005 0)
(-0.597323 20.0005 0)
(-0.597323 20.0005 0)
(-0.597323 20.0005 0)
(-0.597323 20.0005 0)
(-0.597323 20.0005 0)
(-0.597323 20.0005 0)
(-0.597323 20.0005 0)
(-0.597323 20.0005 0)
(-0.597323 20.0005 0)
(-0.597323 20.0005 0)
(-0.597323 20.0005 0)
(-0.597323 20.0005 0)
(-0.597324 20.0005 0)
(-0.597324 20.0005 0)
(-0.597324 20.0005 0)
(-0.597325 20.0005 0)
(-0.597326 20.0005 0)
(-0.597328 20.0005 0)
(-0.597331 20.0005 0)
(-0.597337 20.0005 0)
(-0.597347 20.0005 0)
(-0.597364 20.0004 0)
(-0.597393 20.0004 0)
(-0.597443 20.0003 0)
(-0.597528 20.0002 0)
(-0.597679 20.0001 0)
(-0.597945 19.9998 0)
(-0.598435 19.9995 0)
(-0.599314 19.9992 0)
(-0.600999 19.9989 0)
(-0.603699 19.999 0)
(-0.608106 19.9993 0)
(-0.536851 19.7218 0)
(-0.559334 19.7923 0)
(-0.590238 19.8445 0)
(-0.610951 19.8815 0)
(-0.621421 19.9112 0)
(-0.628751 19.9346 0)
(-0.633545 19.9527 0)
(-0.637436 19.9664 0)
(-0.640391 19.9766 0)
(-0.642737 19.984 0)
(-0.644518 19.9893 0)
(-0.645865 19.993 0)
(-0.646853 19.9956 0)
(-0.647567 19.9974 0)
(-0.648071 19.9985 0)
(-0.64842 19.9993 0)
(-0.648658 19.9998 0)
(-0.648817 20.0001 0)
(-0.648922 20.0003 0)
(-0.648991 20.0004 0)
(-0.649035 20.0004 0)
(-0.649064 20.0005 0)
(-0.649082 20.0005 0)
(-0.649093 20.0005 0)
(-0.649101 20.0005 0)
(-0.649105 20.0005 0)
(-0.649108 20.0005 0)
(-0.64911 20.0005 0)
(-0.649111 20.0005 0)
(-0.649111 20.0005 0)
(-0.649112 20.0005 0)
(-0.649112 20.0005 0)
(-0.649112 20.0005 0)
(-0.649113 20.0005 0)
(-0.649113 20.0005 0)
(-0.649113 20.0005 0)
(-0.649113 20.0005 0)
(-0.649113 20.0005 0)
(-0.649113 20.0005 0)
(-0.649113 20.0005 0)
(-0.649113 20.0005 0)
(-0.649113 20.0005 0)
(-0.649113 20.0005 0)
(-0.649113 20.0005 0)
(-0.649113 20.0005 0)
(-0.649113 20.0005 0)
(-0.649113 20.0005 0)
(-0.649113 20.0005 0)
(-0.649113 20.0005 0)
(-0.649113 20.0005 0)
(-0.649113 20.0005 0)
(-0.649113 20.0005 0)
(-0.649113 20.0005 0)
(-0.649113 20.0005 0)
(-0.649113 20.0005 0)
(-0.649113 20.0005 0)
(-0.649113 20.0005 0)
(-0.649113 20.0005 0)
(-0.649113 20.0005 0)
(-0.649113 20.0005 0)
(-0.649113 20.0005 0)
(-0.649113 20.0005 0)
(-0.649113 20.0005 0)
(-0.649113 20.0005 0)
(-0.649113 20.0005 0)
(-0.649113 20.0005 0)
(-0.649113 20.0005 0)
(-0.649113 20.0005 0)
(-0.649113 20.0005 0)
(-0.649113 20.0005 0)
(-0.649113 20.0005 0)
(-0.649113 20.0005 0)
(-0.649113 20.0005 0)
(-0.649113 20.0005 0)
(-0.649113 20.0005 0)
(-0.649113 20.0005 0)
(-0.649113 20.0005 0)
(-0.649113 20.0005 0)
(-0.649113 20.0005 0)
(-0.649113 20.0005 0)
(-0.649113 20.0005 0)
(-0.649113 20.0005 0)
(-0.649114 20.0005 0)
(-0.649114 20.0005 0)
(-0.649115 20.0005 0)
(-0.649117 20.0005 0)
(-0.64912 20.0005 0)
(-0.649126 20.0005 0)
(-0.649135 20.0005 0)
(-0.649151 20.0005 0)
(-0.649179 20.0004 0)
(-0.649225 20.0004 0)
(-0.649306 20.0003 0)
(-0.649446 20.0002 0)
(-0.649691 20 0)
(-0.65014 19.9997 0)
(-0.650944 19.9995 0)
(-0.652488 19.9995 0)
(-0.654992 20.0001 0)
(-0.659132 20.0009 0)
(-0.584096 19.7526 0)
(-0.611751 19.8217 0)
(-0.643732 19.8663 0)
(-0.664673 19.8968 0)
(-0.674499 19.9223 0)
(-0.681517 19.9428 0)
(-0.685999 19.9587 0)
(-0.689677 19.9708 0)
(-0.692449 19.9797 0)
(-0.694654 19.9862 0)
(-0.696321 19.9908 0)
(-0.69758 19.9941 0)
(-0.698501 19.9964 0)
(-0.699165 19.9979 0)
(-0.699631 19.9989 0)
(-0.699954 19.9995 0)
(-0.700173 19.9999 0)
(-0.700319 20.0002 0)
(-0.700414 20.0003 0)
(-0.700477 20.0004 0)
(-0.700517 20.0005 0)
(-0.700542 20.0005 0)
(-0.700558 20.0005 0)
(-0.700569 20.0005 0)
(-0.700575 20.0005 0)
(-0.700579 20.0005 0)
(-0.700581 20.0005 0)
(-0.700583 20.0005 0)
(-0.700584 20.0005 0)
(-0.700585 20.0005 0)
(-0.700585 20.0005 0)
(-0.700585 20.0005 0)
(-0.700585 20.0005 0)
(-0.700586 20.0005 0)
(-0.700586 20.0005 0)
(-0.700586 20.0005 0)
(-0.700586 20.0005 0)
(-0.700586 20.0005 0)
(-0.700586 20.0005 0)
(-0.700586 20.0005 0)
(-0.700586 20.0005 0)
(-0.700586 20.0005 0)
(-0.700586 20.0005 0)
(-0.700586 20.0005 0)
(-0.700586 20.0005 0)
(-0.700586 20.0005 0)
(-0.700586 20.0005 0)
(-0.700586 20.0005 0)
(-0.700586 20.0005 0)
(-0.700586 20.0005 0)
(-0.700586 20.0005 0)
(-0.700586 20.0005 0)
(-0.700586 20.0005 0)
(-0.700586 20.0005 0)
(-0.700586 20.0005 0)
(-0.700586 20.0005 0)
(-0.700586 20.0005 0)
(-0.700586 20.0005 0)
(-0.700586 20.0005 0)
(-0.700586 20.0005 0)
(-0.700586 20.0005 0)
(-0.700586 20.0005 0)
(-0.700586 20.0005 0)
(-0.700586 20.0005 0)
(-0.700586 20.0005 0)
(-0.700586 20.0005 0)
(-0.700586 20.0005 0)
(-0.700586 20.0005 0)
(-0.700586 20.0005 0)
(-0.700586 20.0005 0)
(-0.700586 20.0005 0)
(-0.700586 20.0005 0)
(-0.700586 20.0005 0)
(-0.700586 20.0005 0)
(-0.700586 20.0005 0)
(-0.700586 20.0005 0)
(-0.700586 20.0005 0)
(-0.700586 20.0005 0)
(-0.700586 20.0005 0)
(-0.700586 20.0005 0)
(-0.700586 20.0005 0)
(-0.700586 20.0005 0)
(-0.700586 20.0005 0)
(-0.700587 20.0005 0)
(-0.700588 20.0005 0)
(-0.70059 20.0005 0)
(-0.700592 20.0005 0)
(-0.700597 20.0005 0)
(-0.700606 20.0005 0)
(-0.700621 20.0005 0)
(-0.700646 20.0005 0)
(-0.700688 20.0004 0)
(-0.700761 20.0003 0)
(-0.700887 20.0002 0)
(-0.701106 20.0001 0)
(-0.701502 19.9999 0)
(-0.702212 19.9998 0)
(-0.703566 20.0001 0)
(-0.705785 20.0011 0)
(-0.709453 20.0024 0)
(-0.632588 19.7891 0)
(-0.666427 19.8534 0)
(-0.698097 19.8888 0)
(-0.718649 19.9127 0)
(-0.727432 19.9338 0)
(-0.733945 19.9513 0)
(-0.737971 19.965 0)
(-0.741325 19.9753 0)
(-0.743825 19.9829 0)
(-0.745818 19.9885 0)
(-0.747317 19.9924 0)
(-0.748447 19.9952 0)
(-0.74927 19.9971 0)
(-0.749861 19.9984 0)
(-0.750275 19.9992 0)
(-0.75056 19.9997 0)
(-0.750752 20.0001 0)
(-0.750879 20.0003 0)
(-0.750962 20.0004 0)
(-0.751016 20.0005 0)
(-0.75105 20.0005 0)
(-0.751072 20.0005 0)
(-0.751086 20.0005 0)
(-0.751094 20.0005 0)
(-0.7511 20.0005 0)
(-0.751103 20.0006 0)
(-0.751105 20.0006 0)
(-0.751106 20.0006 0)
(-0.751107 20.0006 0)
(-0.751108 20.0006 0)
(-0.751108 20.0006 0)
(-0.751108 20.0006 0)
(-0.751108 20.0006 0)
(-0.751108 20.0006 0)
(-0.751108 20.0006 0)
(-0.751108 20.0006 0)
(-0.751108 20.0006 0)
(-0.751108 20.0006 0)
(-0.751108 20.0006 0)
(-0.751108 20.0006 0)
(-0.751108 20.0006 0)
(-0.751108 20.0006 0)
(-0.751108 20.0006 0)
(-0.751108 20.0006 0)
(-0.751108 20.0006 0)
(-0.751108 20.0006 0)
(-0.751108 20.0006 0)
(-0.751108 20.0006 0)
(-0.751108 20.0006 0)
(-0.751108 20.0006 0)
(-0.751108 20.0006 0)
(-0.751108 20.0006 0)
(-0.751108 20.0006 0)
(-0.751108 20.0006 0)
(-0.751108 20.0006 0)
(-0.751108 20.0006 0)
(-0.751108 20.0006 0)
(-0.751108 20.0006 0)
(-0.751108 20.0006 0)
(-0.751108 20.0006 0)
(-0.751108 20.0006 0)
(-0.751108 20.0006 0)
(-0.751108 20.0006 0)
(-0.751108 20.0006 0)
(-0.751108 20.0006 0)
(-0.751108 20.0006 0)
(-0.751108 20.0006 0)
(-0.751108 20.0006 0)
(-0.751108 20.0006 0)
(-0.751108 20.0006 0)
(-0.751108 20.0006 0)
(-0.751108 20.0006 0)
(-0.751108 20.0006 0)
(-0.751108 20.0006 0)
(-0.751108 20.0006 0)
(-0.751108 20.0006 0)
(-0.751108 20.0006 0)
(-0.751108 20.0006 0)
(-0.751108 20.0006 0)
(-0.751108 20.0006 0)
(-0.751109 20.0006 0)
(-0.751109 20.0006 0)
(-0.751109 20.0006 0)
(-0.751109 20.0006 0)
(-0.75111 20.0006 0)
(-0.751112 20.0005 0)
(-0.751114 20.0005 0)
(-0.751119 20.0005 0)
(-0.751126 20.0005 0)
(-0.751139 20.0005 0)
(-0.751161 20.0005 0)
(-0.751198 20.0005 0)
(-0.751261 20.0004 0)
(-0.751371 20.0003 0)
(-0.751558 20.0002 0)
(-0.751894 20.0001 0)
(-0.752492 20.0001 0)
(-0.753619 20.0005 0)
(-0.755469 20.0018 0)
(-0.758433 20.0035 0)
(-0.681478 19.8323 0)
(-0.722372 19.8868 0)
(-0.751562 19.9116 0)
(-0.77099 19.9289 0)
(-0.778326 19.9456 0)
(-0.784145 19.96 0)
(-0.78757 19.9714 0)
(-0.790488 19.9799 0)
(-0.792624 19.9862 0)
(-0.794333 19.9908 0)
(-0.795607 19.994 0)
(-0.796566 19.9963 0)
(-0.797259 19.9978 0)
(-0.797756 19.9988 0)
(-0.798101 19.9995 0)
(-0.798337 20 0)
(-0.798495 20.0002 0)
(-0.798599 20.0004 0)
(-0.798666 20.0005 0)
(-0.798709 20.0005 0)
(-0.798736 20.0006 0)
(-0.798753 20.0006 0)
(-0.798764 20.0006 0)
(-0.79877 20.0006 0)
(-0.798774 20.0006 0)
(-0.798777 20.0006 0)
(-0.798778 20.0006 0)
(-0.798779 20.0006 0)
(-0.79878 20.0006 0)
(-0.79878 20.0006 0)
(-0.79878 20.0006 0)
(-0.798781 20.0006 0)
(-0.798781 20.0006 0)
(-0.798781 20.0006 0)
(-0.798781 20.0006 0)
(-0.798781 20.0006 0)
(-0.798781 20.0006 0)
(-0.798781 20.0006 0)
(-0.798781 20.0006 0)
(-0.798781 20.0006 0)
(-0.798781 20.0006 0)
(-0.798781 20.0006 0)
(-0.798781 20.0006 0)
(-0.798781 20.0006 0)
(-0.798781 20.0006 0)
(-0.798781 20.0006 0)
(-0.798781 20.0006 0)
(-0.798781 20.0006 0)
(-0.798781 20.0006 0)
(-0.798781 20.0006 0)
(-0.798781 20.0006 0)
(-0.798781 20.0006 0)
(-0.798781 20.0006 0)
(-0.798781 20.0006 0)
(-0.798781 20.0006 0)
(-0.798781 20.0006 0)
(-0.798781 20.0006 0)
(-0.798781 20.0006 0)
(-0.798781 20.0006 0)
(-0.798781 20.0006 0)
(-0.798781 20.0006 0)
(-0.798781 20.0006 0)
(-0.798781 20.0006 0)
(-0.798781 20.0006 0)
(-0.798781 20.0006 0)
(-0.798781 20.0006 0)
(-0.798781 20.0006 0)
(-0.798781 20.0006 0)
(-0.798781 20.0006 0)
(-0.798781 20.0006 0)
(-0.798781 20.0006 0)
(-0.798781 20.0006 0)
(-0.798781 20.0006 0)
(-0.798781 20.0006 0)
(-0.798781 20.0006 0)
(-0.798781 20.0006 0)
(-0.798781 20.0006 0)
(-0.798781 20.0006 0)
(-0.798781 20.0006 0)
(-0.798781 20.0006 0)
(-0.798781 20.0006 0)
(-0.798781 20.0006 0)
(-0.798781 20.0006 0)
(-0.798782 20.0006 0)
(-0.798782 20.0006 0)
(-0.798783 20.0006 0)
(-0.798785 20.0006 0)
(-0.798789 20.0006 0)
(-0.798795 20.0006 0)
(-0.798806 20.0006 0)
(-0.798824 20.0006 0)
(-0.798855 20.0005 0)
(-0.798907 20.0005 0)
(-0.798997 20.0004 0)
(-0.79915 20.0003 0)
(-0.799419 20.0003 0)
(-0.799897 20.0003 0)
(-0.80077 20.0008 0)
(-0.802182 20.0023 0)
(-0.804197 20.0042 0)
(-0.726912 19.8841 0)
(-0.774967 19.921 0)
(-0.798455 19.9341 0)
(-0.815931 19.9454 0)
(-0.821449 19.9578 0)
(-0.826404 19.9691 0)
(-0.829089 19.978 0)
(-0.831459 19.9847 0)
(-0.833138 19.9896 0)
(-0.834491 19.9932 0)
(-0.835485 19.9957 0)
(-0.836231 19.9974 0)
(-0.836766 19.9986 0)
(-0.837145 19.9994 0)
(-0.837407 19.9999 0)
(-0.837583 20.0003 0)
(-0.8377 20.0005 0)
(-0.837776 20.0006 0)
(-0.837824 20.0007 0)
(-0.837854 20.0007 0)
(-0.837873 20.0007 0)
(-0.837884 20.0007 0)
(-0.837891 20.0007 0)
(-0.837896 20.0007 0)
(-0.837898 20.0007 0)
(-0.8379 20.0007 0)
(-0.837901 20.0007 0)
(-0.837901 20.0007 0)
(-0.837902 20.0007 0)
(-0.837902 20.0007 0)
(-0.837902 20.0007 0)
(-0.837902 20.0007 0)
(-0.837902 20.0007 0)
(-0.837902 20.0007 0)
(-0.837902 20.0007 0)
(-0.837902 20.0007 0)
(-0.837902 20.0007 0)
(-0.837902 20.0007 0)
(-0.837902 20.0007 0)
(-0.837902 20.0007 0)
(-0.837902 20.0007 0)
(-0.837902 20.0007 0)
(-0.837902 20.0007 0)
(-0.837902 20.0007 0)
(-0.837902 20.0007 0)
(-0.837902 20.0007 0)
(-0.837902 20.0007 0)
(-0.837902 20.0007 0)
(-0.837902 20.0007 0)
(-0.837902 20.0007 0)
(-0.837902 20.0007 0)
(-0.837902 20.0007 0)
(-0.837902 20.0007 0)
(-0.837902 20.0007 0)
(-0.837902 20.0007 0)
(-0.837902 20.0007 0)
(-0.837902 20.0007 0)
(-0.837902 20.0007 0)
(-0.837902 20.0007 0)
(-0.837902 20.0007 0)
(-0.837902 20.0007 0)
(-0.837902 20.0007 0)
(-0.837902 20.0007 0)
(-0.837902 20.0007 0)
(-0.837902 20.0007 0)
(-0.837902 20.0007 0)
(-0.837902 20.0007 0)
(-0.837902 20.0007 0)
(-0.837902 20.0007 0)
(-0.837902 20.0007 0)
(-0.837902 20.0007 0)
(-0.837902 20.0007 0)
(-0.837902 20.0007 0)
(-0.837902 20.0007 0)
(-0.837902 20.0007 0)
(-0.837902 20.0007 0)
(-0.837902 20.0007 0)
(-0.837902 20.0007 0)
(-0.837902 20.0007 0)
(-0.837902 20.0007 0)
(-0.837902 20.0007 0)
(-0.837902 20.0007 0)
(-0.837902 20.0007 0)
(-0.837903 20.0007 0)
(-0.837903 20.0007 0)
(-0.837904 20.0007 0)
(-0.837905 20.0007 0)
(-0.837908 20.0007 0)
(-0.837913 20.0007 0)
(-0.837921 20.0007 0)
(-0.837934 20.0007 0)
(-0.837958 20.0007 0)
(-0.837998 20.0006 0)
(-0.838067 20.0006 0)
(-0.838183 20.0005 0)
(-0.838385 20.0005 0)
(-0.838738 20.0006 0)
(-0.839347 20.0011 0)
(-0.840285 20.0026 0)
(-0.841143 20.0045 0)
(-0.755199 19.9459 0)
(-0.808176 19.954 0)
(-0.821527 19.9558 0)
(-0.83618 19.9619 0)
(-0.839612 19.9702 0)
(-0.843549 19.9785 0)
(-0.845371 19.9849 0)
(-0.847089 19.9897 0)
(-0.848229 19.9932 0)
(-0.849161 19.9958 0)
(-0.849826 19.9975 0)
(-0.850324 19.9988 0)
(-0.850673 19.9996 0)
(-0.850917 20.0002 0)
(-0.851082 20.0005 0)
(-0.851191 20.0008 0)
(-0.85126 20.0009 0)
(-0.851304 20.001 0)
(-0.851331 20.001 0)
(-0.851348 20.0011 0)
(-0.851357 20.0011 0)
(-0.851363 20.0011 0)
(-0.851366 20.0011 0)
(-0.851368 20.0011 0)
(-0.851369 20.0011 0)
(-0.85137 20.0011 0)
(-0.85137 20.0011 0)
(-0.85137 20.0011 0)
(-0.85137 20.0011 0)
(-0.85137 20.0011 0)
(-0.85137 20.0011 0)
(-0.85137 20.0011 0)
(-0.85137 20.0011 0)
(-0.85137 20.0011 0)
(-0.85137 20.0011 0)
(-0.85137 20.0011 0)
(-0.85137 20.0011 0)
(-0.85137 20.0011 0)
(-0.85137 20.0011 0)
(-0.85137 20.0011 0)
(-0.85137 20.0011 0)
(-0.85137 20.0011 0)
(-0.85137 20.0011 0)
(-0.85137 20.0011 0)
(-0.85137 20.0011 0)
(-0.85137 20.0011 0)
(-0.85137 20.0011 0)
(-0.85137 20.0011 0)
(-0.85137 20.0011 0)
(-0.85137 20.0011 0)
(-0.85137 20.0011 0)
(-0.85137 20.0011 0)
(-0.85137 20.0011 0)
(-0.85137 20.0011 0)
(-0.85137 20.0011 0)
(-0.85137 20.0011 0)
(-0.85137 20.0011 0)
(-0.85137 20.0011 0)
(-0.85137 20.0011 0)
(-0.85137 20.0011 0)
(-0.85137 20.0011 0)
(-0.85137 20.0011 0)
(-0.85137 20.0011 0)
(-0.85137 20.0011 0)
(-0.85137 20.0011 0)
(-0.85137 20.0011 0)
(-0.85137 20.0011 0)
(-0.85137 20.0011 0)
(-0.85137 20.0011 0)
(-0.85137 20.0011 0)
(-0.85137 20.0011 0)
(-0.85137 20.0011 0)
(-0.85137 20.0011 0)
(-0.85137 20.0011 0)
(-0.85137 20.0011 0)
(-0.85137 20.0011 0)
(-0.85137 20.0011 0)
(-0.85137 20.0011 0)
(-0.85137 20.0011 0)
(-0.85137 20.0011 0)
(-0.85137 20.0011 0)
(-0.85137 20.0011 0)
(-0.85137 20.0011 0)
(-0.85137 20.0011 0)
(-0.851371 20.0011 0)
(-0.851371 20.0011 0)
(-0.851372 20.0011 0)
(-0.851374 20.0011 0)
(-0.851377 20.0011 0)
(-0.851382 20.0011 0)
(-0.851391 20.0011 0)
(-0.851406 20.001 0)
(-0.851434 20.001 0)
(-0.85148 20.001 0)
(-0.851559 20.0009 0)
(-0.851694 20.0009 0)
(-0.851928 20.001 0)
(-0.852285 20.0015 0)
(-0.852765 20.0027 0)
(-0.852447 20.0044 0)
(-0.720677 20.0089 0)
(-0.770422 19.9816 0)
(-0.769056 19.9754 0)
(-0.779963 19.9779 0)
(-0.781276 19.9826 0)
(-0.784036 19.9876 0)
(-0.784923 19.9915 0)
(-0.785908 19.9944 0)
(-0.786459 19.9965 0)
(-0.786933 19.998 0)
(-0.787245 19.9991 0)
(-0.787477 19.9998 0)
(-0.78763 20.0003 0)
(-0.787733 20.0006 0)
(-0.787797 20.0009 0)
(-0.787836 20.001 0)
(-0.787859 20.0011 0)
(-0.787871 20.0011 0)
(-0.787877 20.0011 0)
(-0.78788 20.0011 0)
(-0.787881 20.0012 0)
(-0.787881 20.0012 0)
(-0.78788 20.0012 0)
(-0.78788 20.0012 0)
(-0.787879 20.0012 0)
(-0.787879 20.0012 0)
(-0.787879 20.0012 0)
(-0.787879 20.0012 0)
(-0.787879 20.0012 0)
(-0.787879 20.0012 0)
(-0.787878 20.0012 0)
(-0.787878 20.0012 0)
(-0.787878 20.0012 0)
(-0.787878 20.0012 0)
(-0.787878 20.0012 0)
(-0.787878 20.0012 0)
(-0.787878 20.0012 0)
(-0.787878 20.0012 0)
(-0.787878 20.0012 0)
(-0.787878 20.0012 0)
(-0.787878 20.0012 0)
(-0.787878 20.0012 0)
(-0.787878 20.0012 0)
(-0.787878 20.0012 0)
(-0.787878 20.0012 0)
(-0.787878 20.0012 0)
(-0.787878 20.0012 0)
(-0.787878 20.0012 0)
(-0.787878 20.0012 0)
(-0.787878 20.0012 0)
(-0.787878 20.0012 0)
(-0.787878 20.0012 0)
(-0.787878 20.0012 0)
(-0.787878 20.0012 0)
(-0.787878 20.0012 0)
(-0.787878 20.0012 0)
(-0.787878 20.0012 0)
(-0.787878 20.0012 0)
(-0.787878 20.0012 0)
(-0.787878 20.0012 0)
(-0.787878 20.0012 0)
(-0.787878 20.0012 0)
(-0.787878 20.0012 0)
(-0.787878 20.0012 0)
(-0.787878 20.0012 0)
(-0.787878 20.0012 0)
(-0.787878 20.0012 0)
(-0.787878 20.0012 0)
(-0.787878 20.0012 0)
(-0.787878 20.0012 0)
(-0.787878 20.0012 0)
(-0.787878 20.0012 0)
(-0.787878 20.0012 0)
(-0.787878 20.0012 0)
(-0.787878 20.0012 0)
(-0.787878 20.0012 0)
(-0.787878 20.0012 0)
(-0.787878 20.0012 0)
(-0.787878 20.0012 0)
(-0.787878 20.0012 0)
(-0.787878 20.0012 0)
(-0.787878 20.0012 0)
(-0.787878 20.0012 0)
(-0.787878 20.0012 0)
(-0.787878 20.0012 0)
(-0.787878 20.0012 0)
(-0.787879 20.0012 0)
(-0.787879 20.0012 0)
(-0.78788 20.0012 0)
(-0.787883 20.0012 0)
(-0.787887 20.0011 0)
(-0.787895 20.0011 0)
(-0.787908 20.0011 0)
(-0.787933 20.0011 0)
(-0.787976 20.0011 0)
(-0.788049 20.0011 0)
(-0.788178 20.0012 0)
(-0.788322 20.0015 0)
(-0.788445 20.0023 0)
(-0.78739 20.0033 0)
(-0.473609 20.0331 0)
(-0.499875 19.9978 0)
(-0.486543 19.9918 0)
(-0.492205 19.9923 0)
(-0.491915 19.9938 0)
(-0.493184 19.9955 0)
(-0.493233 19.9968 0)
(-0.493485 19.9978 0)
(-0.493517 19.9985 0)
(-0.493576 19.999 0)
(-0.493586 19.9993 0)
(-0.493593 19.9996 0)
(-0.493586 19.9997 0)
(-0.493576 19.9998 0)
(-0.493564 19.9999 0)
(-0.493552 19.9999 0)
(-0.493541 20 0)
(-0.493532 20 0)
(-0.493525 20 0)
(-0.49352 20 0)
(-0.493516 20 0)
(-0.493513 20 0)
(-0.493511 20 0)
(-0.493509 20 0)
(-0.493508 20 0)
(-0.493508 20 0)
(-0.493507 20 0)
(-0.493507 20 0)
(-0.493507 20 0)
(-0.493507 20 0)
(-0.493506 20 0)
(-0.493506 20 0)
(-0.493506 20 0)
(-0.493506 20 0)
(-0.493506 20 0)
(-0.493506 20 0)
(-0.493506 20 0)
(-0.493506 20 0)
(-0.493506 20 0)
(-0.493506 20 0)
(-0.493506 20 0)
(-0.493506 20 0)
(-0.493506 20 0)
(-0.493506 20 0)
(-0.493506 20 0)
(-0.493506 20 0)
(-0.493506 20 0)
(-0.493506 20 0)
(-0.493506 20 0)
(-0.493506 20 0)
(-0.493506 20 0)
(-0.493506 20 0)
(-0.493506 20 0)
(-0.493506 20 0)
(-0.493506 20 0)
(-0.493506 20 0)
(-0.493506 20 0)
(-0.493506 20 0)
(-0.493506 20 0)
(-0.493506 20 0)
(-0.493506 20 0)
(-0.493506 20 0)
(-0.493506 20 0)
(-0.493506 20 0)
(-0.493506 20 0)
(-0.493506 20 0)
(-0.493506 20 0)
(-0.493506 20 0)
(-0.493506 20 0)
(-0.493506 20 0)
(-0.493506 20 0)
(-0.493506 20 0)
(-0.493506 20 0)
(-0.493506 20 0)
(-0.493506 20 0)
(-0.493506 20 0)
(-0.493506 20 0)
(-0.493506 20 0)
(-0.493506 20 0)
(-0.493506 20 0)
(-0.493506 20 0)
(-0.493506 20 0)
(-0.493506 20 0)
(-0.493506 20 0)
(-0.493506 20 0)
(-0.493506 20 0)
(-0.493506 20 0)
(-0.493506 20 0)
(-0.493506 20 0)
(-0.493505 20 0)
(-0.493506 20 0)
(-0.493506 20 0)
(-0.493509 20 0)
(-0.493513 20 0)
(-0.493525 20 0)
(-0.493545 20 0)
(-0.493586 20 0)
(-0.493591 20.0001 0)
(-0.493547 20.0004 0)
(-0.492784 20.0007 0)
)
;

boundaryField
{
    inlet
    {
        type            zeroGradient;
    }
    outlet
    {
        type            zeroGradient;
    }
    lowerWall
    {
        type            fixedValue;
        value           uniform (0 20 0);
    }
    upperWall
    {
        type            fixedValue;
        value           uniform (0 20 0);
    }
    frontAndBack
    {
        type            empty;
    }
}


// ************************************************************************* //
