/*--------------------------------*- C++ -*----------------------------------*\
| =========                 |                                                 |
| \\      /  F ield         | OpenFOAM: The Open Source CFD Toolbox           |
|  \\    /   O peration     | Version:  2.3.0                                 |
|   \\  /    A nd           | Web:      www.OpenFOAM.org                      |
|    \\/     M anipulation  |                                                 |
\*---------------------------------------------------------------------------*/
FoamFile
{
    version     2.0;
    format      ascii;
    class       surfaceScalarField;
    location    "0.5";
    object      phi;
}
// * * * * * * * * * * * * * * * * * * * * * * * * * * * * * * * * * * * * * //

dimensions      [0 3 -1 0 0 0 0];

internalField   nonuniform List<scalar> 
7860
(
0.00283464
0.00216536
0.00262147
0.000213175
0.00260885
1.26157e-05
0.00260608
2.77651e-06
0.00260854
-2.46096e-06
0.00260703
1.50487e-06
0.00260572
1.31256e-06
0.00260396
1.76445e-06
0.00260257
1.38924e-06
0.00260135
1.21719e-06
0.0026004
9.56478e-07
0.00259963
7.71222e-07
0.00259903
5.95878e-07
0.00259857
4.59052e-07
0.00259823
3.43111e-07
0.00259798
2.51069e-07
0.0025978
1.80813e-07
0.00259767
1.29105e-07
0.00259758
8.81664e-08
0.00259752
5.98589e-08
0.00259748
4.20669e-08
0.00259745
2.90924e-08
0.00259743
1.77936e-08
0.00259742
1.15092e-08
0.00259741
8.32787e-09
0.00259741
5.80503e-09
0.00259741
3.46926e-09
0.0025974
2.4145e-09
0.0025974
1.60622e-09
0.0025974
1.19488e-09
0.0025974
2.88546e-10
0.0025974
-3.09028e-11
0.0025974
2.37536e-10
0.0025974
6.38734e-10
0.0025974
3.30687e-11
0.0025974
-4.01527e-10
0.0025974
-1.1163e-10
0.0025974
3.23275e-10
0.0025974
1.70959e-10
0.0025974
-8.59036e-11
0.0025974
-1.12696e-10
0.0025974
-5.65184e-11
0.0025974
-2.47318e-10
0.0025974
-1.44033e-11
0.0025974
1.73185e-10
0.0025974
1.34558e-11
0.0025974
-2.11392e-10
0.0025974
5.10517e-12
0.0025974
6.58376e-11
0.0025974
7.92154e-11
0.0025974
2.14188e-10
0.0025974
9.06271e-11
0.0025974
-1.91971e-10
0.0025974
-4.73317e-11
0.0025974
8.7059e-11
0.0025974
5.40118e-11
0.0025974
-2.8607e-10
0.0025974
-2.99933e-10
0.0025974
-4.48884e-11
0.0025974
1.22149e-10
0.0025974
5.21968e-12
0.0025974
-5.06721e-11
0.0025974
9.81512e-12
0.0025974
1.01127e-10
0.0025974
-1.37436e-10
0.0025974
-4.21556e-11
0.0025974
5.29109e-11
0.0025974
2.029e-11
0.0025974
-1.75564e-10
0.0025974
2.84506e-12
0.0025974
1.21062e-10
0.0025974
5.55675e-11
0.0025974
-1.28891e-10
0.0025974
5.99525e-12
0.0025974
1.22596e-10
0.0025974
1.32559e-10
0.0025974
-3.33858e-11
0.0025974
-8.5271e-11
0.0025974
1.32143e-11
0.0025974
2.31183e-10
0.0025974
1.17004e-10
0.0025974
1.69907e-10
0.0025974
3.0651e-10
0.0025974
7.41618e-10
0.0025974
1.22615e-09
0.0025974
1.88314e-09
0.00259739
2.95659e-09
0.00259739
4.92873e-09
0.00259738
7.78708e-09
0.00259737
1.1623e-08
0.00259735
1.69398e-08
0.00259733
2.38034e-08
0.0025973
3.17999e-08
0.00259726
3.65709e-08
0.00259722
3.36603e-08
0.0025972
2.43982e-08
0.00259709
1.06261e-07
0.00259639
7.04243e-07
0.00259377
2.61696e-06
-1.1774e-06
0.0045683
0.00259705
0.00437577
0.000405706
0.00434657
4.18188e-05
0.00434243
6.91361e-06
0.00434509
-5.11501e-06
0.00434323
3.35677e-06
0.0043413
3.23981e-06
0.00433882
4.24903e-06
0.00433678
3.42619e-06
0.004335
2.9985e-06
0.00433358
2.37812e-06
0.00433242
1.92228e-06
0.00433152
1.49394e-06
0.00433083
1.15447e-06
0.0043303
8.68027e-07
0.00432991
6.39765e-07
0.00432963
4.60346e-07
0.00432943
3.29138e-07
0.00432929
2.29305e-07
0.00432919
1.57289e-07
0.00432913
1.0765e-07
0.00432908
7.40285e-08
0.00432905
4.78615e-08
0.00432903
3.13321e-08
0.00432902
2.1409e-08
0.00432901
1.50938e-08
0.00432901
9.25098e-09
0.004329
6.06644e-09
0.004329
3.73374e-09
0.004329
2.93775e-09
0.004329
1.41813e-09
0.004329
6.86997e-10
0.004329
3.47679e-10
0.004329
7.88715e-10
0.004329
2.65756e-10
0.004329
-7.63295e-11
0.004329
-1.51119e-10
0.004329
3.9436e-10
0.004329
1.72963e-10
0.004329
-2.82155e-11
0.004329
-3.37689e-10
0.004329
-2.24684e-10
0.004329
-4.03119e-10
0.004329
-5.61439e-11
0.004329
1.4961e-10
0.004329
1.55291e-10
0.004329
-3.11127e-10
0.004329
-7.51724e-12
0.004329
2.33749e-10
0.004329
1.85671e-10
0.004329
2.31239e-10
0.004329
3.3276e-10
0.004329
-1.40795e-10
0.004329
-7.56524e-11
0.004329
-4.62123e-11
0.004329
1.29408e-10
0.004329
-2.17184e-10
0.004329
-3.30023e-10
0.004329
-1.89981e-10
0.004329
1.42167e-10
0.004329
6.62915e-11
0.004329
-9.86959e-12
0.004329
-1.20319e-10
0.004329
3.80327e-12
0.004329
-3.62885e-10
0.004329
-2.89296e-10
0.004329
-1.32876e-10
0.004329
4.87512e-11
0.004329
-2.19361e-10
0.004329
-6.35964e-11
0.004329
1.07491e-10
0.004329
1.82743e-10
0.004329
-8.15551e-11
0.004329
7.49223e-11
0.004329
1.71147e-10
0.004329
2.72076e-10
0.004329
5.75522e-11
0.004329
1.47526e-11
0.004329
1.45368e-11
0.004329
3.52235e-10
0.004329
3.52831e-10
0.004329
6.0363e-10
0.004329
9.77265e-10
0.004329
1.8254e-09
0.004329
3.10143e-09
0.00432899
5.03915e-09
0.00432899
7.96317e-09
0.00432898
1.26948e-08
0.00432897
1.97236e-08
0.00432895
2.96588e-08
0.00432892
4.3377e-08
0.00432889
6.09558e-08
0.00432884
8.22693e-08
0.00432877
9.82921e-08
0.0043287
1.06076e-07
0.00432861
1.16404e-07
0.00432829
4.29237e-07
0.00432694
2.04844e-06
0.00432234
7.21742e-06
7.94067e-06
0.0050727
0.00252435
0.00495582
0.000522582
0.00492277
7.48702e-05
0.00492019
9.49504e-06
0.0049217
-6.63071e-06
0.00492027
4.79293e-06
0.00491832
5.18846e-06
0.00491598
6.58594e-06
0.00491398
5.42781e-06
0.00491224
4.73643e-06
0.00491083
3.78781e-06
0.00490969
3.06712e-06
0.00490878
2.39568e-06
0.00490808
1.85537e-06
0.00490755
1.40136e-06
0.00490715
1.03787e-06
0.00490686
7.48962e-07
0.00490665
5.35904e-07
0.00490651
3.76294e-07
0.00490641
2.60129e-07
0.00490634
1.76986e-07
0.00490629
1.20699e-07
0.00490626
7.97412e-08
0.00490624
5.30833e-08
0.00490622
3.53276e-08
0.00490621
2.43702e-08
0.00490621
1.52654e-08
0.0049062
1.00625e-08
0.0049062
6.0696e-09
0.0049062
4.57342e-09
0.0049062
2.52761e-09
0.0049062
1.51837e-09
0.0049062
6.62083e-10
0.0049062
8.97253e-10
0.0049062
3.92531e-10
0.0049062
3.19068e-10
0.0049062
-4.55445e-11
0.0049062
4.53501e-10
0.0049062
6.8946e-12
0.0049062
-1.11891e-10
0.0049062
-5.7723e-10
0.0049062
-4.06089e-10
0.0049062
-5.53492e-10
0.0049062
-1.47613e-10
0.0049062
2.93573e-11
0.0049062
2.31016e-10
0.0049062
-3.99516e-10
0.0049062
-1.20705e-10
0.0049062
4.00055e-10
0.0049062
4.00807e-10
0.0049062
2.07638e-10
0.0049062
4.93634e-10
0.0049062
-1.52051e-11
0.0049062
1.24078e-11
0.0049062
-1.79023e-10
0.0049062
9.85681e-11
0.0049062
-1.07036e-10
0.0049062
-2.7228e-10
0.0049062
-3.50897e-10
0.0049062
7.27982e-11
0.0049062
1.1586e-10
0.0049062
4.11908e-11
0.0049062
-2.84915e-10
0.0049062
-2.11895e-10
0.0049062
-5.95289e-10
0.0049062
-5.28536e-10
0.0049062
-3.92921e-10
0.0049062
-2.32249e-11
0.0049062
-2.15584e-10
0.0049062
-6.38203e-11
0.0049062
1.05802e-10
0.0049062
2.7746e-10
0.0049062
-1.68292e-12
0.0049062
2.0147e-10
0.0049062
2.93299e-10
0.0049062
4.40085e-10
0.0049062
1.72028e-10
0.0049062
1.71305e-10
0.0049062
1.25914e-10
0.0049062
4.94857e-10
0.0049062
6.26444e-10
0.0049062
1.08187e-09
0.0049062
1.78696e-09
0.0049062
3.07828e-09
0.00490619
5.14184e-09
0.00490619
8.40348e-09
0.00490619
1.33196e-08
0.00490618
2.09079e-08
0.00490617
3.21429e-08
0.00490615
4.82834e-08
0.00490612
7.0691e-08
0.00490608
9.95926e-08
0.00490603
1.36137e-07
0.00490596
1.68249e-07
0.00490586
2.03706e-07
0.00490571
2.65718e-07
0.00490523
9.10734e-07
0.0049036
3.68037e-06
0.00489773
1.308e-05
2.27863e-05
0.00521047
0.00231388
0.00513988
0.000593168
0.0051125
0.00010225
0.0051111
1.08943e-05
0.00511196
-7.48583e-06
0.0051109
5.85222e-06
0.00510921
6.88098e-06
0.00510724
8.55392e-06
0.00510551
7.15967e-06
0.005104
6.24118e-06
0.00510277
5.02433e-06
0.00510176
4.07672e-06
0.00510096
3.19796e-06
0.00510032
2.4853e-06
0.00509984
1.88213e-06
0.00509948
1.39928e-06
0.00509922
1.01376e-06
0.00509903
7.26819e-07
0.00509889
5.1224e-07
0.00509879
3.55868e-07
0.00509873
2.42626e-07
0.00509868
1.64724e-07
0.00509865
1.09555e-07
0.00509863
7.37318e-08
0.00509862
4.87319e-08
0.00509861
3.29823e-08
0.00509861
2.09642e-08
0.0050986
1.39657e-08
0.0050986
8.38253e-09
0.0050986
6.05841e-09
0.0050986
3.56813e-09
0.0050986
2.25475e-09
0.0050986
1.03095e-09
0.0050986
1.07583e-09
0.0050986
4.65917e-10
0.0050986
5.42975e-10
0.0050986
5.59016e-11
0.0050986
5.41862e-10
0.0050986
-1.83187e-10
0.0050986
-3.53672e-10
0.0050986
-8.33558e-10
0.0050986
-5.2562e-10
0.0050986
-6.47711e-10
0.0050986
-2.58916e-10
0.0050986
-1.14988e-10
0.0050986
2.73128e-10
0.0050986
-4.15144e-10
0.0050986
-2.45483e-10
0.0050986
5.12793e-10
0.0050986
6.69452e-10
0.0050986
2.76402e-10
0.0050986
6.14243e-10
0.0050986
9.22325e-11
0.0050986
1.52839e-10
0.0050986
-2.24439e-10
0.0050986
1.47256e-11
0.0050986
-5.96918e-11
0.0050986
-2.22118e-10
0.0050986
-4.65466e-10
0.0050986
-2.74403e-11
0.0050986
1.39217e-10
0.0050986
9.18965e-11
0.0050986
-4.09614e-10
0.0050986
-4.40031e-10
0.0050986
-8.28631e-10
0.0050986
-7.23333e-10
0.0050986
-6.22857e-10
0.0050986
-1.58798e-10
0.0050986
-2.41674e-10
0.0050986
-6.04744e-11
0.0050986
1.22944e-10
0.0050986
3.42282e-10
0.0050986
5.83939e-11
0.0050986
2.92876e-10
0.0050986
4.24447e-10
0.0050986
6.17037e-10
0.0050986
2.96428e-10
0.0050986
2.73011e-10
0.0050986
2.4952e-10
0.0050986
6.70112e-10
0.0050986
9.20834e-10
0.0050986
1.54076e-09
0.0050986
2.55698e-09
0.0050986
4.31682e-09
0.0050986
7.12219e-09
0.00509859
1.15984e-08
0.00509859
1.83534e-08
0.00509858
2.85929e-08
0.00509857
4.36719e-08
0.00509855
6.54362e-08
0.00509852
9.58376e-08
0.00509849
1.35475e-07
0.00509844
1.87826e-07
0.00509837
2.39869e-07
0.00509825
3.16892e-07
0.00509806
4.54369e-07
0.00509749
1.48516e-06
0.00509583
5.34396e-06
0.00508954
1.93613e-05
3.78767e-05
0.00523372
0.00208016
0.00519442
0.000632466
0.00517354
0.000123135
0.00517302
1.14096e-05
0.00517348
-7.94513e-06
0.00517279
6.54357e-06
0.00517143
8.23813e-06
0.00516988
1.01036e-05
0.00516849
8.55601e-06
0.00516727
7.46018e-06
0.00516625
6.03892e-06
0.00516542
4.9124e-06
0.00516475
3.86845e-06
0.00516422
3.01132e-06
0.00516381
2.29012e-06
0.00516351
1.70805e-06
0.00516328
1.24222e-06
0.00516311
8.93154e-07
0.00516299
6.31217e-07
0.00516291
4.39992e-07
0.00516285
3.01115e-07
0.00516281
2.04181e-07
0.00516278
1.36128e-07
0.00516276
9.21362e-08
0.00516275
6.09908e-08
0.00516275
4.08395e-08
0.00516274
2.61313e-08
0.00516274
1.75297e-08
0.00516273
1.05382e-08
0.00516273
7.37292e-09
0.00516273
4.52368e-09
0.00516273
2.95306e-09
0.00516273
1.39545e-09
0.00516273
1.22959e-09
0.00516273
5.16683e-10
0.00516273
6.74758e-10
0.00516273
1.10959e-10
0.00516273
5.93486e-10
0.00516273
-3.76345e-10
0.00516273
-6.75551e-10
0.00516273
-1.13349e-09
0.00516273
-6.4246e-10
0.00516273
-6.63393e-10
0.00516273
-3.27879e-10
0.00516273
-2.96572e-10
0.00516273
2.54295e-10
0.00516273
-3.46859e-10
0.00516273
-3.00963e-10
0.00516273
5.86359e-10
0.00516273
9.209e-10
0.00516273
4.08983e-10
0.00516273
7.41179e-10
0.00516273
1.89383e-10
0.00516273
2.95303e-10
0.00516273
-1.99836e-10
0.00516273
-7.25851e-11
0.00516273
-5.89722e-11
0.00516273
-1.74821e-10
0.00516273
-5.15909e-10
0.00516273
-1.15825e-10
0.00516273
1.3541e-10
0.00516273
1.30534e-10
0.00516273
-4.90081e-10
0.00516273
-6.41177e-10
0.00516273
-1.06509e-09
0.00516273
-9.06156e-10
0.00516273
-8.22321e-10
0.00516273
-3.13591e-10
0.00516273
-2.95483e-10
0.00516273
-7.88048e-11
0.00516273
1.29388e-10
0.00516273
3.92175e-10
0.00516273
1.14524e-10
0.00516273
3.46645e-10
0.00516273
5.16586e-10
0.00516273
7.77887e-10
0.00516273
4.40061e-10
0.00516273
3.55395e-10
0.00516273
3.37933e-10
0.00516273
8.35793e-10
0.00516273
1.22077e-09
0.00516273
1.97714e-09
0.00516273
3.24211e-09
0.00516273
5.43049e-09
0.00516273
8.91503e-09
0.00516273
1.44707e-08
0.00516272
2.2829e-08
0.00516272
3.53397e-08
0.0051627
5.37156e-08
0.00516269
8.0315e-08
0.00516267
1.17711e-07
0.00516264
1.67047e-07
0.00516259
2.34937e-07
0.00516252
3.09455e-07
0.0051624
4.37218e-07
0.00516219
6.64924e-07
0.0051616
2.07499e-06
0.00516002
6.91943e-06
0.00515412
2.52595e-05
5.10199e-05
0.00522291
0.00185725
0.00520675
0.000648625
0.00519186
0.000138022
0.00519196
1.13151e-05
0.00519219
-8.1802e-06
0.00519183
6.90844e-06
0.00519082
9.24624e-06
0.00518969
1.12367e-05
0.00518864
9.60922e-06
0.00518771
8.3852e-06
0.00518693
6.8211e-06
0.00518628
5.56334e-06
0.00518575
4.39635e-06
0.00518533
3.43006e-06
0.005185
2.61764e-06
0.00518475
1.95836e-06
0.00518457
1.42921e-06
0.00518443
1.03088e-06
0.00518433
7.30619e-07
0.00518426
5.10172e-07
0.00518421
3.4995e-07
0.00518418
2.37912e-07
0.00518415
1.5888e-07
0.00518414
1.07802e-07
0.00518413
7.1653e-08
0.00518412
4.77966e-08
0.00518412
3.06464e-08
0.00518411
2.06031e-08
0.00518411
1.24694e-08
0.00518411
8.54955e-09
0.00518411
5.36479e-09
0.00518411
3.58947e-09
0.00518411
1.74285e-09
0.00518411
1.33727e-09
0.00518411
5.30378e-10
0.00518411
7.40212e-10
0.00518411
9.81204e-11
0.00518411
5.72913e-10
0.00518411
-5.64104e-10
0.00518411
-1.01202e-09
0.00518411
-1.4412e-09
0.00518411
-7.7702e-10
0.00518411
-6.4265e-10
0.00518411
-3.23597e-10
0.00518411
-4.8835e-10
0.00518411
1.66229e-10
0.00518411
-2.30949e-10
0.00518411
-2.73429e-10
0.00518411
6.44199e-10
0.00518411
1.13437e-09
0.00518411
5.62925e-10
0.00518411
8.75401e-10
0.00518411
2.93922e-10
0.00518411
4.34577e-10
0.00518411
-1.2483e-10
0.00518411
-1.37905e-10
0.00518411
-9.24836e-11
0.00518411
-1.37506e-10
0.00518411
-5.24881e-10
0.00518411
-1.90126e-10
0.00518411
1.0522e-10
0.00518411
1.47212e-10
0.00518411
-5.51067e-10
0.00518411
-8.14351e-10
0.00518411
-1.29294e-09
0.00518411
-1.0914e-09
0.00518411
-1.00937e-09
0.00518411
-4.73949e-10
0.00518411
-3.60568e-10
0.00518411
-1.17667e-10
0.00518411
1.06135e-10
0.00518411
4.22639e-10
0.00518411
1.78175e-10
0.00518411
3.88222e-10
0.00518411
5.69348e-10
0.00518411
9.08308e-10
0.00518411
5.95509e-10
0.00518411
4.53164e-10
0.00518411
4.06684e-10
0.00518411
9.73625e-10
0.00518411
1.50032e-09
0.00518411
2.3809e-09
0.00518411
3.83956e-09
0.00518411
6.37593e-09
0.00518411
1.04436e-08
0.00518411
1.69141e-08
0.0051841
2.66303e-08
0.0051841
4.09668e-08
0.00518409
6.19987e-08
0.00518408
9.25489e-08
0.00518406
1.35818e-07
0.00518403
1.93598e-07
0.00518399
2.76147e-07
0.00518393
3.73409e-07
0.00518381
5.56551e-07
0.00518359
8.78455e-07
0.00518302
2.64996e-06
0.00518163
8.30516e-06
0.00517658
3.03154e-05
6.16624e-05
0.00520416
0.00165309
0.00520564
0.000647147
0.00519614
0.00014752
0.00519664
1.08141e-05
0.00519674
-8.28226e-06
0.00519666
6.9945e-06
0.00519599
9.91727e-06
0.00519525
1.19781e-05
0.00519453
1.03309e-05
0.00519389
9.02531e-06
0.00519333
7.37405e-06
0.00519287
6.03013e-06
0.00519248
4.78073e-06
0.00519217
3.73914e-06
0.00519193
2.86233e-06
0.00519174
2.14757e-06
0.0051916
1.57207e-06
0.00519149
1.13741e-06
0.00519141
8.08406e-07
0.00519136
5.65477e-07
0.00519132
3.88688e-07
0.00519129
2.64979e-07
0.00519127
1.77373e-07
0.00519126
1.20448e-07
0.00519125
8.03518e-08
0.00519125
5.36345e-08
0.00519124
3.43537e-08
0.00519124
2.30707e-08
0.00519124
1.41138e-08
0.00519124
9.59754e-09
0.00519124
6.07286e-09
0.00519124
4.10707e-09
0.00519124
2.04793e-09
0.00519124
1.40593e-09
0.00519124
4.95025e-10
0.00519124
7.44795e-10
0.00519124
1.76384e-11
0.00519124
4.61203e-10
0.00519124
-7.48029e-10
0.00519124
-1.31881e-09
0.00519124
-1.71706e-09
0.00519124
-9.24701e-10
0.00519124
-6.35367e-10
0.00519124
-2.6065e-10
0.00519124
-6.52443e-10
0.00519124
1.75088e-11
0.00519124
-9.35833e-11
0.00519124
-1.55726e-10
0.00519124
7.0377e-10
0.00519124
1.30447e-09
0.00519124
7.16318e-10
0.00519124
1.00724e-09
0.00519124
4.1461e-10
0.00519124
5.74457e-10
0.00519124
-1.45016e-11
0.00519124
-1.66973e-10
0.00519124
-1.42811e-10
0.00519124
-1.13695e-10
0.00519124
-5.05249e-10
0.00519124
-2.4926e-10
0.00519124
5.48814e-11
0.00519124
1.40934e-10
0.00519124
-6.02899e-10
0.00519124
-9.68869e-10
0.00519124
-1.51166e-09
0.00519124
-1.28127e-09
0.00519124
-1.18619e-09
0.00519124
-6.28703e-10
0.00519124
-4.23088e-10
0.00519124
-1.65265e-10
0.00519124
4.8503e-11
0.00519124
4.24088e-10
0.00519124
2.48899e-10
0.00519124
4.3825e-10
0.00519124
5.9559e-10
0.00519124
1.00418e-09
0.00519124
7.51268e-10
0.00519124
5.7474e-10
0.00519124
4.72977e-10
0.00519124
1.07901e-09
0.00519124
1.74086e-09
0.00519124
2.73094e-09
0.00519124
4.34195e-09
0.00519124
7.13466e-09
0.00519124
1.16621e-08
0.00519123
1.88604e-08
0.00519123
2.95593e-08
0.00519123
4.5395e-08
0.00519122
6.83954e-08
0.00519121
1.01968e-07
0.0051912
1.49911e-07
0.00519117
2.14712e-07
0.00519114
3.10379e-07
0.00519108
4.2982e-07
0.00519097
6.67987e-07
0.00519077
1.08112e-06
0.00519025
3.17096e-06
0.00518911
9.44291e-06
0.00518511
3.43192e-05
6.97064e-05
0.0051855
0.00146759
0.00520066
0.000631979
0.00519593
0.000152252
0.00519669
1.00592e-05
0.00519669
-8.28872e-06
0.00519684
6.85207e-06
0.00519648
1.02743e-05
0.0051961
1.23599e-05
0.00519569
1.07405e-05
0.00519532
9.39594e-06
0.00519499
7.707e-06
0.0051947
6.31826e-06
0.00519446
5.02434e-06
0.00519426
3.93892e-06
0.00519409
3.02388e-06
0.00519397
2.27479e-06
0.00519387
1.66964e-06
0.0051938
1.2114e-06
0.00519374
8.63425e-07
0.0051937
6.05115e-07
0.00519367
4.16684e-07
0.00519365
2.84786e-07
0.00519364
1.91203e-07
0.00519363
1.29876e-07
0.00519362
8.68396e-08
0.00519362
5.8054e-08
0.00519362
3.71275e-08
0.00519361
2.49391e-08
0.00519361
1.54069e-08
0.00519361
1.04816e-08
0.00519361
6.63629e-09
0.00519361
4.45897e-09
0.00519361
2.27817e-09
0.00519361
1.45415e-09
0.00519361
4.10841e-10
0.00519361
6.72709e-10
0.00519361
-1.21699e-10
0.00519361
2.68813e-10
0.00519361
-9.32537e-10
0.00519361
-1.57914e-09
0.00519361
-1.941e-09
0.00519361
-1.07331e-09
0.00519361
-6.70188e-10
0.00519361
-1.76055e-10
0.00519361
-7.53822e-10
0.00519361
-1.65717e-10
0.00519361
3.36062e-11
0.00519361
4.06547e-11
0.00519361
7.77846e-10
0.00519361
1.43058e-09
0.00519361
8.61177e-10
0.00519361
1.12491e-09
0.00519361
5.44406e-10
0.00519361
7.20227e-10
0.00519361
1.23535e-10
0.00519361
-1.59895e-10
0.00519361
-1.96601e-10
0.00519361
-1.03216e-10
0.00519361
-4.59352e-10
0.00519361
-2.87298e-10
0.00519361
-7.47941e-12
0.00519361
1.08889e-10
0.00519361
-6.53969e-10
0.00519361
-1.10642e-09
0.00519361
-1.71784e-09
0.00519361
-1.46974e-09
0.00519361
-1.34923e-09
0.00519361
-7.70969e-10
0.00519361
-4.76595e-10
0.00519361
-2.07539e-10
0.00519361
-3.37917e-11
0.00519361
3.88783e-10
0.00519361
3.16868e-10
0.00519361
5.10455e-10
0.00519361
6.14853e-10
0.00519361
1.06395e-09
0.00519361
8.9299e-10
0.00519361
7.13228e-10
0.00519361
5.49313e-10
0.00519361
1.15543e-09
0.00519361
1.93085e-09
0.00519361
3.00756e-09
0.00519361
4.73486e-09
0.00519361
7.69828e-09
0.00519361
1.25412e-08
0.00519361
2.02614e-08
0.00519361
3.16051e-08
0.00519361
4.84499e-08
0.0051936
7.2865e-08
0.00519359
1.08497e-07
0.00519358
1.59844e-07
0.00519357
2.30089e-07
0.00519354
3.36815e-07
0.0051935
4.76378e-07
0.0051934
7.65134e-07
0.00519322
1.25972e-06
0.00519278
3.60674e-06
0.00519193
1.03001e-05
0.00518906
3.71838e-05
7.51792e-05
0.00516898
0.00129861
0.00519497
0.000605992
0.00519443
0.000152793
0.00519532
9.16503e-06
0.00519524
-8.20628e-06
0.00519556
6.53087e-06
0.00519549
1.03448e-05
0.00519543
1.24151e-05
0.00519531
1.08606e-05
0.0051952
9.51481e-06
0.00519507
7.83196e-06
0.00519495
6.43573e-06
0.00519485
5.132e-06
0.00519475
4.03217e-06
0.00519467
3.10355e-06
0.00519461
2.34038e-06
0.00519456
1.72182e-06
0.00519452
1.2524e-06
0.00519448
8.95141e-07
0.00519446
6.28585e-07
0.00519444
4.33469e-07
0.00519443
2.96912e-07
0.00519442
2.00014e-07
0.00519442
1.35909e-07
0.00519441
9.09384e-08
0.00519441
6.09177e-08
0.00519441
3.90069e-08
0.00519441
2.61228e-08
0.00519441
1.63115e-08
0.0051944
1.11421e-08
0.0051944
7.04764e-09
0.0051944
4.63217e-09
0.0051944
2.39847e-09
0.0051944
1.48605e-09
0.0051944
2.93915e-10
0.0051944
5.11029e-10
0.0051944
-3.1842e-10
0.00519441
1.70344e-11
0.00519441
-1.1214e-09
0.00519441
-1.79489e-09
0.00519441
-2.11235e-09
0.00519441
-1.21507e-09
0.00519441
-7.52239e-10
0.00519441
-1.08802e-10
0.00519441
-7.79258e-10
0.00519441
-3.45952e-10
0.00519441
1.25293e-10
0.00519441
2.87956e-10
0.00519441
8.71485e-10
0.00519441
1.51157e-09
0.00519441
9.93457e-10
0.00519441
1.22701e-09
0.00519441
6.69548e-10
0.00519441
8.69443e-10
0.00519441
2.86162e-10
0.00519441
-1.19596e-10
0.00519441
-2.43929e-10
0.00519441
-1.0357e-10
0.00519441
-3.89037e-10
0.00519441
-2.97527e-10
0.00519441
-7.58404e-11
0.00519441
4.75355e-11
0.00519441
-7.149e-10
0.00519441
-1.22315e-09
0.00519441
-1.90095e-09
0.00519441
-1.64733e-09
0.00519441
-1.49407e-09
0.00519441
-8.9799e-10
0.00519441
-5.19904e-10
0.00519441
-2.3527e-10
0.00519441
-1.25371e-10
0.00519441
3.14984e-10
0.00519441
3.67598e-10
0.00519441
6.0756e-10
0.00519441
6.45962e-10
0.00519441
1.08985e-09
0.00519441
1.00872e-09
0.00519441
8.57371e-10
0.00519441
6.39838e-10
0.00519441
1.20817e-09
0.00519441
2.06423e-09
0.00519441
3.1994e-09
0.00519441
4.99959e-09
0.00519441
8.05637e-09
0.00519441
1.30769e-08
0.0051944
2.10355e-08
0.0051944
3.27691e-08
0.0051944
5.02008e-08
0.0051944
7.5362e-08
0.0051944
1.12103e-07
0.00519439
1.6553e-07
0.00519438
2.39498e-07
0.00519436
3.54715e-07
0.00519433
5.1097e-07
0.00519425
8.42399e-07
0.00519411
1.40332e-06
0.00519378
3.9353e-06
0.00519322
1.08579e-05
0.00519152
3.88866e-05
7.81759e-05
0.00515488
0.00114373
0.00518953
0.000571344
0.00519267
0.000149653
0.00519362
8.21128e-06
0.00519344
-8.02696e-06
0.0051939
6.07699e-06
0.00519408
1.01576e-05
0.00519432
1.21763e-05
0.00519447
1.07151e-05
0.00519458
9.40084e-06
0.00519465
7.76254e-06
0.0051947
6.39234e-06
0.00519472
5.11021e-06
0.00519473
4.02327e-06
0.00519473
3.10399e-06
0.00519472
2.34582e-06
0.00519471
1.72941e-06
0.00519471
1.26071e-06
0.0051947
9.03547e-07
0.00519469
6.35771e-07
0.00519469
4.38876e-07
0.00519468
3.01154e-07
0.00519468
2.03564e-07
0.00519468
1.38417e-07
0.00519467
9.25885e-08
0.00519467
6.21289e-08
0.00519467
3.99004e-08
0.00519467
2.67139e-08
0.00519467
1.68102e-08
0.00519467
1.1526e-08
0.00519467
7.26477e-09
0.00519467
4.644e-09
0.00519467
2.39044e-09
0.00519467
1.48624e-09
0.00519467
1.61587e-10
0.00519467
2.62034e-10
0.00519467
-5.80357e-10
0.00519467
-2.75587e-10
0.00519467
-1.31356e-09
0.00519467
-1.97158e-09
0.00519467
-2.23942e-09
0.00519467
-1.34842e-09
0.00519467
-8.76122e-10
0.00519467
-8.66589e-11
0.00519467
-7.39614e-10
0.00519467
-4.85244e-10
0.00519467
1.7012e-10
0.00519467
5.4673e-10
0.00519467
9.80497e-10
0.00519467
1.55178e-09
0.00519467
1.10954e-09
0.00519467
1.32353e-09
0.00519467
7.80927e-10
0.00519467
1.0105e-09
0.00519467
4.68063e-10
0.00519467
-4.7317e-11
0.00519467
-2.80168e-10
0.00519467
-1.11688e-10
0.00519467
-3.02401e-10
0.00519467
-2.75926e-10
0.00519467
-1.43819e-10
0.00519467
-4.3369e-11
0.00519467
-7.94609e-10
0.00519467
-1.31613e-09
0.00519467
-2.04592e-09
0.00519467
-1.8029e-09
0.00519467
-1.61681e-09
0.00519467
-1.01042e-09
0.00519467
-5.56543e-10
0.00519467
-2.45114e-10
0.00519467
-2.08709e-10
0.00519467
2.10293e-10
0.00519467
3.87449e-10
0.00519467
7.21449e-10
0.00519467
7.03724e-10
0.00519467
1.09336e-09
0.00519467
1.09158e-09
0.00519467
9.975e-10
0.00519467
7.42554e-10
0.00519467
1.24256e-09
0.00519467
2.13853e-09
0.00519467
3.30419e-09
0.00519467
5.10761e-09
0.00519467
8.1878e-09
0.00519467
1.32651e-08
0.00519467
2.12528e-08
0.00519467
3.30494e-08
0.00519467
5.06276e-08
0.00519467
7.59001e-08
0.00519467
1.12813e-07
0.00519467
1.66966e-07
0.00519466
2.42807e-07
0.00519466
3.63505e-07
0.00519463
5.31937e-07
0.00519458
8.95351e-07
0.00519448
1.5037e-06
0.00519427
4.14202e-06
0.00519402
1.11079e-05
0.00519346
3.9446e-05
7.88373e-05
0.00514299
0.00100074
0.00518463
0.000529711
0.00519099
0.000143286
0.00519196
7.24922e-06
0.00519167
-7.73806e-06
0.00519221
5.53102e-06
0.00519263
9.74191e-06
0.00519313
1.1675e-05
0.00519352
1.03281e-05
0.00519384
9.07384e-06
0.00519409
7.5136e-06
0.00519428
6.19931e-06
0.00519443
4.96694e-06
0.00519453
3.91787e-06
0.00519461
3.0291e-06
0.00519466
2.29358e-06
0.0051947
1.69399e-06
0.00519472
1.23734e-06
0.00519474
8.89116e-07
0.00519475
6.26924e-07
0.00519475
4.33029e-07
0.00519475
2.97527e-07
0.00519476
2.01766e-07
0.00519476
1.3735e-07
0.00519476
9.18063e-08
0.00519476
6.16868e-08
0.00519476
3.97585e-08
0.00519476
2.66927e-08
0.00519476
1.68952e-08
0.00519476
1.1603e-08
0.00519476
7.29216e-09
0.00519476
4.5248e-09
0.00519476
2.24922e-09
0.00519476
1.42739e-09
0.00519476
2.75447e-11
0.00519476
-4.87212e-11
0.00519476
-9.12681e-10
0.00519476
-5.97653e-10
0.00519476
-1.5081e-09
0.00519476
-2.10876e-09
0.00519476
-2.33312e-09
0.00519476
-1.4721e-09
0.00519476
-1.03082e-09
0.00519476
-1.2557e-10
0.00519476
-6.59074e-10
0.00519476
-5.56151e-10
0.00519476
1.84263e-10
0.00519476
7.81294e-10
0.00519476
1.09911e-09
0.00519476
1.55778e-09
0.00519476
1.20296e-09
0.00519476
1.41796e-09
0.00519476
8.73597e-10
0.00519476
1.12682e-09
0.00519476
6.63584e-10
0.00519476
6.22882e-11
0.00519476
-2.93956e-10
0.00519476
-1.22231e-10
0.00519476
-2.04711e-10
0.00519476
-2.25497e-10
0.00519476
-1.99528e-10
0.00519476
-1.56348e-10
0.00519476
-9.03898e-10
0.00519476
-1.38505e-09
0.00519476
-2.14024e-09
0.00519476
-1.9243e-09
0.00519476
-1.71526e-09
0.00519476
-1.10612e-09
0.00519476
-5.9632e-10
0.00519476
-2.4093e-10
0.00519476
-2.69583e-10
0.00519476
8.99837e-11
0.00519476
3.68983e-10
0.00519476
8.34008e-10
0.00519476
7.93323e-10
0.00519476
1.08522e-09
0.00519476
1.13411e-09
0.00519476
1.12154e-09
0.00519476
8.49361e-10
0.00519476
1.2551e-09
0.00519476
2.15315e-09
0.00519476
3.32229e-09
0.00519476
5.07345e-09
0.00519476
8.0905e-09
0.00519476
1.31034e-08
0.00519476
2.09275e-08
0.00519476
3.24619e-08
0.00519476
4.97486e-08
0.00519476
7.45316e-08
0.00519477
1.10715e-07
0.00519477
1.64234e-07
0.00519477
2.40002e-07
0.00519477
3.62831e-07
0.00519477
5.38126e-07
0.00519474
9.20845e-07
0.00519469
1.55525e-06
0.00519461
4.21855e-06
0.00519467
1.10499e-05
0.00519521
3.89094e-05
7.73321e-05
0.00513303
0.00086771
0.00518031
0.000482428
0.0051895
0.0001341
0.00519044
6.30873e-06
0.00519003
-7.32783e-06
0.00519063
4.9271e-06
0.00519125
9.12626e-06
0.00519198
1.09416e-05
0.00519258
9.72429e-06
0.0051931
8.55429e-06
0.00519351
7.10096e-06
0.00519385
5.86902e-06
0.0051941
4.71142e-06
0.0051943
3.72271e-06
0.00519444
2.88376e-06
0.00519455
2.18704e-06
0.00519463
1.61781e-06
0.00519468
1.18383e-06
0.00519472
8.52772e-07
0.00519474
6.02603e-07
0.00519476
4.16311e-07
0.00519477
2.86248e-07
0.00519478
1.9468e-07
0.00519478
1.32756e-07
0.00519478
8.86652e-08
0.00519479
5.96606e-08
0.00519479
3.8578e-08
0.00519479
2.60292e-08
0.00519479
1.65589e-08
0.00519479
1.13676e-08
0.00519479
7.11422e-09
0.00519479
4.29859e-09
0.00519479
1.99102e-09
0.00519479
1.28503e-09
0.00519479
-1.16351e-10
0.00519479
-3.90697e-10
0.00519479
-1.30708e-09
0.00519479
-9.49363e-10
0.00519479
-1.69751e-09
0.00519479
-2.20975e-09
0.00519479
-2.40023e-09
0.00519479
-1.58536e-09
0.00519479
-1.21304e-09
0.00519479
-2.25034e-10
0.00519479
-5.69407e-10
0.00519479
-5.45279e-10
0.00519479
1.82335e-10
0.00519479
9.66196e-10
0.00519479
1.20739e-09
0.00519479
1.53847e-09
0.00519479
1.26986e-09
0.00519479
1.5209e-09
0.00519479
9.55317e-10
0.00519479
1.20799e-09
0.00519479
8.5254e-10
0.00519479
2.15084e-10
0.00519479
-2.8223e-10
0.00519479
-1.36932e-10
0.00519479
-1.11939e-10
0.00519479
-1.55766e-10
0.00519479
-2.40639e-10
0.00519479
-2.80685e-10
0.00519479
-1.03952e-09
0.00519479
-1.44387e-09
0.00519479
-2.18086e-09
0.00519479
-2.00284e-09
0.00519479
-1.78615e-09
0.00519479
-1.18844e-09
0.00519479
-6.43157e-10
0.00519479
-2.3175e-10
0.00519479
-3.01839e-10
0.00519479
-2.7546e-11
0.00519479
3.12908e-10
0.00519479
9.286e-10
0.00519479
9.0992e-10
0.00519479
1.08613e-09
0.00519479
1.14187e-09
0.00519479
1.22321e-09
0.00519479
9.61096e-10
0.00519479
1.25274e-09
0.00519479
2.1097e-09
0.00519479
3.25849e-09
0.00519479
4.90565e-09
0.00519479
7.76625e-09
0.00519479
1.25917e-08
0.00519479
2.00774e-08
0.0051948
3.1046e-08
0.0051948
4.76192e-08
0.0051948
7.13426e-08
0.00519481
1.05939e-07
0.00519481
1.57487e-07
0.00519482
2.31194e-07
0.00519483
3.52589e-07
0.00519484
5.28918e-07
0.00519484
9.17037e-07
0.00519484
1.5549e-06
0.0051949
4.16219e-06
0.00519526
1.06922e-05
0.00519682
3.73455e-05
7.38467e-05
0.00512472
0.000742987
0.00517657
0.000430578
0.0051882
0.00012247
0.00518911
5.4048e-06
0.00518857
-6.78871e-06
0.0051892
4.2926e-06
0.00518999
8.33831e-06
0.00519092
1.00053e-05
0.00519172
8.92833e-06
0.00519241
7.86315e-06
0.00519297
6.54126e-06
0.00519342
5.41477e-06
0.00519378
4.3539e-06
0.00519406
3.44543e-06
0.00519427
2.67369e-06
0.00519443
2.03037e-06
0.00519454
1.50375e-06
0.00519462
1.10225e-06
0.00519468
7.95862e-07
0.00519472
5.63645e-07
0.00519475
3.89331e-07
0.00519477
2.67721e-07
0.00519478
1.82514e-07
0.00519479
1.24769e-07
0.00519479
8.32936e-08
0.00519479
5.61591e-08
0.0051948
3.64014e-08
0.0051948
2.47132e-08
0.0051948
1.57984e-08
0.0051948
1.08307e-08
0.0051948
6.72988e-09
0.0051948
3.97664e-09
0.0051948
1.63298e-09
0.0051948
1.04214e-09
0.0051948
-2.8574e-10
0.0051948
-7.29291e-10
0.0051948
-1.73441e-09
0.0051948
-1.32795e-09
0.0051948
-1.88185e-09
0.0051948
-2.27462e-09
0.0051948
-2.44733e-09
0.0051948
-1.68676e-09
0.0051948
-1.4117e-09
0.0051948
-3.75643e-10
0.0051948
-4.95037e-10
0.0051948
-4.57202e-10
0.0051948
1.93621e-10
0.0051948
1.09285e-09
0.0051948
1.29188e-09
0.0051948
1.50544e-09
0.0051948
1.30779e-09
0.0051948
1.62778e-09
0.0051948
1.03479e-09
0.0051948
1.2473e-09
0.0051948
1.01464e-09
0.0051948
4.10284e-10
0.0051948
-2.33622e-10
0.0051948
-1.52613e-10
0.0051948
-3.32382e-11
0.0051948
-7.74384e-11
0.0051948
-2.66734e-10
0.0051948
-4.05964e-10
0.0051948
-1.19596e-09
0.0051948
-1.50658e-09
0.0051948
-2.17475e-09
0.0051948
-2.03281e-09
0.0051948
-1.82534e-09
0.0051948
-1.25584e-09
0.0051948
-7.01846e-10
0.0051948
-2.30814e-10
0.0051948
-3.06711e-10
0.0051948
-1.23804e-10
0.0051948
2.30653e-10
0.0051948
9.90447e-10
0.0051948
1.03915e-09
0.0051948
1.10783e-09
0.0051948
1.12287e-09
0.0051948
1.29515e-09
0.0051948
1.07253e-09
0.0051948
1.23726e-09
0.0051948
2.01217e-09
0.0051948
3.11332e-09
0.0051948
4.61393e-09
0.0051948
7.22895e-09
0.00519481
1.17381e-08
0.00519481
1.87318e-08
0.00519481
2.88617e-08
0.00519481
4.43192e-08
0.00519482
6.6448e-08
0.00519482
9.8657e-08
0.00519483
1.46946e-07
0.00519485
2.16619e-07
0.00519487
3.32935e-07
0.00519489
5.04239e-07
0.00519493
8.83379e-07
0.00519498
1.5019e-06
0.00519517
3.97529e-06
0.00519581
1.00497e-05
0.00519832
3.48391e-05
6.85799e-05
0.00511785
0.000625139
0.00517338
0.00037505
0.0051871
0.000108746
0.00518796
4.54246e-06
0.00518729
-6.11883e-06
0.00518794
3.64816e-06
0.00518887
7.40438e-06
0.00518998
8.89431e-06
0.00519094
7.96471e-06
0.00519178
7.02163e-06
0.00519247
5.85174e-06
0.00519304
4.85055e-06
0.00519349
3.90549e-06
0.00519384
3.09449e-06
0.00519411
2.40533e-06
0.00519431
1.82839e-06
0.00519446
1.35522e-06
0.00519457
9.95064e-07
0.00519464
7.20122e-07
0.0051947
5.11152e-07
0.00519473
3.52887e-07
0.00519476
2.4252e-07
0.00519477
1.65619e-07
0.00519478
1.13611e-07
0.00519479
7.58724e-08
0.0051948
5.13144e-08
0.0051948
3.33086e-08
0.0051948
2.27637e-08
0.0051948
1.46227e-08
0.0051948
1.00083e-08
0.0051948
6.1549e-09
0.0051948
3.57198e-09
0.0051948
1.20108e-09
0.0051948
6.92488e-10
0.0051948
-5.02676e-10
0.0051948
-1.04082e-09
0.00519481
-2.1533e-09
0.00519481
-1.72562e-09
0.00519481
-2.06542e-09
0.00519481
-2.30801e-09
0.00519481
-2.47761e-09
0.00519481
-1.77647e-09
0.00519481
-1.60996e-09
0.00519481
-5.60916e-10
0.00519481
-4.48344e-10
0.00519481
-3.12094e-10
0.00519481
2.37262e-10
0.00519481
1.16447e-09
0.00519481
1.34328e-09
0.00519481
1.46716e-09
0.00519481
1.31879e-09
0.00519481
1.72867e-09
0.00519481
1.12335e-09
0.00519481
1.25025e-09
0.00519481
1.13151e-09
0.00519481
6.34436e-10
0.00519481
-1.37169e-10
0.00519481
-1.64704e-10
0.00519481
2.36038e-11
0.00519481
-1.99905e-12
0.00519481
-2.85109e-10
0.00519481
-5.24453e-10
0.00519481
-1.36084e-09
0.00519481
-1.58187e-09
0.00519481
-2.136e-09
0.00519481
-2.01459e-09
0.00519481
-1.82846e-09
0.00519481
-1.30565e-09
0.00519481
-7.73377e-10
0.00519481
-2.5082e-10
0.00519481
-2.92197e-10
0.00519481
-1.84402e-10
0.00519481
1.37055e-10
0.00519481
1.00929e-09
0.00519481
1.16306e-09
0.00519481
1.15655e-09
0.00519481
1.09062e-09
0.00519481
1.33252e-09
0.00519481
1.17861e-09
0.00519481
1.21386e-09
0.00519481
1.86779e-09
0.00519481
2.8888e-09
0.00519481
4.20875e-09
0.00519481
6.50196e-09
0.00519481
1.05641e-08
0.00519481
1.6927e-08
0.00519481
2.59855e-08
0.00519482
3.99503e-08
0.00519483
5.9989e-08
0.00519484
8.90802e-08
0.00519485
1.32901e-07
0.00519487
1.96645e-07
0.0051949
3.04298e-07
0.00519494
4.64567e-07
0.005195
8.20563e-07
0.0051951
1.39771e-06
0.00519541
3.66468e-06
0.00519632
9.14405e-06
0.00519967
3.14871e-05
6.17402e-05
0.00511223
0.000512909
0.00517069
0.000316591
0.00518618
9.32579e-05
0.005187
3.72048e-06
0.0051862
-5.32268e-06
0.00518684
3.00797e-06
0.0051879
6.3492e-06
0.00518916
7.63556e-06
0.00519026
6.85766e-06
0.00519124
6.05101e-06
0.00519204
5.05009e-06
0.0051927
4.1909e-06
0.00519322
3.37796e-06
0.00519364
2.67907e-06
0.00519396
2.08572e-06
0.0051942
1.58647e-06
0.00519438
1.17615e-06
0.00519451
8.6513e-07
0.00519461
6.27624e-07
0.00519467
4.46488e-07
0.00519472
3.07939e-07
0.00519475
2.11364e-07
0.00519477
1.44478e-07
0.00519478
9.95765e-08
0.00519479
6.66242e-08
0.0051948
4.52796e-08
0.0051948
2.94054e-08
0.0051948
2.02266e-08
0.0051948
1.30575e-08
0.0051948
8.92296e-09
0.00519481
5.4157e-09
0.00519481
3.10026e-09
0.00519481
7.24593e-10
0.00519481
2.41999e-10
0.00519481
-7.89527e-10
0.00519481
-1.32006e-09
0.00519481
-2.5209e-09
0.00519481
-2.12444e-09
0.00519481
-2.25362e-09
0.00519481
-2.32293e-09
0.00519481
-2.49209e-09
0.00519481
-1.8554e-09
0.00519481
-1.78879e-09
0.00519481
-7.57492e-10
0.00519481
-4.31709e-10
0.00519481
-1.39778e-10
0.00519481
3.18002e-10
0.00519481
1.19352e-09
0.00519481
1.35972e-09
0.00519481
1.43052e-09
0.00519481
1.30846e-09
0.00519481
1.81029e-09
0.00519481
1.22843e-09
0.00519481
1.23127e-09
0.00519481
1.19149e-09
0.00519481
8.62124e-10
0.00519481
1.18629e-11
0.00519481
-1.63977e-10
0.00519481
5.38349e-11
0.00519481
5.96079e-11
0.00519481
-3.07576e-10
0.00519481
-6.36384e-10
0.00519481
-1.51959e-09
0.00519481
-1.66896e-09
0.00519481
-2.08081e-09
0.00519481
-1.95667e-09
0.00519481
-1.79391e-09
0.00519481
-1.33433e-09
0.00519481
-8.54469e-10
0.00519481
-3.01106e-10
0.00519481
-2.7255e-10
0.00519481
-2.03323e-10
0.00519481
5.0814e-11
0.00519481
9.83314e-10
0.00519481
1.26511e-09
0.00519481
1.23076e-09
0.00519481
1.06121e-09
0.00519481
1.33448e-09
0.00519481
1.2719e-09
0.00519481
1.18792e-09
0.00519481
1.68532e-09
0.00519481
2.58916e-09
0.00519481
3.70013e-09
0.00519481
5.61254e-09
0.00519481
9.1053e-09
0.00519482
1.47063e-08
0.00519482
2.2506e-08
0.00519482
3.46375e-08
0.00519483
5.21325e-08
0.00519484
7.74558e-08
0.00519486
1.15714e-07
0.00519489
1.71768e-07
0.00519492
2.67377e-07
0.00519498
4.10913e-07
0.00519507
7.30438e-07
0.00519522
1.24579e-06
0.00519564
3.24105e-06
0.00519678
8.0025e-06
0.00520087
2.73961e-05
5.35425e-05
0.00510773
0.000405176
0.00516849
0.000255834
0.00518543
7.63193e-05
0.00518622
2.93389e-06
0.0051853
-4.41093e-06
0.00518593
2.3804e-06
0.00518709
5.19578e-06
0.00518847
6.25514e-06
0.00518969
5.63121e-06
0.00519077
4.9726e-06
0.00519167
4.15439e-06
0.00519241
3.45085e-06
0.005193
2.78362e-06
0.00519347
2.20896e-06
0.00519383
1.72247e-06
0.00519411
1.3105e-06
0.00519432
9.70914e-07
0.00519447
7.15626e-07
0.00519457
5.20723e-07
0.00519465
3.71274e-07
0.0051947
2.55593e-07
0.00519474
1.75083e-07
0.00519476
1.19691e-07
0.00519478
8.30306e-08
0.00519479
5.57966e-08
0.0051948
3.82245e-08
0.0051948
2.48145e-08
0.0051948
1.71723e-08
0.0051948
1.11445e-08
0.00519481
7.60556e-09
0.00519481
4.5412e-09
0.00519481
2.57793e-09
0.00519481
2.33961e-10
0.00519481
-2.88575e-10
0.00519481
-1.16091e-09
0.00519481
-1.5809e-09
0.00519481
-2.80768e-09
0.00519481
-2.49581e-09
0.00519481
-2.44663e-09
0.00519481
-2.33819e-09
0.00519481
-2.49261e-09
0.00519481
-1.92135e-09
0.00519481
-1.92955e-09
0.00519481
-9.38799e-10
0.00519481
-4.37773e-10
0.00519481
2.80007e-11
0.00519481
4.25906e-10
0.00519481
1.1964e-09
0.00519481
1.34574e-09
0.00519481
1.39925e-09
0.00519481
1.28377e-09
0.00519481
1.85911e-09
0.00519481
1.35045e-09
0.00519481
1.21131e-09
0.00519481
1.19488e-09
0.00519481
1.06324e-09
0.00519481
2.07947e-10
0.00519481
-1.37119e-10
0.00519481
5.66042e-11
0.00519481
9.53029e-11
0.00519481
-3.47827e-10
0.00519481
-7.47921e-10
0.00519481
-1.65765e-09
0.00519481
-1.7567e-09
0.00519481
-2.02108e-09
0.00519481
-1.87397e-09
0.00519481
-1.72594e-09
0.00519481
-1.33907e-09
0.00519481
-9.38347e-10
0.00519481
-3.84411e-10
0.00519481
-2.63041e-10
0.00519481
-1.84313e-10
0.00519481
-1.13398e-11
0.00519481
9.17797e-10
0.00519481
1.33226e-09
0.00519481
1.32191e-09
0.00519481
1.04744e-09
0.00519481
1.30468e-09
0.00519481
1.34326e-09
0.00519481
1.16296e-09
0.00519481
1.47382e-09
0.00519481
2.22063e-09
0.00519481
3.09912e-09
0.00519481
4.58857e-09
0.00519481
7.40869e-09
0.00519482
1.21232e-08
0.00519482
1.85203e-08
0.00519483
2.85285e-08
0.00519484
4.30721e-08
0.00519485
6.40655e-08
0.00519487
9.58123e-08
0.0051949
1.42608e-07
0.00519494
2.23127e-07
0.00519501
3.4478e-07
0.00519512
6.1589e-07
0.00519532
1.05135e-06
0.00519584
2.71835e-06
0.00519719
6.65701e-06
0.0052019
2.26797e-05
4.4207e-05
0.00510425
0.000300927
0.00516676
0.000193328
0.00518484
5.82326e-05
0.0051856
2.17588e-06
0.00518459
-3.39988e-06
0.0051852
1.76875e-06
0.00518643
3.96558e-06
0.00518791
4.77822e-06
0.00518923
4.30917e-06
0.00519039
3.80773e-06
0.00519137
3.18299e-06
0.00519217
2.64589e-06
0.00519282
2.13528e-06
0.00519333
1.69453e-06
0.00519373
1.32368e-06
0.00519404
1.00679e-06
0.00519426
7.44304e-07
0.00519443
5.50047e-07
0.00519455
4.02014e-07
0.00519463
2.87364e-07
0.00519469
1.97102e-07
0.00519473
1.34598e-07
0.00519476
9.19517e-08
0.00519478
6.44082e-08
0.00519479
4.36514e-08
0.0051948
3.03271e-08
0.0051948
1.96664e-08
0.0051948
1.36919e-08
0.00519481
8.93668e-09
0.00519481
6.09722e-09
0.00519481
3.56005e-09
0.00519481
2.01724e-09
0.00519481
-2.45171e-10
0.00519481
-8.65149e-10
0.00519481
-1.61691e-09
0.00519481
-1.84891e-09
0.00519481
-3.00816e-09
0.00519481
-2.80659e-09
0.00519481
-2.6335e-09
0.00519481
-2.37052e-09
0.00519481
-2.48499e-09
0.00519481
-1.96855e-09
0.00519481
-2.017e-09
0.00519481
-1.08161e-09
0.00519481
-4.55111e-10
0.00519481
1.65859e-10
0.00519481
5.39725e-10
0.00519481
1.18842e-09
0.00519481
1.311e-09
0.00519481
1.37455e-09
0.00519481
1.25253e-09
0.00519481
1.86575e-09
0.00519481
1.48135e-09
0.00519481
1.21201e-09
0.00519481
1.15435e-09
0.00519481
1.21118e-09
0.00519481
4.34554e-10
0.00519481
-7.16212e-11
0.00519481
3.73511e-11
0.00519481
9.46135e-11
0.00519481
-4.16426e-10
0.00519481
-8.67293e-10
0.00519481
-1.76497e-09
0.00519481
-1.82721e-09
0.00519481
-1.96041e-09
0.00519481
-1.78318e-09
0.00519481
-1.63556e-09
0.00519481
-1.3193e-09
0.00519481
-1.01541e-09
0.00519481
-4.96369e-10
0.00519481
-2.76939e-10
0.00519481
-1.38687e-10
0.00519481
-3.90431e-11
0.00519481
8.24299e-10
0.00519481
1.35649e-09
0.00519481
1.41777e-09
0.00519481
1.05655e-09
0.00519481
1.24892e-09
0.00519481
1.38288e-09
0.00519481
1.13846e-09
0.00519481
1.24208e-09
0.00519481
1.79082e-09
0.00519481
2.41885e-09
0.00519481
3.45846e-09
0.00519482
5.52762e-09
0.00519482
9.24213e-09
0.00519482
1.41293e-08
0.00519483
2.17884e-08
0.00519484
3.30274e-08
0.00519486
4.92221e-08
0.00519488
7.36801e-08
0.00519491
1.099e-07
0.00519496
1.7273e-07
0.00519504
2.68107e-07
0.00519517
4.80699e-07
0.0051954
8.21086e-07
0.00519601
2.11324e-06
0.00519752
5.1436e-06
0.00520274
1.74572e-05
3.39577e-05
0.0051017
0.000199228
0.00516547
0.000129561
0.00518441
3.92916e-05
0.00518515
1.43894e-06
0.00518405
-2.31041e-06
0.00518465
1.17232e-06
0.00518594
2.67873e-06
0.00518749
3.22934e-06
0.00518888
2.91533e-06
0.00519011
2.5778e-06
0.00519114
2.15455e-06
0.00519199
1.79193e-06
0.00519268
1.44611e-06
0.00519323
1.14657e-06
0.00519365
8.97912e-07
0.00519398
6.82032e-07
0.00519422
5.01468e-07
0.0051944
3.72177e-07
0.00519453
2.74282e-07
0.00519462
1.96812e-07
0.00519468
1.33861e-07
0.00519472
9.09002e-08
0.00519475
6.2009e-08
0.00519477
4.42067e-08
0.00519479
3.04646e-08
0.00519479
2.17667e-08
0.0051948
1.40931e-08
0.0051948
9.8921e-09
0.00519481
6.49541e-09
0.00519481
4.44528e-09
0.00519481
2.49864e-09
0.00519481
1.42271e-09
0.00519481
-6.99315e-10
0.00519481
-1.44766e-09
0.00519481
-2.1394e-09
0.00519481
-2.14903e-09
0.00519481
-3.1422e-09
0.00519481
-3.03134e-09
0.00519481
-2.79175e-09
0.00519481
-2.42501e-09
0.00519481
-2.47816e-09
0.00519481
-1.99059e-09
0.00519481
-2.04244e-09
0.00519481
-1.1704e-09
0.00519481
-4.73575e-10
0.00519481
2.58151e-10
0.00519481
6.33317e-10
0.00519481
1.17902e-09
0.00519481
1.26727e-09
0.00519481
1.35624e-09
0.00519481
1.22224e-09
0.00519481
1.82924e-09
0.00519481
1.6067e-09
0.00519481
1.24949e-09
0.00519481
1.09231e-09
0.00519481
1.2896e-09
0.00519481
6.6631e-10
0.00519481
3.90016e-11
0.00519481
6.33919e-12
0.00519481
5.18106e-11
0.00519481
-5.18913e-10
0.00519481
-1.00032e-09
0.00519481
-1.83855e-09
0.00519481
-1.86217e-09
0.00519481
-1.89331e-09
0.00519481
-1.69698e-09
0.00519481
-1.53833e-09
0.00519481
-1.27816e-09
0.00519481
-1.07519e-09
0.00519481
-6.25361e-10
0.00519481
-3.23012e-10
0.00519481
-8.21495e-11
0.00519481
-2.95314e-11
0.00519481
7.18346e-10
0.00519481
1.33564e-09
0.00519481
1.50532e-09
0.00519481
1.09135e-09
0.00519481
1.17492e-09
0.00519481
1.38221e-09
0.00519481
1.11063e-09
0.00519481
9.98976e-10
0.00519481
1.30927e-09
0.00519481
1.67364e-09
0.00519482
2.25095e-09
0.00519482
3.51663e-09
0.00519482
6.13647e-09
0.00519483
9.4347e-09
0.00519483
1.45905e-08
0.00519484
2.22394e-08
0.00519486
3.3263e-08
0.00519488
4.98437e-08
0.00519492
7.44688e-08
0.00519497
1.17562e-07
0.00519506
1.832e-07
0.00519521
3.2937e-07
0.00519547
5.62912e-07
0.00519614
1.44449e-06
0.00519778
3.50148e-06
0.00520338
1.18519e-05
2.30209e-05
0.00510003
9.91983e-05
0.00516461
6.49773e-05
0.00518412
1.97839e-05
0.00518484
7.15608e-07
0.0051837
-1.16691e-06
0.00518429
5.87456e-07
0.00518561
1.35444e-06
0.00518721
1.63261e-06
0.00518865
1.47353e-06
0.00518992
1.30439e-06
0.00519099
1.08801e-06
0.00519187
9.05193e-07
0.00519259
7.29637e-07
0.00519316
5.76234e-07
0.0051936
4.54051e-07
0.00519394
3.43207e-07
0.00519419
2.47819e-07
0.00519438
1.86033e-07
0.00519451
1.4046e-07
0.00519461
1.01812e-07
0.00519467
6.73956e-08
0.00519472
4.50431e-08
0.00519475
3.06458e-08
0.00519477
2.2974e-08
0.00519479
1.65375e-08
0.00519479
1.27231e-08
0.0051948
8.2237e-09
0.0051948
5.88876e-09
0.00519481
3.88985e-09
0.00519481
2.69944e-09
0.00519481
1.38064e-09
0.00519481
7.91249e-10
0.00519481
-1.13102e-09
0.00519481
-1.9997e-09
0.00519481
-2.69358e-09
0.00519481
-2.49207e-09
0.00519481
-3.24478e-09
0.00519481
-3.16312e-09
0.00519481
-2.89484e-09
0.00519481
-2.49008e-09
0.00519481
-2.47898e-09
0.00519481
-1.98445e-09
0.00519481
-2.00598e-09
0.00519481
-1.20041e-09
0.00519481
-4.86979e-10
0.00519481
3.00522e-10
0.00519481
6.84053e-10
0.00519481
1.1703e-09
0.00519481
1.2251e-09
0.00519481
1.34336e-09
0.00519481
1.19811e-09
0.00519481
1.75638e-09
0.00519481
1.70953e-09
0.00519481
1.32888e-09
0.00519481
1.03577e-09
0.00519481
1.29745e-09
0.00519481
8.74803e-10
0.00519481
1.92299e-10
0.00519481
-2.41537e-11
0.00519481
-3.21956e-11
0.00519481
-6.53844e-10
0.00519481
-1.14705e-09
0.00519481
-1.88153e-09
0.00519481
-1.84931e-09
0.00519481
-1.80789e-09
0.00519481
-1.6194e-09
0.00519481
-1.44989e-09
0.00519481
-1.22252e-09
0.00519481
-1.10863e-09
0.00519481
-7.53862e-10
0.00519481
-4.03253e-10
0.00519481
-3.17037e-11
0.00519481
1.31106e-11
0.00519481
6.17387e-10
0.00519481
1.2733e-09
0.00519481
1.57164e-09
0.00519481
1.15039e-09
0.00519481
1.0924e-09
0.00519481
1.33567e-09
0.00519481
1.07186e-09
0.00519481
7.53381e-10
0.00519481
7.8916e-10
0.00519481
8.7825e-10
0.00519482
9.94534e-10
0.00519482
1.42822e-09
0.00519482
2.88402e-09
0.00519483
4.5376e-09
0.00519483
7.10619e-09
0.00519484
1.09624e-08
0.00519486
1.65447e-08
0.00519489
2.48564e-08
0.00519492
3.72019e-08
0.00519498
5.9143e-08
0.00519507
9.26428e-08
0.00519524
1.66968e-07
0.00519551
2.85635e-07
0.00519622
7.32462e-07
0.00519795
1.77223e-06
0.00520382
5.98992e-06
1.1625e-05
0.0050992
-5.71972e-09
0.00516419
-8.8548e-09
0.00518398
-6.23893e-09
0.0051847
-1.23476e-09
0.00518352
4.01432e-09
0.0051841
8.64467e-09
0.00518544
1.14118e-08
0.00518706
1.19505e-08
0.00518853
7.70796e-09
0.00518982
9.19313e-09
0.00519091
2.45882e-09
0.00519181
2.15687e-09
0.00519254
-3.92647e-10
0.00519312
-5.1301e-09
0.00519357
1.19628e-09
0.00519392
-2.5643e-09
0.00519418
-1.10819e-08
0.00519437
-4.21121e-09
0.00519451
3.58153e-09
0.0051946
4.63519e-09
0.00519467
-6.77504e-10
0.00519472
-1.87492e-09
0.00519475
-1.34769e-09
0.00519477
1.28825e-09
0.00519478
2.20785e-09
0.00519479
3.38415e-09
0.0051948
2.18436e-09
0.0051948
1.79973e-09
0.00519481
1.19815e-09
0.00519481
9.10631e-10
0.00519481
2.28862e-10
0.00519481
1.15925e-10
0.00519481
-1.5564e-09
0.00519481
-2.49672e-09
0.00519481
-3.23535e-09
0.00519481
-2.86716e-09
0.00519481
-3.34954e-09
0.00519481
-3.21671e-09
0.00519481
-2.92336e-09
0.00519481
-2.54026e-09
0.00519481
-2.48598e-09
0.00519481
-1.95236e-09
0.00519481
-1.91787e-09
0.00519481
-1.1785e-09
0.00519481
-4.94307e-10
0.00519481
2.98739e-10
0.00519481
6.79295e-10
0.00519481
1.15744e-09
0.00519481
1.19097e-09
0.00519481
1.33469e-09
0.00519481
1.18213e-09
0.00519481
1.65824e-09
0.00519481
1.77448e-09
0.00519481
1.44207e-09
0.00519481
1.0093e-09
0.00519481
1.24937e-09
0.00519481
1.03527e-09
0.00519481
3.76391e-10
0.00519481
-4.31038e-11
0.00519481
-1.49935e-10
0.00519481
-8.12811e-10
0.00519481
-1.29999e-09
0.00519481
-1.89994e-09
0.00519481
-1.78674e-09
0.00519481
-1.69148e-09
0.00519481
-1.54432e-09
0.00519481
-1.38089e-09
0.00519481
-1.16181e-09
0.00519481
-1.11018e-09
0.00519481
-8.617e-10
0.00519481
-5.11216e-10
0.00519481
-2.49336e-12
0.00519481
7.90465e-11
0.00519481
5.38467e-10
0.00519481
1.17886e-09
0.00519481
1.60509e-09
0.00519481
1.22746e-09
0.00519481
1.01281e-09
0.00519481
1.24312e-09
0.00519481
1.01265e-09
0.00519481
5.13349e-10
0.00519481
2.48871e-10
0.00519481
4.82982e-11
0.00519482
-2.83621e-10
0.00519482
-6.88018e-10
0.00519482
-4.37137e-10
0.00519483
-4.61078e-10
0.00519483
-5.01225e-10
0.00519485
-5.44902e-10
0.00519486
-5.62996e-10
0.00519489
-7.13342e-10
0.00519493
-9.741e-10
0.00519499
-9.11859e-10
0.00519508
-7.86215e-10
0.00519525
-1.06743e-09
0.00519554
-1.32799e-09
0.00519627
-1.45212e-09
0.00519804
-9.87688e-10
0.00520403
-9.10569e-10
-7.7619e-10
0.0050992
-9.921e-05
0.00516419
-6.49952e-05
0.00518398
-1.97966e-05
0.00518469
-7.18368e-07
0.00518352
1.17469e-06
0.0051841
-5.70496e-07
0.00518544
-1.33189e-06
0.00518706
-1.60885e-06
0.00518853
-1.45811e-06
0.00518982
-1.28601e-06
0.00519091
-1.08292e-06
0.00519181
-9.00656e-07
0.00519254
-7.30179e-07
0.00519312
-5.86141e-07
0.00519358
-4.51498e-07
0.00519392
-3.48127e-07
0.00519418
-2.69663e-07
0.00519437
-1.94328e-07
0.00519451
-1.33278e-07
0.0051946
-9.24438e-08
0.00519467
-6.87043e-08
0.00519472
-4.87359e-08
0.00519475
-3.31941e-08
0.00519477
-2.02697e-08
0.00519478
-1.21487e-08
0.00519479
-6.04312e-09
0.0051948
-3.89925e-09
0.0051948
-2.26423e-09
0.00519481
-1.49511e-09
0.00519481
-8.69036e-10
0.00519481
-9.32003e-10
0.00519481
-6.08446e-10
0.00519481
-1.99788e-09
0.00519481
-2.92965e-09
0.00519481
-3.72175e-09
0.00519481
-3.24372e-09
0.00519481
-3.47338e-09
0.00519481
-3.22228e-09
0.00519481
-2.87389e-09
0.00519481
-2.54593e-09
0.00519481
-2.48688e-09
0.00519481
-1.89997e-09
0.00519481
-1.7972e-09
0.00519481
-1.12138e-09
0.00519481
-4.99535e-10
0.00519481
2.65293e-10
0.00519481
6.20065e-10
0.00519481
1.13104e-09
0.00519481
1.16525e-09
0.00519481
1.32897e-09
0.00519481
1.17376e-09
0.00519481
1.54594e-09
0.00519481
1.7908e-09
0.00519481
1.56916e-09
0.00519481
1.02866e-09
0.00519481
1.17183e-09
0.00519481
1.13232e-09
0.00519481
5.72211e-10
0.00519481
-4.32313e-11
0.00519481
-2.89076e-10
0.00519481
-9.82768e-10
0.00519481
-1.44565e-09
0.00519481
-1.89881e-09
0.00519481
-1.68356e-09
0.00519481
-1.53731e-09
0.00519481
-1.45833e-09
0.00519481
-1.33328e-09
0.00519481
-1.10606e-09
0.00519481
-1.07961e-09
0.00519481
-9.30629e-10
0.00519481
-6.32445e-10
0.00519481
-4.59522e-12
0.00519481
1.54386e-10
0.00519481
4.94979e-10
0.00519481
1.06698e-09
0.00519481
1.59705e-09
0.00519481
1.31139e-09
0.00519481
9.47447e-10
0.00519481
1.1116e-09
0.00519481
9.24189e-10
0.00519481
2.84697e-10
0.00519481
-2.88268e-10
0.00519481
-7.97963e-10
0.00519482
-1.55854e-09
0.00519482
-2.78477e-09
0.00519482
-3.75109e-09
0.00519483
-5.45971e-09
0.00519483
-8.07767e-09
0.00519485
-1.20273e-08
0.00519486
-1.76826e-08
0.00519489
-2.62906e-08
0.00519493
-3.91202e-08
0.00519499
-6.09432e-08
0.00519508
-9.42151e-08
0.00519525
-1.69105e-07
0.00519554
-2.88264e-07
0.00519627
-7.35332e-07
0.00519804
-1.77422e-06
0.00520403
-5.99175e-06
-1.16266e-05
0.00510003
-0.000199241
0.00516461
-0.00012958
0.00518412
-3.93047e-05
0.00518484
-1.44245e-06
0.0051837
2.31752e-06
0.00518428
-1.15627e-06
0.00518561
-2.65691e-06
0.00518721
-3.20598e-06
0.00518865
-2.89993e-06
0.00518992
-2.55946e-06
0.00519099
-2.149e-06
0.00519187
-1.78681e-06
0.00519259
-1.446e-06
0.00519316
-1.15552e-06
0.0051936
-8.94962e-07
0.00519394
-6.86411e-07
0.00519419
-5.22458e-07
0.00519438
-3.80146e-07
0.00519451
-2.67066e-07
0.00519461
-1.87199e-07
0.00519467
-1.35055e-07
0.00519472
-9.44333e-08
0.00519475
-6.4149e-08
0.00519477
-4.11472e-08
0.00519479
-2.61352e-08
0.00519479
-1.53257e-08
0.0051948
-9.89751e-09
0.0051948
-6.2077e-09
0.00519481
-4.10743e-09
0.00519481
-2.58814e-09
0.00519481
-2.07371e-09
0.00519481
-1.37945e-09
0.00519481
-2.47488e-09
0.00519481
-3.3031e-09
0.00519481
-4.12024e-09
0.00519481
-3.58122e-09
0.00519481
-3.6094e-09
0.00519481
-3.2123e-09
0.00519481
-2.76122e-09
0.00519481
-2.48503e-09
0.00519481
-2.46219e-09
0.00519481
-1.83288e-09
0.00519481
-1.66743e-09
0.00519481
-1.05143e-09
0.00519481
-5.10016e-10
0.00519481
2.14382e-10
0.00519481
5.2106e-10
0.00519481
1.0816e-09
0.00519481
1.14163e-09
0.00519481
1.32446e-09
0.00519481
1.17164e-09
0.00519481
1.42813e-09
0.00519481
1.75375e-09
0.00519481
1.68327e-09
0.00519481
1.09684e-09
0.00519481
1.09641e-09
0.00519481
1.16324e-09
0.00519481
7.57464e-10
0.00519481
-2.21403e-11
0.00519481
-4.35173e-10
0.00519481
-1.14949e-09
0.00519481
-1.56861e-09
0.00519481
-1.87943e-09
0.00519481
-1.55654e-09
0.00519481
-1.34964e-09
0.00519481
-1.34703e-09
0.00519481
-1.29959e-09
0.00519481
-1.06339e-09
0.00519481
-1.02274e-09
0.00519481
-9.48974e-10
0.00519481
-7.47224e-10
0.00519481
-4.06525e-11
0.00519481
2.2382e-10
0.00519481
4.93194e-10
0.00519481
9.5576e-10
0.00519481
1.54389e-09
0.00519481
1.38711e-09
0.00519481
9.04413e-10
0.00519481
9.55471e-10
0.00519481
8.01555e-10
0.00519481
6.97893e-11
0.00519481
-7.9683e-10
0.00519481
-1.63786e-09
0.00519482
-2.80719e-09
0.00519482
-4.81634e-09
0.00519482
-6.98445e-09
0.00519483
-1.03555e-08
0.00519483
-1.54749e-08
0.00519484
-2.32375e-08
0.00519486
-3.44341e-08
0.00519489
-5.13002e-08
0.00519492
-7.63054e-08
0.00519498
-1.19297e-07
0.00519507
-1.84773e-07
0.00519523
-3.31508e-07
0.00519551
-5.65461e-07
0.00519622
-1.44726e-06
0.00519795
-3.50351e-06
0.00520382
-1.18538e-05
-2.30225e-05
0.0051017
-0.000300941
0.00516547
-0.000193347
0.00518441
-5.82462e-05
0.00518514
-2.18031e-06
0.00518405
3.4061e-06
0.00518465
-1.75395e-06
0.00518594
-3.94478e-06
0.00518749
-4.75551e-06
0.00518888
-4.29381e-06
0.00519011
-3.78952e-06
0.00519114
-3.17684e-06
0.00519199
-2.64005e-06
0.00519268
-2.13434e-06
0.00519323
-1.70222e-06
0.00519366
-1.32032e-06
0.00519398
-1.01051e-06
0.00519422
-7.64177e-07
0.0051944
-5.57628e-07
0.00519453
-3.9481e-07
0.00519462
-2.77496e-07
0.00519468
-1.98169e-07
0.00519472
-1.37901e-07
0.00519475
-9.35124e-08
0.00519477
-6.08443e-08
0.00519479
-3.93615e-08
0.00519479
-2.42076e-08
0.0051948
-1.56712e-08
0.0051948
-9.95345e-09
0.00519481
-6.56977e-09
0.00519481
-4.20078e-09
0.00519481
-3.16505e-09
0.00519481
-2.18299e-09
0.00519481
-2.99502e-09
0.00519481
-3.62935e-09
0.00519481
-4.41406e-09
0.00519481
-3.84185e-09
0.00519481
-3.73042e-09
0.00519481
-3.20806e-09
0.00519481
-2.61301e-09
0.00519481
-2.35139e-09
0.00519481
-2.39293e-09
0.00519481
-1.75415e-09
0.00519481
-1.55001e-09
0.00519481
-9.90689e-10
0.00519481
-5.33591e-10
0.00519481
1.57216e-10
0.00519481
4.06496e-10
0.00519481
1.00488e-09
0.00519481
1.10885e-09
0.00519481
1.31783e-09
0.00519481
1.17488e-09
0.00519481
1.31101e-09
0.00519481
1.66494e-09
0.00519481
1.75688e-09
0.00519481
1.20362e-09
0.00519481
1.05241e-09
0.00519481
1.13821e-09
0.00519481
9.11061e-10
0.00519481
1.79134e-11
0.00519481
-5.74176e-10
0.00519481
-1.30077e-09
0.00519481
-1.65653e-09
0.00519481
-1.83918e-09
0.00519481
-1.42407e-09
0.00519481
-1.14468e-09
0.00519481
-1.20224e-09
0.00519481
-1.26552e-09
0.00519481
-1.0376e-09
0.00519481
-9.50626e-10
0.00519481
-9.14945e-10
0.00519481
-8.35327e-10
0.00519481
-1.05163e-10
0.00519481
2.73781e-10
0.00519481
5.29986e-10
0.00519481
8.63192e-10
0.00519481
1.44836e-09
0.00519481
1.43818e-09
0.00519481
8.85866e-10
0.00519481
7.93849e-10
0.00519481
6.46525e-10
0.00519481
-1.32584e-10
0.00519481
-1.25419e-09
0.00519481
-2.44403e-09
0.00519481
-4.00706e-09
0.00519482
-6.73892e-09
0.00519482
-1.00653e-08
0.00519482
-1.50443e-08
0.00519483
-2.25468e-08
0.00519484
-3.39372e-08
0.00519486
-5.0441e-08
0.00519488
-7.51723e-08
0.00519492
-1.11626e-07
0.00519497
-1.74375e-07
0.00519506
-2.69686e-07
0.00519521
-4.82825e-07
0.00519547
-8.23516e-07
0.00519614
-2.11586e-06
0.00519778
-5.14567e-06
0.00520338
-1.74591e-05
-3.39592e-05
0.00510425
-0.000405189
0.00516675
-0.000255853
0.00518484
-7.63331e-05
0.0051856
-2.93902e-06
0.00518459
4.41635e-06
0.0051852
-2.36689e-06
0.00518643
-5.17607e-06
0.00518791
-6.23327e-06
0.00518923
-5.61592e-06
0.0051904
-4.95467e-06
0.00519137
-4.14772e-06
0.00519217
-3.4444e-06
0.00519282
-2.78192e-06
0.00519334
-2.21545e-06
0.00519373
-1.71893e-06
0.00519404
-1.31372e-06
0.00519426
-9.89736e-07
0.00519443
-7.22921e-07
0.00519455
-5.13658e-07
0.00519463
-3.61307e-07
0.00519469
-2.56582e-07
0.00519473
-1.78127e-07
0.00519476
-1.20632e-07
0.00519478
-7.89207e-08
0.00519479
-5.14733e-08
0.0051948
-3.24237e-08
0.0051948
-2.10675e-08
0.0051948
-1.34363e-08
0.00519481
-8.83431e-09
0.00519481
-5.67316e-09
0.00519481
-4.17503e-09
0.00519481
-2.99209e-09
0.00519481
-3.54869e-09
0.00519481
-3.92039e-09
0.00519481
-4.60279e-09
0.00519481
-4.00092e-09
0.00519481
-3.80048e-09
0.00519481
-3.21182e-09
0.00519481
-2.45935e-09
0.00519481
-2.15668e-09
0.00519481
-2.26841e-09
0.00519481
-1.66409e-09
0.00519481
-1.45896e-09
0.00519481
-9.54897e-10
0.00519481
-5.75062e-10
0.00519481
9.95195e-11
0.00519481
3.0251e-10
0.00519481
9.05911e-10
0.00519481
1.05483e-09
0.00519481
1.30308e-09
0.00519481
1.18278e-09
0.00519481
1.19996e-09
0.00519481
1.53248e-09
0.00519481
1.76848e-09
0.00519481
1.32804e-09
0.00519481
1.06055e-09
0.00519481
1.07798e-09
0.00519481
1.01703e-09
0.00519481
7.11542e-11
0.00519481
-6.94043e-10
0.00519481
-1.4283e-09
0.00519481
-1.70375e-09
0.00519481
-1.77394e-09
0.00519481
-1.30016e-09
0.00519481
-9.46564e-10
0.00519481
-1.02694e-09
0.00519481
-1.21474e-09
0.00519481
-1.02667e-09
0.00519481
-8.7698e-10
0.00519481
-8.37241e-10
0.00519481
-8.81409e-10
0.00519481
-1.86012e-10
0.00519481
2.95477e-10
0.00519481
5.93168e-10
0.00519481
8.02618e-10
0.00519481
1.3196e-09
0.00519481
1.44999e-09
0.00519481
8.87092e-10
0.00519481
6.45793e-10
0.00519481
4.68383e-10
0.00519481
-3.25274e-10
0.00519481
-1.6449e-09
0.00519481
-3.18661e-09
0.00519481
-5.13374e-09
0.00519482
-8.51135e-09
0.00519482
-1.29226e-08
0.00519482
-1.9422e-08
0.00519483
-2.9146e-08
0.00519484
-4.38959e-08
0.00519485
-6.53375e-08
0.00519488
-9.73507e-08
0.00519491
-1.44222e-07
0.00519496
-2.24676e-07
0.00519504
-3.46368e-07
0.00519517
-6.17982e-07
0.0051954
-1.05363e-06
0.00519601
-2.72079e-06
0.00519752
-6.65911e-06
0.00520274
-2.26816e-05
-4.42084e-05
0.00510773
-0.000512922
0.00516849
-0.000316611
0.00518543
-9.32715e-05
0.00518621
-3.72584e-06
0.0051853
5.32754e-06
0.00518593
-2.99548e-06
0.00518709
-6.33048e-06
0.00518847
-7.61468e-06
0.00518969
-6.84248e-06
0.00519077
-6.03352e-06
0.00519167
-5.04316e-06
0.00519241
-4.18417e-06
0.005193
-3.37576e-06
0.00519347
-2.68471e-06
0.00519384
-2.08244e-06
0.00519411
-1.58952e-06
0.00519432
-1.19424e-06
0.00519447
-8.72355e-07
0.00519457
-6.20896e-07
0.00519465
-4.3671e-07
0.0051947
-3.08917e-07
0.00519474
-2.14151e-07
0.00519476
-1.44891e-07
0.00519478
-9.4988e-08
0.00519479
-6.21667e-08
0.0051948
-3.97199e-08
0.0051948
-2.59217e-08
0.0051948
-1.65904e-08
0.00519481
-1.08721e-08
0.00519481
-6.9876e-09
0.00519481
-5.07757e-09
0.00519481
-3.76903e-09
0.00519481
-4.10855e-09
0.00519481
-4.18051e-09
0.00519481
-4.69832e-09
0.00519481
-4.0515e-09
0.00519481
-3.78846e-09
0.00519481
-3.20742e-09
0.00519481
-2.32194e-09
0.00519481
-1.92581e-09
0.00519481
-2.09077e-09
0.00519481
-1.56169e-09
0.00519481
-1.39827e-09
0.00519481
-9.49356e-10
0.00519481
-6.33236e-10
0.00519481
4.25977e-11
0.00519481
2.29228e-10
0.00519481
7.99184e-10
0.00519481
9.71935e-10
0.00519481
1.27191e-09
0.00519481
1.19304e-09
0.00519481
1.10039e-09
0.00519481
1.37075e-09
0.00519481
1.70807e-09
0.00519481
1.44319e-09
0.00519481
1.12835e-09
0.00519481
1.00911e-09
0.00519481
1.06716e-09
0.00519481
1.29046e-10
0.00519481
-7.85307e-10
0.00519481
-1.52768e-09
0.00519481
-1.71236e-09
0.00519481
-1.68151e-09
0.00519481
-1.19078e-09
0.00519481
-7.7936e-10
0.00519481
-8.35462e-10
0.00519481
-1.13406e-09
0.00519481
-1.02252e-09
0.00519481
-8.14596e-10
0.00519481
-7.32507e-10
0.00519481
-8.78936e-10
0.00519481
-2.67894e-10
0.00519481
2.86545e-10
0.00519481
6.65102e-10
0.00519481
7.78976e-10
0.00519481
1.1719e-09
0.00519481
1.41295e-09
0.00519481
8.97976e-10
0.00519481
5.26822e-10
0.00519481
2.82256e-10
0.00519481
-5.09945e-10
0.00519481
-1.96239e-09
0.00519481
-3.83725e-09
0.00519481
-6.15913e-09
0.00519481
-1.00955e-08
0.00519482
-1.54862e-08
0.00519482
-2.33844e-08
0.00519483
-3.51249e-08
0.00519484
-5.28911e-08
0.00519485
-7.87751e-08
0.00519487
-1.17304e-07
0.0051949
-1.73295e-07
0.00519494
-2.68845e-07
0.00519501
-4.12513e-07
0.00519512
-7.32463e-07
0.00519532
-1.24791e-06
0.00519584
-3.24329e-06
0.00519719
-8.00461e-06
0.0052019
-2.73979e-05
-5.35438e-05
0.00511223
-0.000625152
0.00517069
-0.000375069
0.00518618
-0.000108759
0.005187
-4.5475e-06
0.0051862
6.12342e-06
0.00518684
-3.63623e-06
0.0051879
-7.38654e-06
0.00518916
-8.87453e-06
0.00519027
-7.94963e-06
0.00519124
-7.00474e-06
0.00519204
-5.84487e-06
0.0051927
-4.8439e-06
0.00519323
-3.90313e-06
0.00519364
-3.09982e-06
0.00519396
-2.40273e-06
0.00519421
-1.83165e-06
0.00519438
-1.37298e-06
0.00519451
-1.00243e-06
0.00519461
-7.1396e-07
0.00519467
-5.01898e-07
0.00519472
-3.53891e-07
0.00519475
-2.45055e-07
0.00519477
-1.65699e-07
0.00519478
-1.08692e-07
0.00519479
-7.11882e-08
0.0051948
-4.58728e-08
0.0051948
-3.00686e-08
0.0051948
-1.93372e-08
0.0051948
-1.26601e-08
0.00519481
-8.13953e-09
0.00519481
-5.85534e-09
0.00519481
-4.46975e-09
0.00519481
-4.63365e-09
0.00519481
-4.40194e-09
0.00519481
-4.71758e-09
0.00519481
-4.00315e-09
0.00519481
-3.67813e-09
0.00519481
-3.16849e-09
0.00519481
-2.20726e-09
0.00519481
-1.68796e-09
0.00519481
-1.87496e-09
0.00519481
-1.44661e-09
0.00519481
-1.36221e-09
0.00519481
-9.67961e-10
0.00519481
-6.99943e-10
0.00519481
-1.41326e-11
0.00519481
1.95101e-10
0.00519481
7.04719e-10
0.00519481
8.61245e-10
0.00519481
1.21575e-09
0.00519481
1.20002e-09
0.00519481
1.01675e-09
0.00519481
1.19868e-09
0.00519481
1.5802e-09
0.00519481
1.52217e-09
0.00519481
1.24791e-09
0.00519481
9.57507e-10
0.00519481
1.06215e-09
0.00519481
1.80878e-10
0.00519481
-8.41514e-10
0.00519481
-1.59694e-09
0.00519481
-1.69056e-09
0.00519481
-1.56428e-09
0.00519481
-1.09395e-09
0.00519481
-6.59146e-10
0.00519481
-6.48864e-10
0.00519481
-1.01758e-09
0.00519481
-1.0124e-09
0.00519481
-7.71923e-10
0.00519481
-6.20589e-10
0.00519481
-8.31296e-10
0.00519481
-3.36158e-10
0.00519481
2.5053e-10
0.00519481
7.27956e-10
0.00519481
7.87445e-10
0.00519481
1.02149e-09
0.00519481
1.325e-09
0.00519481
9.05434e-10
0.00519481
4.45749e-10
0.00519481
1.06034e-10
0.00519481
-6.85174e-10
0.00519481
-2.20704e-09
0.00519481
-4.37318e-09
0.00519481
-7.05174e-09
0.00519481
-1.14559e-08
0.00519481
-1.76894e-08
0.00519482
-2.68293e-08
0.00519482
-4.03383e-08
0.00519483
-6.07099e-08
0.00519484
-9.04292e-08
0.00519486
-1.34539e-07
0.00519488
-1.98126e-07
0.00519492
-3.0571e-07
0.00519498
-4.66172e-07
0.00519507
-8.22494e-07
0.00519522
-1.39967e-06
0.00519564
-3.66673e-06
0.00519678
-9.14612e-06
0.00520087
-3.14889e-05
-6.17414e-05
0.00511785
-0.000742999
0.00517337
-0.000430595
0.0051871
-0.000122481
0.00518796
-5.40912e-06
0.00518729
6.79318e-06
0.00518793
-4.28084e-06
0.00518887
-8.32135e-06
0.00518998
-9.98679e-06
0.00519094
-8.91339e-06
0.00519179
-7.84699e-06
0.00519248
-6.53476e-06
0.00519304
-5.40847e-06
0.00519349
-4.35165e-06
0.00519384
-3.4509e-06
0.00519411
-2.67205e-06
0.00519431
-2.03407e-06
0.00519446
-1.52144e-06
0.00519457
-1.10986e-06
0.00519464
-7.90459e-07
0.0051947
-5.5519e-07
0.00519473
-3.90326e-07
0.00519476
-2.69977e-07
0.00519477
-1.82483e-07
0.00519478
-1.197e-07
0.00519479
-7.83273e-08
0.0051948
-5.07023e-08
0.0051948
-3.33613e-08
0.0051948
-2.15846e-08
0.0051948
-1.41648e-08
0.0051948
-9.12659e-09
0.0051948
-6.50016e-09
0.0051948
-5.05035e-09
0.0051948
-5.07691e-09
0.0051948
-4.56549e-09
0.0051948
-4.6744e-09
0.00519481
-3.87622e-09
0.00519481
-3.47174e-09
0.0051948
-3.06963e-09
0.00519481
-2.10657e-09
0.00519481
-1.46667e-09
0.0051948
-1.64353e-09
0.0051948
-1.32008e-09
0.0051948
-1.33822e-09
0.0051948
-9.95485e-10
0.0051948
-7.61044e-10
0.0051948
-6.87326e-11
0.0051948
1.95604e-10
0.0051948
6.41629e-10
0.0051948
7.33986e-10
0.0051948
1.12872e-09
0.0051948
1.19434e-09
0.0051948
9.49616e-10
0.0051948
1.03524e-09
0.0051948
1.40286e-09
0.00519481
1.54396e-09
0.00519481
1.39687e-09
0.00519481
9.41415e-10
0.00519481
1.0111e-09
0.00519481
2.14406e-10
0.00519481
-8.60699e-10
0.00519481
-1.63398e-09
0.00519481
-1.64916e-09
0.00519481
-1.42924e-09
0.00519481
-1.00173e-09
0.00519481
-5.89626e-10
0.00519481
-4.87961e-10
0.00519481
-8.68852e-10
0.00519481
-9.82095e-10
0.00519481
-7.50581e-10
0.00519481
-5.19202e-10
0.00519481
-7.50168e-10
0.00519481
-3.79694e-10
0.00519481
1.94707e-10
0.00519481
7.67803e-10
0.00519481
8.15982e-10
0.00519481
8.82077e-10
0.00519481
1.19228e-09
0.00519481
8.96244e-10
0.00519481
4.02893e-10
0.00519481
-4.27545e-11
0.00519481
-8.46237e-10
0.00519481
-2.38278e-09
0.00519481
-4.77902e-09
0.00519481
-7.77951e-09
0.00519481
-1.25588e-08
0.00519481
-1.94712e-08
0.00519481
-2.96576e-08
0.00519482
-4.46475e-08
0.00519482
-6.71536e-08
0.00519483
-1.00005e-07
0.00519485
-1.48616e-07
0.00519487
-2.18091e-07
0.0051949
-3.34319e-07
0.00519494
-5.05829e-07
0.005195
-8.85195e-07
0.0051951
-1.5037e-06
0.00519541
-3.97718e-06
0.00519632
-1.00516e-05
0.00519967
-3.48408e-05
-6.85811e-05
0.00512472
-0.000867719
0.00517657
-0.000482444
0.0051882
-0.000134109
0.0051891
-6.31229e-06
0.00518856
7.33212e-06
0.0051892
-4.91538e-06
0.00518999
-9.1104e-06
0.00519092
-1.09244e-05
0.00519172
-9.70954e-06
0.00519241
-8.53896e-06
0.00519297
-7.09503e-06
0.00519343
-5.86314e-06
0.00519379
-4.7094e-06
0.00519406
-3.72855e-06
0.00519427
-2.88309e-06
0.00519443
-2.19117e-06
0.00519454
-1.63545e-06
0.00519462
-1.19159e-06
0.00519468
-8.4823e-07
0.00519472
-5.95088e-07
0.00519475
-4.17191e-07
0.00519477
-2.88153e-07
0.00519478
-1.94713e-07
0.00519479
-1.27702e-07
0.00519479
-8.34114e-08
0.0051948
-5.4078e-08
0.0051948
-3.56891e-08
0.0051948
-2.32393e-08
0.0051948
-1.53318e-08
0.0051948
-9.93431e-09
0.0051948
-7.00949e-09
0.0051948
-5.47484e-09
0.0051948
-5.39411e-09
0.0051948
-4.64649e-09
0.0051948
-4.57361e-09
0.0051948
-3.69383e-09
0.0051948
-3.18745e-09
0.0051948
-2.89572e-09
0.0051948
-2.00232e-09
0.0051948
-1.27333e-09
0.0051948
-1.41998e-09
0.0051948
-1.18552e-09
0.0051948
-1.3115e-09
0.0051948
-1.01401e-09
0.0051948
-7.99985e-10
0.0051948
-1.15867e-10
0.0051948
2.15601e-10
0.0051948
6.193e-10
0.0051948
6.09229e-10
0.0051948
1.01108e-09
0.0051948
1.16528e-09
0.0051948
8.94225e-10
0.0051948
8.94521e-10
0.0051948
1.20297e-09
0.0051948
1.49855e-09
0.0051948
1.54293e-09
0.0051948
9.66033e-10
0.0051948
9.29503e-10
0.0051948
2.1916e-10
0.0051948
-8.47028e-10
0.0051948
-1.63592e-09
0.0051948
-1.59734e-09
0.0051948
-1.28731e-09
0.0051948
-9.03834e-10
0.0051948
-5.61295e-10
0.0051948
-3.67635e-10
0.0051948
-6.99598e-10
0.0051948
-9.20588e-10
0.0051948
-7.45157e-10
0.0051948
-4.4023e-10
0.0051948
-6.51775e-10
0.0051948
-3.93307e-10
0.0051948
1.29434e-10
0.0051948
7.76098e-10
0.0051948
8.48487e-10
0.0051948
7.62111e-10
0.0051948
1.02741e-09
0.0051948
8.60845e-10
0.0051948
3.90353e-10
0.0051948
-1.49597e-10
0.0051948
-9.8492e-10
0.0051948
-2.49419e-09
0.0051948
-5.04624e-09
0.0051948
-8.31411e-09
0.0051948
-1.33724e-08
0.00519481
-2.07793e-08
0.00519481
-3.17777e-08
0.00519481
-4.79245e-08
0.00519482
-7.20447e-08
0.00519482
-1.07245e-07
0.00519483
-1.5916e-07
0.00519485
-2.3268e-07
0.00519487
-3.53966e-07
0.00519489
-5.3046e-07
0.00519493
-9.18724e-07
0.00519498
-1.55655e-06
0.00519517
-4.16394e-06
0.00519581
-1.0694e-05
0.00519831
-3.73471e-05
-7.38477e-05
0.00513303
-0.00100075
0.00518031
-0.000529725
0.0051895
-0.000143294
0.00519043
-7.25228e-06
0.00519003
7.74196e-06
0.00519063
-5.51957e-06
0.00519125
-9.72757e-06
0.00519198
-1.16593e-05
0.00519259
-1.03137e-05
0.00519311
-9.05949e-06
0.00519352
-7.50826e-06
0.00519385
-6.19374e-06
0.00519411
-4.96514e-06
0.0051943
-3.92402e-06
0.00519445
-3.02916e-06
0.00519455
-2.29791e-06
0.00519463
-1.71129e-06
0.00519468
-1.24498e-06
0.00519472
-8.85421e-07
0.00519474
-6.20342e-07
0.00519476
-4.33665e-07
0.00519477
-2.98981e-07
0.00519478
-2.01945e-07
0.00519478
-1.32433e-07
0.00519479
-8.63105e-08
0.00519479
-5.59216e-08
0.00519479
-3.69884e-08
0.00519479
-2.42305e-08
0.00519479
-1.60946e-08
0.00519479
-1.05292e-08
0.00519479
-7.3817e-09
0.00519479
-5.72242e-09
0.00519479
-5.55194e-09
0.00519479
-4.62319e-09
0.00519479
-4.41056e-09
0.00519479
-3.47484e-09
0.00519479
-2.85356e-09
0.00519479
-2.64638e-09
0.00519479
-1.87713e-09
0.00519479
-1.10618e-09
0.00519479
-1.22172e-09
0.00519479
-1.04933e-09
0.00519479
-1.2686e-09
0.00519479
-1.01075e-09
0.00519479
-8.03398e-10
0.00519479
-1.48184e-10
0.00519479
2.38383e-10
0.00519479
6.33711e-10
0.00519479
5.06911e-10
0.00519479
8.69883e-10
0.00519479
1.10355e-09
0.00519479
8.40861e-10
0.00519479
7.8246e-10
0.00519479
1.00975e-09
0.00519479
1.39034e-09
0.00519479
1.65207e-09
0.00519479
1.0217e-09
0.00519479
8.35301e-10
0.00519479
1.90958e-10
0.00519479
-8.08216e-10
0.00519479
-1.59916e-09
0.00519479
-1.53854e-09
0.00519479
-1.15143e-09
0.00519479
-7.93499e-10
0.00519479
-5.54821e-10
0.00519479
-2.94252e-10
0.00519479
-5.27435e-10
0.00519479
-8.24135e-10
0.00519479
-7.45287e-10
0.00519479
-3.88447e-10
0.00519479
-5.51832e-10
0.00519479
-3.79092e-10
0.00519479
6.66493e-11
0.00519479
7.51057e-10
0.00519479
8.69129e-10
0.00519479
6.66208e-10
0.00519479
8.47608e-10
0.00519479
7.95443e-10
0.00519479
3.95401e-10
0.00519479
-2.06549e-10
0.00519479
-1.09034e-09
0.00519479
-2.54455e-09
0.00519479
-5.17176e-09
0.00519479
-8.63321e-09
0.00519479
-1.3868e-08
0.00519479
-2.15725e-08
0.00519479
-3.31109e-08
0.0051948
-5.0055e-08
0.0051948
-7.52332e-08
0.0051948
-1.11933e-07
0.00519481
-1.6587e-07
0.00519482
-2.41511e-07
0.00519483
-3.64208e-07
0.00519484
-5.39581e-07
0.00519484
-9.22395e-07
0.00519484
-1.55676e-06
0.0051949
-4.22018e-06
0.00519526
-1.10516e-05
0.00519682
-3.89109e-05
-7.73331e-05
0.00514299
-0.00114374
0.00518462
-0.000571356
0.00519099
-0.00014966
0.00519195
-8.21426e-06
0.00519166
8.03026e-06
0.00519221
-6.06635e-06
0.00519263
-1.01452e-05
0.00519313
-1.2162e-05
0.00519352
-1.07013e-05
0.00519385
-9.38766e-06
0.0051941
-7.75772e-06
0.00519429
-6.38695e-06
0.00519443
-5.10853e-06
0.00519454
-4.02944e-06
0.00519461
-3.10443e-06
0.00519466
-2.35004e-06
0.0051947
-1.74591e-06
0.00519472
-1.26789e-06
0.00519474
-9.00588e-07
0.00519475
-6.30016e-07
0.00519475
-4.39184e-07
0.00519476
-3.0208e-07
0.00519476
-2.03879e-07
0.00519476
-1.33693e-07
0.00519476
-8.69443e-08
0.00519476
-5.62097e-08
0.00519476
-3.72445e-08
0.00519476
-2.45315e-08
0.00519476
-1.63964e-08
0.00519476
-1.08628e-08
0.00519476
-7.61254e-09
0.00519476
-5.79097e-09
0.00519476
-5.53367e-09
0.00519476
-4.48503e-09
0.00519476
-4.17659e-09
0.00519476
-3.22904e-09
0.00519476
-2.50064e-09
0.00519476
-2.33515e-09
0.00519476
-1.72106e-09
0.00519476
-9.55287e-10
0.00519476
-1.05587e-09
0.00519476
-9.22075e-10
0.00519476
-1.19986e-09
0.00519476
-9.77508e-10
0.00519476
-7.68128e-10
0.00519476
-1.59775e-10
0.00519476
2.49596e-10
0.00519476
6.66756e-10
0.00519476
4.39675e-10
0.00519476
7.19121e-10
0.00519476
1.00647e-09
0.00519476
7.7839e-10
0.00519476
6.96189e-10
0.00519476
8.4693e-10
0.00519476
1.23539e-09
0.00519476
1.69548e-09
0.00519476
1.08569e-09
0.00519476
7.44072e-10
0.00519476
1.35997e-10
0.00519476
-7.53324e-10
0.00519476
-1.52258e-09
0.00519476
-1.47122e-09
0.00519476
-1.03386e-09
0.00519476
-6.72855e-10
0.00519476
-5.48703e-10
0.00519476
-2.62681e-10
0.00519476
-3.71126e-10
0.00519476
-6.98472e-10
0.00519476
-7.40289e-10
0.00519476
-3.61488e-10
0.00519476
-4.61443e-10
0.00519476
-3.42632e-10
0.00519476
1.49376e-11
0.00519476
6.96904e-10
0.00519476
8.6528e-10
0.00519476
5.90961e-10
0.00519476
6.72753e-10
0.00519476
7.03826e-10
0.00519476
4.03402e-10
0.00519476
-2.14282e-10
0.00519476
-1.14979e-09
0.00519476
-2.53422e-09
0.00519476
-5.15792e-09
0.00519476
-8.72092e-09
0.00519476
-1.40213e-08
0.00519476
-2.18238e-08
0.00519476
-3.35992e-08
0.00519476
-5.09434e-08
0.00519476
-7.65982e-08
0.00519477
-1.139e-07
0.00519477
-1.68523e-07
0.00519477
-2.4433e-07
0.00519477
-3.64873e-07
0.00519477
-5.33266e-07
0.00519474
-8.96758e-07
0.00519469
-1.50505e-06
0.00519461
-4.14354e-06
0.00519467
-1.11093e-05
0.00519521
-3.94474e-05
-7.88382e-05
0.00515488
-0.00129862
0.00518952
-0.000606002
0.00519266
-0.000152799
0.00519362
-9.16818e-06
0.00519344
8.20885e-06
0.00519389
-6.52169e-06
0.00519408
-1.03347e-05
0.00519432
-1.24023e-05
0.00519447
-1.08479e-05
0.00519459
-9.50298e-06
0.00519466
-7.82753e-06
0.0051947
-6.43046e-06
0.00519472
-5.13036e-06
0.00519473
-4.038e-06
0.00519473
-3.10404e-06
0.00519472
-2.34421e-06
0.00519472
-1.73703e-06
0.00519471
-1.25879e-06
0.0051947
-8.92753e-07
0.00519469
-6.23527e-07
0.00519469
-4.3346e-07
0.00519468
-2.97312e-07
0.00519468
-2.00395e-07
0.00519468
-1.31379e-07
0.00519467
-8.5286e-08
0.00519467
-5.49705e-08
0.00519467
-3.64793e-08
0.00519467
-2.41644e-08
0.00519467
-1.62116e-08
0.00519467
-1.0884e-08
0.00519467
-7.68609e-09
0.00519467
-5.69257e-09
0.00519467
-5.3394e-09
0.00519467
-4.23312e-09
0.00519467
-3.86647e-09
0.00519467
-2.95748e-09
0.00519467
-2.15285e-09
0.00519467
-1.98657e-09
0.00519467
-1.5344e-09
0.00519467
-8.1006e-10
0.00519467
-9.14821e-10
0.00519467
-8.08146e-10
0.00519467
-1.1077e-09
0.00519467
-9.11536e-10
0.00519467
-7.02288e-10
0.00519467
-1.48111e-10
0.00519467
2.43033e-10
0.00519467
6.99486e-10
0.00519467
4.10861e-10
0.00519467
5.74753e-10
0.00519467
8.748e-10
0.00519467
6.95014e-10
0.00519467
6.21282e-10
0.00519467
7.25325e-10
0.00519467
1.05491e-09
0.00519467
1.65873e-09
0.00519467
1.12853e-09
0.00519467
6.6172e-10
0.00519467
6.70688e-11
0.00519467
-6.88512e-10
0.00519467
-1.40723e-09
0.00519467
-1.389e-09
0.00519467
-9.35441e-10
0.00519467
-5.48366e-10
0.00519467
-5.27289e-10
0.00519467
-2.61677e-10
0.00519467
-2.44069e-10
0.00519467
-5.5691e-10
0.00519467
-7.21025e-10
0.00519467
-3.5145e-10
0.00519467
-3.85569e-10
0.00519467
-2.90382e-10
0.00519467
-2.22914e-11
0.00519467
6.22256e-10
0.00519467
8.31586e-10
0.00519467
5.31125e-10
0.00519467
5.17777e-10
0.00519467
5.98189e-10
0.00519467
3.9947e-10
0.00519467
-1.79633e-10
0.00519467
-1.15549e-09
0.00519467
-2.46108e-09
0.00519467
-5.00843e-09
0.00519467
-8.56698e-09
0.00519467
-1.38123e-08
0.00519467
-2.1525e-08
0.00519467
-3.32128e-08
0.00519467
-5.05217e-08
0.00519467
-7.60491e-08
0.00519467
-1.13031e-07
0.00519467
-1.6697e-07
0.00519466
-2.41018e-07
0.00519466
-3.56055e-07
0.00519463
-5.12149e-07
0.00519458
-8.43659e-07
0.00519448
-1.40452e-06
0.00519427
-3.93668e-06
0.00519402
-1.08592e-05
0.00519346
-3.88879e-05
-7.81767e-05
0.00516898
-0.0014676
0.00519496
-0.000631987
0.00519442
-0.000152258
0.00519532
-1.00625e-05
0.00519523
8.29056e-06
0.00519556
-6.84486e-06
0.00519549
-1.02664e-05
0.00519543
-1.23485e-05
0.00519532
-1.07292e-05
0.0051952
-9.38559e-06
0.00519507
-7.70288e-06
0.00519496
-6.3132e-06
0.00519485
-5.02271e-06
0.00519476
-3.9441e-06
0.00519468
-3.02425e-06
0.00519461
-2.27803e-06
0.00519456
-1.68321e-06
0.00519452
-1.21685e-06
0.00519449
-8.61435e-07
0.00519446
-6.00639e-07
0.00519444
-4.1646e-07
0.00519443
-2.84759e-07
0.00519442
-1.91555e-07
0.00519442
-1.255e-07
0.00519441
-8.13628e-08
0.00519441
-5.22801e-08
0.00519441
-3.47426e-08
0.00519441
-2.31653e-08
0.00519441
-1.55443e-08
0.00519441
-1.05576e-08
0.00519441
-7.55287e-09
0.00519441
-5.45257e-09
0.00519441
-4.98664e-09
0.00519441
-3.87864e-09
0.00519441
-3.48603e-09
0.00519441
-2.65542e-09
0.00519441
-1.82414e-09
0.00519441
-1.62622e-09
0.00519441
-1.32477e-09
0.0051944
-6.6731e-10
0.0051944
-7.90632e-10
0.0051944
-7.16016e-10
0.0051944
-1.00304e-09
0.0051944
-8.19553e-10
0.0051944
-6.17459e-10
0.0051944
-1.23135e-10
0.0051944
2.15641e-10
0.0051944
7.07745e-10
0.0051944
4.09092e-10
0.0051944
4.4858e-10
0.0051944
7.22387e-10
0.0051944
5.89889e-10
0.00519441
5.46312e-10
0.00519441
6.41095e-10
0.00519441
8.7452e-10
0.00519441
1.54397e-09
0.00519441
1.12684e-09
0.00519441
5.91561e-10
0.00519441
4.06289e-13
0.00519441
-6.1974e-10
0.00519441
-1.25909e-09
0.00519441
-1.28273e-09
0.00519441
-8.57669e-10
0.00519441
-4.34741e-10
0.00519441
-4.86162e-10
0.00519441
-2.75912e-10
0.00519441
-1.5424e-10
0.00519441
-4.12793e-10
0.00519441
-6.84802e-10
0.00519441
-3.50096e-10
0.00519441
-3.2127e-10
0.00519441
-2.29543e-10
0.00519441
-4.36692e-11
0.00519441
5.33939e-10
0.00519441
7.70336e-10
0.00519441
4.76519e-10
0.00519441
3.92537e-10
0.00519441
4.93165e-10
0.00519441
3.7871e-10
0.00519441
-1.21398e-10
0.00519441
-1.1013e-09
0.00519441
-2.32249e-09
0.00519441
-4.71068e-09
0.00519441
-8.17421e-09
0.00519441
-1.32306e-08
0.0051944
-2.0672e-08
0.0051944
-3.19507e-08
0.0051944
-4.87645e-08
0.0051944
-7.3527e-08
0.0051944
-1.0926e-07
0.00519439
-1.61146e-07
0.00519438
-2.31578e-07
0.00519436
-3.38105e-07
0.00519433
-4.77403e-07
0.00519425
-7.66246e-07
0.00519411
-1.26076e-06
0.00519378
-3.60797e-06
0.00519322
-1.03011e-05
0.00519152
-3.71849e-05
-7.51799e-05
0.0051855
-0.00165309
0.00520066
-0.000647153
0.00519593
-0.000147525
0.00519668
-1.0817e-05
0.00519669
8.2834e-06
0.00519683
-6.98942e-06
0.00519648
-9.91125e-06
0.0051961
-1.19681e-05
0.00519569
-1.03214e-05
0.00519532
-9.0164e-06
0.00519499
-7.37023e-06
0.0051947
-6.02552e-06
0.00519446
-4.77911e-06
0.00519426
-3.74347e-06
0.0051941
-2.86246e-06
0.00519397
-2.15011e-06
0.00519387
-1.58386e-06
0.0051938
-1.14191e-06
0.00519374
-8.06658e-07
0.0051937
-5.6147e-07
0.00519367
-3.88387e-07
0.00519365
-2.64686e-07
0.00519364
-1.77592e-07
0.00519363
-1.16196e-07
0.00519362
-7.5262e-08
0.00519362
-4.82486e-08
0.00519362
-3.21091e-08
0.00519362
-2.14948e-08
0.00519362
-1.44439e-08
0.00519361
-9.86973e-09
0.00519361
-7.20439e-09
0.00519361
-5.09064e-09
0.00519361
-4.50516e-09
0.00519361
-3.43564e-09
0.00519361
-3.04966e-09
0.00519361
-2.32291e-09
0.00519361
-1.51432e-09
0.00519361
-1.27675e-09
0.00519361
-1.10696e-09
0.00519361
-5.31506e-10
0.00519361
-6.74097e-10
0.00519361
-6.42423e-10
0.00519361
-9.00755e-10
0.00519361
-7.11555e-10
0.00519361
-5.24332e-10
0.00519361
-9.43571e-11
0.00519361
1.68951e-10
0.00519361
6.78937e-10
0.00519361
4.17085e-10
0.00519361
3.46893e-10
0.00519361
5.63464e-10
0.00519361
4.68436e-10
0.00519361
4.60372e-10
0.00519361
5.78741e-10
0.00519361
7.09658e-10
0.00519361
1.36804e-09
0.00519361
1.06748e-09
0.00519361
5.26922e-10
0.00519361
-5.18187e-11
0.00519361
-5.44245e-10
0.00519361
-1.08798e-09
0.00519361
-1.14946e-09
0.00519361
-7.87826e-10
0.00519361
-3.41348e-10
0.00519361
-4.28451e-10
0.00519361
-2.90592e-10
0.00519361
-9.98135e-11
0.00519361
-2.77756e-10
0.00519361
-6.31307e-10
0.00519361
-3.50548e-10
0.00519361
-2.62365e-10
0.00519361
-1.63097e-10
0.00519361
-5.19917e-11
0.00519361
4.39781e-10
0.00519361
6.87655e-10
0.00519361
4.22004e-10
0.00519361
2.97323e-10
0.00519361
4.00971e-10
0.00519361
3.44179e-10
0.00519361
-5.64806e-11
0.00519361
-9.94767e-10
0.00519361
-2.11757e-09
0.00519361
-4.29229e-09
0.00519361
-7.54828e-09
0.00519361
-1.22769e-08
0.00519361
-1.91954e-08
0.00519361
-2.98291e-08
0.00519361
-4.56865e-08
0.0051936
-6.9012e-08
0.00519359
-1.02581e-07
0.00519358
-1.51067e-07
0.00519357
-2.16129e-07
0.00519354
-3.11599e-07
0.0051935
-4.30702e-07
0.0051934
-6.68952e-07
0.00519322
-1.08198e-06
0.00519278
-3.17201e-06
0.00519193
-9.44379e-06
0.00518906
-3.43201e-05
-6.97071e-05
0.00520416
-0.00185725
0.00520564
-0.00064863
0.00519614
-0.000138025
0.00519664
-1.13174e-05
0.00519674
8.18068e-06
0.00519666
-6.90522e-06
0.00519599
-9.24179e-06
0.00519525
-1.12284e-05
0.00519453
-9.60168e-06
0.00519389
-8.37756e-06
0.00519334
-6.8177e-06
0.00519287
-5.55942e-06
0.00519249
-4.39478e-06
0.00519218
-3.43349e-06
0.00519193
-2.61744e-06
0.00519174
-1.96008e-06
0.0051916
-1.43923e-06
0.00519149
-1.03449e-06
0.00519141
-7.28974e-07
0.00519136
-5.06533e-07
0.00519132
-3.49718e-07
0.00519129
-2.37501e-07
0.00519127
-1.58876e-07
0.00519126
-1.03737e-07
0.00519125
-6.71581e-08
0.00519125
-4.29291e-08
0.00519124
-2.86094e-08
0.00519124
-1.92733e-08
0.00519124
-1.29542e-08
0.00519124
-8.84498e-09
0.00519124
-6.61207e-09
0.00519124
-4.61703e-09
0.00519124
-3.93015e-09
0.00519124
-2.91984e-09
0.00519124
-2.57482e-09
0.00519124
-1.97005e-09
0.00519124
-1.21695e-09
0.00519124
-9.50553e-10
0.00519124
-8.95126e-10
0.00519124
-4.12948e-10
0.00519124
-5.65467e-10
0.00519124
-5.77033e-10
0.00519124
-8.10492e-10
0.00519124
-5.99658e-10
0.00519124
-4.30187e-10
0.00519124
-6.67003e-11
0.00519124
1.06601e-10
0.00519124
6.0633e-10
0.00519124
4.14865e-10
0.00519124
2.68048e-10
0.00519124
4.12433e-10
0.00519124
3.44928e-10
0.00519124
3.63563e-10
0.00519124
5.19846e-10
0.00519124
5.65792e-10
0.00519124
1.15563e-09
0.00519124
9.52e-10
0.00519124
4.59949e-10
0.00519124
-8.23212e-11
0.00519124
-4.5588e-10
0.00519124
-9.02196e-10
0.00519124
-9.93046e-10
0.00519124
-7.14028e-10
0.00519124
-2.69995e-10
0.00519124
-3.60102e-10
0.00519124
-2.92785e-10
0.00519124
-7.36479e-11
0.00519124
-1.59955e-10
0.00519124
-5.6146e-10
0.00519124
-3.48905e-10
0.00519124
-2.05608e-10
0.00519124
-9.18858e-11
0.00519124
-5.11313e-11
0.00519124
3.43893e-10
0.00519124
5.89966e-10
0.00519124
3.64055e-10
0.00519124
2.24307e-10
0.00519124
3.26398e-10
0.00519124
3.03504e-10
0.00519124
2.11707e-12
0.00519124
-8.5247e-10
0.00519124
-1.8544e-09
0.00519124
-3.76424e-09
0.00519124
-6.70708e-09
0.00519124
-1.09673e-08
0.00519123
-1.71776e-08
0.00519123
-2.68405e-08
0.00519123
-4.12281e-08
0.00519122
-6.2544e-08
0.00519121
-9.30342e-08
0.0051912
-1.36826e-07
0.00519118
-1.94887e-07
0.00519114
-2.77279e-07
0.00519108
-3.74165e-07
0.00519097
-5.57363e-07
0.00519077
-8.79142e-07
0.00519025
-2.65081e-06
0.00518911
-8.30592e-06
0.00518511
-3.03161e-05
-6.16629e-05
0.00522291
-0.00208016
0.00520675
-0.000632469
0.00519186
-0.000123138
0.00519195
-1.1411e-05
0.00519219
7.94507e-06
0.00519183
-6.54169e-06
0.00519082
-8.23519e-06
0.00518969
-1.00974e-05
0.00518864
-8.55041e-06
0.00518771
-7.4537e-06
0.00518693
-6.03614e-06
0.00518628
-4.90928e-06
0.00518576
-3.86701e-06
0.00518534
-3.01392e-06
0.00518501
-2.28946e-06
0.00518476
-1.70887e-06
0.00518457
-1.25054e-06
0.00518443
-8.9593e-07
0.00518433
-6.29541e-07
0.00518426
-4.36698e-07
0.00518421
-3.01069e-07
0.00518418
-2.03674e-07
0.00518415
-1.35852e-07
0.00518414
-8.84637e-08
0.00518413
-5.72483e-08
0.00518412
-3.65454e-08
0.00518412
-2.4329e-08
0.00518412
-1.65275e-08
0.00518411
-1.11333e-08
0.00518411
-7.53759e-09
0.00518411
-5.76642e-09
0.00518411
-4.02672e-09
0.00518411
-3.29013e-09
0.00518411
-2.34819e-09
0.00518411
-2.07422e-09
0.00518411
-1.61404e-09
0.00518411
-9.31532e-10
0.00518411
-6.50416e-10
0.00518411
-6.994e-10
0.00518411
-3.22336e-10
0.00518411
-4.69577e-10
0.00518411
-5.06696e-10
0.00518411
-7.27756e-10
0.00518411
-4.94303e-10
0.00518411
-3.41871e-10
0.00518411
-4.15471e-11
0.00518411
3.90337e-11
0.00518411
4.93606e-10
0.00518411
3.86815e-10
0.00518411
2.05833e-10
0.00518411
2.80689e-10
0.00518411
2.36145e-10
0.00518411
2.65538e-10
0.00518411
4.50048e-10
0.00518411
4.40305e-10
0.00518411
9.32613e-10
0.00518411
7.97796e-10
0.00518411
3.86637e-10
0.00518411
-9.29296e-11
0.00518411
-3.509e-10
0.00518411
-7.04761e-10
0.00518411
-8.18408e-10
0.00518411
-6.26754e-10
0.00518411
-2.14871e-10
0.00518411
-2.84813e-10
0.00518411
-2.74043e-10
0.00518411
-6.67174e-11
0.00518411
-6.55631e-11
0.00518411
-4.73774e-10
0.00518411
-3.42294e-10
0.00518411
-1.53938e-10
0.00518411
-1.91646e-11
0.00518411
-4.36337e-11
0.00518411
2.49836e-10
0.00518411
4.83038e-10
0.00518411
3.02487e-10
0.00518411
1.63841e-10
0.00518411
2.67083e-10
0.00518411
2.65021e-10
0.00518411
4.67831e-11
0.00518411
-6.94763e-10
0.00518411
-1.54751e-09
0.00518411
-3.14048e-09
0.00518411
-5.67239e-09
0.00518411
-9.34507e-09
0.00518411
-1.46562e-08
0.0051841
-2.29922e-08
0.0051841
-3.55634e-08
0.00518409
-5.41667e-08
0.00518408
-8.06866e-08
0.00518406
-1.18564e-07
0.00518403
-1.68151e-07
0.00518399
-2.35953e-07
0.00518393
-3.10087e-07
0.00518381
-4.37867e-07
0.00518359
-6.65435e-07
0.00518302
-2.07562e-06
0.00518163
-6.9201e-06
0.00517658
-2.526e-05
-5.10203e-05
0.00523372
-0.00231388
0.00519442
-0.000593169
0.00517354
-0.000102252
0.00517302
-1.08951e-05
0.00517348
7.48558e-06
0.00517279
-5.85106e-06
0.00517143
-6.87957e-06
0.00516988
-8.55011e-06
0.00516849
-7.15585e-06
0.00516727
-6.23595e-06
0.00516626
-5.02234e-06
0.00516542
-4.07446e-06
0.00516475
-3.19688e-06
0.00516423
-2.48721e-06
0.00516382
-1.88092e-06
0.00516351
-1.39933e-06
0.00516328
-1.02052e-06
0.00516311
-7.28689e-07
0.00516299
-5.10465e-07
0.00516291
-3.53065e-07
0.00516285
-2.42804e-07
0.00516281
-1.63994e-07
0.00516278
-1.09084e-07
0.00516277
-7.0798e-08
0.00516275
-4.58108e-08
0.00516275
-2.92559e-08
0.00516274
-1.9483e-08
0.00516274
-1.33396e-08
0.00516274
-9.02343e-09
0.00516273
-6.01483e-09
0.00516273
-4.69269e-09
0.00516273
-3.31461e-09
0.00516273
-2.60131e-09
0.00516273
-1.74091e-09
0.00516273
-1.55341e-09
0.00516273
-1.26837e-09
0.00516273
-6.72113e-10
0.00516273
-3.77464e-10
0.00516273
-5.17961e-10
0.00516273
-2.60279e-10
0.00516273
-3.84031e-10
0.00516273
-4.21357e-10
0.00516273
-6.36621e-10
0.00516273
-4.01722e-10
0.00516273
-2.66299e-10
0.00516273
-1.94042e-11
0.00516273
-1.9629e-11
0.00516273
3.53931e-10
0.00516273
3.26701e-10
0.00516273
1.53653e-10
0.00516273
1.72678e-10
0.00516273
1.50358e-10
0.00516273
1.79042e-10
0.00516273
3.66177e-10
0.00516273
3.27914e-10
0.00516273
7.17527e-10
0.00516273
6.28634e-10
0.00516273
3.08219e-10
0.00516273
-9.22321e-11
0.00516273
-2.36564e-10
0.00516273
-4.97909e-10
0.00516273
-6.28403e-10
0.00516273
-5.22901e-10
0.00516273
-1.70127e-10
0.00516273
-2.05333e-10
0.00516273
-2.36373e-10
0.00516273
-7.22172e-11
0.00516273
-7.5213e-13
0.00516273
-3.65692e-10
0.00516273
-3.2601e-10
0.00516273
-1.16203e-10
0.00516273
4.69593e-11
0.00516273
-2.65955e-11
0.00516273
1.64033e-10
0.00516273
3.72263e-10
0.00516273
2.40324e-10
0.00516273
1.11198e-10
0.00516273
2.18692e-10
0.00516273
2.35001e-10
0.00516273
7.47987e-11
0.00516273
-5.39748e-10
0.00516273
-1.21477e-09
0.00516273
-2.44282e-09
0.00516273
-4.47364e-09
0.00516273
-7.45992e-09
0.00516273
-1.17071e-08
0.00516272
-1.8463e-08
0.00516272
-2.87739e-08
0.00516271
-4.40148e-08
0.00516269
-6.56909e-08
0.00516267
-9.65207e-08
0.00516264
-1.36355e-07
0.00516259
-1.88687e-07
0.00516252
-2.40357e-07
0.0051624
-3.17369e-07
0.00516219
-4.54726e-07
0.0051616
-1.48557e-06
0.00516002
-5.34452e-06
0.00515413
-1.93617e-05
-3.7877e-05
0.00521047
-0.00252435
0.00513988
-0.000522582
0.0051125
-7.48719e-05
0.0051111
-9.49533e-06
0.00511196
6.63099e-06
0.0051109
-4.79203e-06
0.00510921
-5.18862e-06
0.00510724
-6.58431e-06
0.00510551
-5.42545e-06
0.005104
-4.73281e-06
0.00510277
-3.78668e-06
0.00510176
-3.06577e-06
0.00510096
-2.39524e-06
0.00510033
-1.85669e-06
0.00509985
-1.39975e-06
0.00509948
-1.0377e-06
0.00509922
-7.5413e-07
0.00509903
-5.36638e-07
0.00509889
-3.74656e-07
0.0050988
-2.58276e-07
0.00509873
-1.77184e-07
0.00509869
-1.19542e-07
0.00509866
-7.93581e-08
0.00509864
-5.12814e-08
0.00509862
-3.31972e-08
0.00509861
-2.12472e-08
0.00509861
-1.41657e-08
0.00509861
-9.81055e-09
0.0050986
-6.67282e-09
0.0050986
-4.33076e-09
0.0050986
-3.434e-09
0.0050986
-2.48804e-09
0.0050986
-1.86204e-09
0.0050986
-1.11154e-09
0.0050986
-1.02013e-09
0.0050986
-9.43492e-10
0.0050986
-4.65329e-10
0.0050986
-1.35955e-10
0.0050986
-3.30203e-10
0.0050986
-2.23603e-10
0.0050986
-3.11272e-10
0.0050986
-3.1559e-10
0.0050986
-5.06195e-10
0.0050986
-3.09091e-10
0.0050986
-2.0691e-10
0.0050986
-8.56213e-12
0.0050986
-5.4675e-11
0.0050986
2.09897e-10
0.0050986
2.3327e-10
0.0050986
9.64786e-11
0.0050986
7.92671e-11
0.0050986
8.26434e-11
0.0050986
1.119e-10
0.0050986
2.6919e-10
0.0050986
2.18203e-10
0.0050986
5.16559e-10
0.0050986
4.7152e-10
0.0050986
2.38534e-10
0.0050986
-8.65453e-11
0.0050986
-1.35492e-10
0.0050986
-2.87765e-10
0.0050986
-4.15341e-10
0.0050986
-4.03577e-10
0.0050986
-1.44448e-10
0.0050986
-1.26446e-10
0.0050986
-1.82103e-10
0.0050986
-8.74407e-11
0.0050986
2.36347e-11
0.0050986
-2.41116e-10
0.0050986
-2.94674e-10
0.0050986
-1.00431e-10
0.0050986
9.03494e-11
0.0050986
-1.58021e-12
0.0050986
8.33533e-11
0.0050986
2.58013e-10
0.0050986
1.86291e-10
0.0050986
6.73676e-11
0.0050986
1.67499e-10
0.0050986
2.1002e-10
0.0050986
8.91271e-11
0.0050986
-3.96177e-10
0.0050986
-8.75439e-10
0.0050986
-1.70639e-09
0.0050986
-3.1593e-09
0.0050986
-5.37438e-09
0.00509859
-8.44395e-09
0.00509859
-1.33765e-08
0.00509858
-2.10439e-08
0.00509857
-3.2365e-08
0.00509855
-4.83985e-08
0.00509853
-7.11681e-08
0.00509849
-1.00235e-07
0.00509844
-1.36802e-07
0.00509837
-1.68562e-07
0.00509825
-2.03989e-07
0.00509806
-2.65967e-07
0.00509749
-9.10955e-07
0.00509583
-3.68077e-06
0.00508954
-1.30802e-05
-2.27865e-05
0.0050727
-0.00259705
0.00495582
-0.000405706
0.00492277
-4.18207e-05
0.00492019
-6.9129e-06
0.0049217
5.11671e-06
0.00492027
-3.35608e-06
0.00491832
-3.24106e-06
0.00491598
-4.24849e-06
0.00491398
-3.42467e-06
0.00491224
-2.9966e-06
0.00491083
-2.37766e-06
0.00490969
-1.92187e-06
0.00490879
-1.49409e-06
0.00490808
-1.1549e-06
0.00490755
-8.66532e-07
0.00490715
-6.40174e-07
0.00490686
-4.63432e-07
0.00490666
-3.28546e-07
0.00490651
-2.28487e-07
0.00490641
-1.56911e-07
0.00490634
-1.07344e-07
0.00490629
-7.24352e-08
0.00490626
-4.80633e-08
0.00490624
-3.08302e-08
0.00490622
-1.99816e-08
0.00490622
-1.28891e-08
0.00490621
-8.56489e-09
0.00490621
-6.06686e-09
0.0049062
-4.17115e-09
0.0049062
-2.54709e-09
0.0049062
-2.05247e-09
0.0049062
-1.5895e-09
0.0049062
-1.09368e-09
0.0049062
-5.12842e-10
0.0049062
-5.06715e-10
0.0049062
-6.28962e-10
0.0049062
-3.26545e-10
0.0049062
3.39536e-11
0.0049062
-1.24473e-10
0.0049062
-1.6827e-10
0.0049062
-2.21535e-10
0.0049062
-1.95619e-10
0.0049062
-3.17434e-10
0.0049062
-1.96363e-10
0.0049062
-1.47483e-10
0.0049062
-1.91267e-11
0.0049062
-7.2054e-11
0.0049062
8.10651e-11
0.0049062
1.18163e-10
0.0049062
3.35358e-11
0.0049062
-9.21943e-13
0.0049062
2.46111e-11
0.0049062
7.13313e-11
0.0049062
1.81431e-10
0.0049062
1.19749e-10
0.0049062
3.17523e-10
0.0049062
3.28789e-10
0.0049062
1.74145e-10
0.0049062
-7.39171e-11
0.0049062
-6.90703e-11
0.0049062
-1.16759e-10
0.0049062
-1.98557e-10
0.0049062
-2.71047e-10
0.0049062
-1.44175e-10
0.0049062
-7.49594e-11
0.0049062
-1.33006e-10
0.0049062
-1.00129e-10
0.0049062
1.83233e-12
0.0049062
-1.23893e-10
0.0049062
-2.47081e-10
0.0049062
-1.02886e-10
0.0049062
1.00435e-10
0.0049062
3.29714e-11
0.0049062
1.64787e-11
0.0049062
1.36794e-10
0.0049062
1.38924e-10
0.0049062
4.50324e-11
0.0049062
1.18126e-10
0.0049062
1.81684e-10
0.0049062
8.59489e-11
0.0049062
-2.64768e-10
0.0049062
-5.37918e-10
0.0049062
-9.69253e-10
0.0049062
-1.82035e-09
0.0049062
-3.20484e-09
0.00490619
-5.05203e-09
0.00490619
-8.00592e-09
0.00490618
-1.27665e-08
0.00490617
-1.98129e-08
0.00490615
-2.96563e-08
0.00490612
-4.36388e-08
0.00490608
-6.13782e-08
0.00490603
-8.2718e-08
0.00490596
-9.84362e-08
0.00490586
-1.06177e-07
0.00490571
-1.16608e-07
0.00490523
-4.2935e-07
0.0049036
-2.04862e-06
0.00489773
-7.21755e-06
-7.94083e-06
0.00456831
-0.00216536
0.00437577
-0.000213176
0.00434657
-1.26169e-05
0.00434243
-2.77382e-06
0.00434509
2.46421e-06
0.00434323
-1.50403e-06
0.00434131
-1.31302e-06
0.00433882
-1.76333e-06
0.00433678
-1.38796e-06
0.004335
-1.21665e-06
0.00433358
-9.56602e-07
0.00433242
-7.71781e-07
0.00433153
-5.96311e-07
0.00433083
-4.59123e-07
0.0043303
-3.43063e-07
0.00432992
-2.52523e-07
0.00432963
-1.82013e-07
0.00432943
-1.28452e-07
0.00432929
-8.89065e-08
0.0043292
-6.07683e-08
0.00432913
-4.13073e-08
0.00432909
-2.79672e-08
0.00432906
-1.86587e-08
0.00432904
-1.17342e-08
0.00432902
-7.58044e-09
0.00432902
-5.04818e-09
0.00432901
-3.26882e-09
0.00432901
-2.48342e-09
0.004329
-1.77918e-09
0.004329
-8.39621e-10
0.004329
-6.60312e-10
0.004329
-7.13219e-10
0.004329
-3.95855e-10
0.004329
-3.92056e-11
0.004329
-9.91444e-11
0.004329
-3.46458e-10
0.004329
-2.60497e-10
0.004329
6.92411e-11
0.004329
7.36098e-11
0.004329
-5.45776e-11
0.004329
-9.86933e-11
0.004329
-8.27279e-11
0.004329
-8.68386e-11
0.004329
-3.25957e-11
0.004329
-3.44331e-11
0.004329
-3.06539e-11
0.004329
-6.87815e-11
0.004329
1.91341e-11
0.004329
6.15771e-11
0.004329
1.44201e-11
0.004329
-4.70783e-11
0.004329
-1.37692e-11
0.004329
7.09276e-11
0.004329
1.31643e-10
0.004329
5.74932e-11
0.004329
1.19641e-10
0.004329
1.99133e-10
0.004329
1.2267e-10
0.004329
-4.93688e-11
0.004329
-5.02681e-11
0.004329
-2.19942e-11
0.004329
-1.24367e-11
0.004329
-1.19655e-10
0.004329
-1.46121e-10
0.004329
-5.87641e-11
0.004329
-9.91151e-11
0.004329
-9.18498e-11
0.004329
-3.07119e-11
0.004329
-3.55551e-11
0.004329
-2.02167e-10
0.004329
-1.07723e-10
0.004329
8.9066e-11
0.004329
8.03509e-11
0.004329
-2.8404e-11
0.004329
1.65253e-11
0.004329
1.03514e-10
0.004329
6.38876e-11
0.004329
8.46187e-11
0.004329
1.44138e-10
0.004329
6.45475e-11
0.004329
-1.50494e-10
0.004329
-2.29351e-10
0.004329
-3.07879e-10
0.004329
-6.37249e-10
0.004329
-1.21838e-09
0.00432899
-1.91849e-09
0.00432899
-2.99714e-09
0.00432898
-4.91799e-09
0.00432897
-7.8242e-09
0.00432895
-1.1659e-08
0.00432892
-1.70403e-08
0.00432889
-2.40445e-08
0.00432884
-3.20964e-08
0.00432877
-3.66601e-08
0.0043287
-3.36932e-08
0.00432861
-2.46143e-08
0.00432829
-1.06363e-07
0.00432694
-7.04182e-07
0.00432234
-2.61697e-06
1.17733e-06
0.00283464
0.00262147
0.00260885
0.00260608
0.00260854
0.00260704
0.00260572
0.00260396
0.00260257
0.00260136
0.0026004
0.00259963
0.00259903
0.00259857
0.00259823
0.00259798
0.0025978
0.00259767
0.00259758
0.00259752
0.00259748
0.00259745
0.00259743
0.00259742
0.00259741
0.00259741
0.00259741
0.0025974
0.0025974
0.0025974
0.0025974
0.0025974
0.0025974
0.0025974
0.0025974
0.0025974
0.0025974
0.0025974
0.0025974
0.0025974
0.0025974
0.0025974
0.0025974
0.0025974
0.0025974
0.0025974
0.0025974
0.0025974
0.0025974
0.0025974
0.0025974
0.0025974
0.0025974
0.0025974
0.0025974
0.0025974
0.0025974
0.0025974
0.0025974
0.0025974
0.0025974
0.0025974
0.0025974
0.0025974
0.0025974
0.0025974
0.0025974
0.0025974
0.0025974
0.0025974
0.0025974
0.0025974
0.0025974
0.0025974
0.0025974
0.0025974
0.0025974
0.0025974
0.0025974
0.0025974
0.0025974
0.0025974
0.0025974
0.0025974
0.0025974
0.0025974
0.00259739
0.00259739
0.00259738
0.00259737
0.00259735
0.00259733
0.0025973
0.00259726
0.00259723
0.0025972
0.00259709
0.00259639
0.00259377
)
;

boundaryField
{
    inlet
    {
        type            calculated;
        value           nonuniform List<scalar> 
40
(
-0.005
-0.005
-0.005
-0.005
-0.005
-0.005
-0.005
-0.005
-0.005
-0.005
-0.005
-0.005
-0.005
-0.005
-0.005
-0.005
-0.005
-0.005
-0.005
-0.005
-0.005
-0.005
-0.005
-0.005
-0.005
-0.005
-0.005
-0.005
-0.005
-0.005
-0.005
-0.005
-0.005
-0.005
-0.005
-0.005
-0.005
-0.005
-0.005
-0.005
)
;
    }
    outlet
    {
        type            calculated;
        value           nonuniform List<scalar> 
40
(
0.00259495
0.00431322
0.00488289
0.00507445
0.00514098
0.00516593
0.00517706
0.00518359
0.00518852
0.0051928
0.00519671
0.00520031
0.00520358
0.00520651
0.00520907
0.00521124
0.00521299
0.00521432
0.00521521
0.00521566
0.00521566
0.00521521
0.00521432
0.00521299
0.00521124
0.00520907
0.00520651
0.00520358
0.00520031
0.00519671
0.0051928
0.00518852
0.00518359
0.00517706
0.00516593
0.00514098
0.00507445
0.00488289
0.00431322
0.00259495
)
;
    }
    lowerWall
    {
        type            calculated;
        value           uniform 0;
    }
    upperWall
    {
        type            calculated;
        value           uniform 0;
    }
    frontAndBack
    {
        type            empty;
        value           nonuniform 0();
    }
}


// ************************************************************************* //
