/*--------------------------------*- C++ -*----------------------------------*\
| =========                 |                                                 |
| \\      /  F ield         | OpenFOAM: The Open Source CFD Toolbox           |
|  \\    /   O peration     | Version:  2.3.0                                 |
|   \\  /    A nd           | Web:      www.OpenFOAM.org                      |
|    \\/     M anipulation  |                                                 |
\*---------------------------------------------------------------------------*/
FoamFile
{
    version     2.0;
    format      ascii;
    class       surfaceScalarField;
    location    "0.5";
    object      phiB;
}
// * * * * * * * * * * * * * * * * * * * * * * * * * * * * * * * * * * * * * //

dimensions      [1 2 -2 0 0 -1 0];

internalField   nonuniform List<scalar> 
7860
(
0.00200396
0.399647
0.00226157
0.399742
0.00240733
0.399854
0.00251054
0.399897
0.00256787
0.399943
0.00259218
0.399976
0.00259598
0.399996
0.00258808
0.400008
0.00257445
0.400014
0.00255867
0.400016
0.00254296
0.400016
0.0025285
0.400014
0.00251589
0.400013
0.00250528
0.400011
0.00249661
0.400009
0.00248968
0.400007
0.00248426
0.400005
0.00248007
0.400004
0.00247687
0.400003
0.00247445
0.400002
0.00247264
0.400002
0.00247129
0.400001
0.00247029
0.400001
0.00246955
0.400001
0.00246901
0.400001
0.00246861
0.4
0.00246832
0.4
0.00246811
0.4
0.00246795
0.4
0.00246784
0.4
0.00246775
0.4
0.00246769
0.4
0.00246765
0.4
0.00246762
0.4
0.00246759
0.4
0.00246758
0.4
0.00246756
0.4
0.00246755
0.4
0.00246755
0.4
0.00246754
0.4
0.00246754
0.4
0.00246754
0.4
0.00246753
0.4
0.00246753
0.4
0.00246753
0.4
0.00246753
0.4
0.00246753
0.4
0.00246753
0.4
0.00246753
0.4
0.00246753
0.4
0.00246753
0.4
0.00246753
0.4
0.00246753
0.4
0.00246753
0.4
0.00246753
0.4
0.00246753
0.4
0.00246753
0.4
0.00246753
0.4
0.00246753
0.4
0.00246753
0.4
0.00246753
0.4
0.00246753
0.4
0.00246753
0.4
0.00246753
0.4
0.00246753
0.4
0.00246753
0.4
0.00246753
0.4
0.00246753
0.4
0.00246753
0.4
0.00246753
0.4
0.00246753
0.4
0.00246753
0.4
0.00246753
0.4
0.00246753
0.4
0.00246752
0.4
0.00246752
0.4
0.00246752
0.4
0.00246752
0.4
0.00246751
0.4
0.00246751
0.4
0.0024675
0.4
0.00246749
0.4
0.00246748
0.4
0.00246746
0.4
0.00246744
0.4
0.0024674
0.4
0.00246736
0.4
0.00246731
0.4
0.00246724
0.4
0.00246716
0.4
0.00246709
0.4
0.00246703
0.4
0.00246703
0.4
0.00246716
0.4
0.00246752
0.4
0.00246825
0.399999
0.00246913
0.399999
0.00246921
0.4
0.00246458
0.400005
0.400015
0.00314921
0.39897
0.00356656
0.399325
0.00381544
0.399605
0.00397578
0.399736
0.00406496
0.399853
0.00410507
0.399936
0.00411445
0.399987
0.00410608
0.400016
0.00408865
0.400031
0.00406754
0.400037
0.00404605
0.400037
0.00402601
0.400034
0.00400836
0.40003
0.00399341
0.400026
0.00398113
0.400021
0.00397128
0.400017
0.00396352
0.400013
0.00395751
0.40001
0.00395291
0.400008
0.00394942
0.400006
0.0039468
0.400004
0.00394485
0.400003
0.0039434
0.400002
0.00394233
0.400002
0.00394154
0.400001
0.00394097
0.400001
0.00394054
0.400001
0.00394023
0.400001
0.00394
0.4
0.00393984
0.4
0.00393971
0.4
0.00393963
0.4
0.00393956
0.4
0.00393951
0.4
0.00393948
0.4
0.00393945
0.4
0.00393944
0.4
0.00393942
0.4
0.00393941
0.4
0.00393941
0.4
0.0039394
0.4
0.0039394
0.4
0.0039394
0.4
0.00393939
0.4
0.00393939
0.4
0.00393939
0.4
0.00393939
0.4
0.00393939
0.4
0.00393939
0.4
0.00393939
0.4
0.00393939
0.4
0.00393939
0.4
0.00393939
0.4
0.00393939
0.4
0.00393939
0.4
0.00393939
0.4
0.00393939
0.4
0.00393939
0.4
0.00393939
0.4
0.00393939
0.4
0.00393939
0.4
0.00393939
0.4
0.00393939
0.4
0.00393939
0.4
0.00393939
0.4
0.00393939
0.4
0.00393939
0.4
0.00393939
0.4
0.00393939
0.4
0.00393939
0.4
0.00393939
0.4
0.00393939
0.4
0.00393939
0.4
0.00393938
0.4
0.00393938
0.4
0.00393938
0.4
0.00393938
0.4
0.00393937
0.4
0.00393937
0.4
0.00393936
0.4
0.00393935
0.4
0.00393933
0.4
0.00393931
0.4
0.00393929
0.4
0.00393925
0.4
0.00393921
0.4
0.00393915
0.4
0.00393908
0.4
0.00393899
0.4
0.00393889
0.4
0.00393881
0.4
0.00393877
0.4
0.00393884
0.4
0.00393913
0.4
0.00393982
0.399999
0.0039411
0.399998
0.00394273
0.399997
0.0039434
0.399999
0.00393758
0.40001
0.400033
0.0033595
0.398192
0.00381149
0.398873
0.00408993
0.399327
0.00426135
0.399565
0.00435658
0.399758
0.00440195
0.39989
0.00441569
0.399973
0.00441104
0.400021
0.00439661
0.400045
0.00437791
0.400056
0.00435828
0.400057
0.00433969
0.400053
0.00432311
0.400047
0.00430896
0.40004
0.00429726
0.400033
0.00428782
0.400026
0.00428035
0.400021
0.00427454
0.400016
0.00427007
0.400012
0.00426668
0.400009
0.00426413
0.400007
0.00426222
0.400005
0.0042608
0.400004
0.00425975
0.400003
0.00425897
0.400002
0.0042584
0.400002
0.00425798
0.400001
0.00425768
0.400001
0.00425745
0.400001
0.00425729
0.4
0.00425717
0.4
0.00425708
0.4
0.00425702
0.4
0.00425697
0.4
0.00425694
0.4
0.00425691
0.4
0.0042569
0.4
0.00425688
0.4
0.00425687
0.4
0.00425687
0.4
0.00425686
0.4
0.00425686
0.4
0.00425686
0.4
0.00425685
0.4
0.00425685
0.4
0.00425685
0.4
0.00425685
0.4
0.00425685
0.4
0.00425685
0.4
0.00425685
0.4
0.00425685
0.4
0.00425685
0.4
0.00425685
0.4
0.00425685
0.4
0.00425685
0.4
0.00425685
0.4
0.00425685
0.4
0.00425685
0.4
0.00425685
0.4
0.00425685
0.4
0.00425685
0.4
0.00425685
0.4
0.00425685
0.4
0.00425685
0.4
0.00425685
0.4
0.00425685
0.4
0.00425685
0.4
0.00425685
0.4
0.00425685
0.4
0.00425685
0.4
0.00425685
0.4
0.00425685
0.4
0.00425684
0.4
0.00425684
0.4
0.00425684
0.4
0.00425684
0.4
0.00425684
0.4
0.00425683
0.4
0.00425683
0.4
0.00425682
0.4
0.00425681
0.4
0.0042568
0.4
0.00425678
0.4
0.00425675
0.4
0.00425672
0.4
0.00425667
0.4
0.00425662
0.4
0.00425656
0.4
0.00425648
0.4
0.00425641
0.4
0.00425636
0.4
0.00425637
0.4
0.00425653
0.4
0.00425696
0.399999
0.00425785
0.399998
0.00425944
0.399996
0.00426163
0.399995
0.00426351
0.399997
0.00426085
0.400013
0.400043
0.00322
0.397407
0.00368938
0.398404
0.00398566
0.399031
0.00416443
0.399386
0.00426438
0.399658
0.00431404
0.399841
0.0043317
0.399955
0.00433055
0.400022
0.00431907
0.400057
0.00430279
0.400072
0.00428511
0.400075
0.00426804
0.40007
0.00425263
0.400062
0.00423936
0.400053
0.00422831
0.400044
0.00421934
0.400035
0.00421221
0.400028
0.00420664
0.400022
0.00420235
0.400017
0.00419907
0.400013
0.0041966
0.400009
0.00419474
0.400007
0.00419336
0.400005
0.00419234
0.400004
0.00419159
0.400003
0.00419103
0.400002
0.00419062
0.400002
0.00419032
0.400001
0.0041901
0.400001
0.00418994
0.400001
0.00418982
0.4
0.00418974
0.4
0.00418967
0.4
0.00418963
0.4
0.0041896
0.4
0.00418957
0.4
0.00418955
0.4
0.00418954
0.4
0.00418953
0.4
0.00418953
0.4
0.00418952
0.4
0.00418952
0.4
0.00418952
0.4
0.00418951
0.4
0.00418951
0.4
0.00418951
0.4
0.00418951
0.4
0.00418951
0.4
0.00418951
0.4
0.00418951
0.4
0.00418951
0.4
0.00418951
0.4
0.00418951
0.4
0.00418951
0.4
0.00418951
0.4
0.00418951
0.4
0.00418951
0.4
0.00418951
0.4
0.00418951
0.4
0.00418951
0.4
0.00418951
0.4
0.00418951
0.4
0.00418951
0.4
0.00418951
0.4
0.00418951
0.4
0.00418951
0.4
0.00418951
0.4
0.00418951
0.4
0.00418951
0.4
0.00418951
0.4
0.00418951
0.4
0.00418951
0.4
0.00418951
0.4
0.0041895
0.4
0.0041895
0.4
0.0041895
0.4
0.0041895
0.4
0.00418949
0.4
0.00418949
0.4
0.00418948
0.4
0.00418947
0.4
0.00418946
0.4
0.00418944
0.4
0.00418941
0.4
0.00418938
0.4
0.00418934
0.4
0.00418929
0.4
0.00418924
0.4
0.00418918
0.4
0.00418913
0.4
0.00418911
0.4
0.00418918
0.4
0.00418942
0.4
0.00418998
0.399999
0.00419107
0.399997
0.00419298
0.399995
0.00419583
0.399992
0.00419928
0.399994
0.00420113
0.400011
0.400045
0.00298179
0.396667
0.00345591
0.39793
0.00376043
0.398726
0.00394309
0.399204
0.00404623
0.399555
0.00409915
0.399788
0.00412009
0.399934
0.00412203
0.40002
0.00411326
0.400066
0.00409927
0.400086
0.00408347
0.40009
0.0040679
0.400086
0.00405367
0.400076
0.0040413
0.400065
0.00403093
0.400054
0.00402246
0.400044
0.0040157
0.400035
0.00401039
0.400027
0.00400628
0.400021
0.00400314
0.400016
0.00400076
0.400012
0.00399898
0.400009
0.00399764
0.400007
0.00399665
0.400005
0.00399592
0.400004
0.00399538
0.400003
0.00399498
0.400002
0.00399469
0.400001
0.00399448
0.400001
0.00399432
0.400001
0.00399421
0.400001
0.00399413
0.4
0.00399406
0.4
0.00399402
0.4
0.00399399
0.4
0.00399396
0.4
0.00399395
0.4
0.00399393
0.4
0.00399393
0.4
0.00399392
0.4
0.00399391
0.4
0.00399391
0.4
0.00399391
0.4
0.00399391
0.4
0.00399391
0.4
0.0039939
0.4
0.0039939
0.4
0.0039939
0.4
0.0039939
0.4
0.0039939
0.4
0.0039939
0.4
0.0039939
0.4
0.0039939
0.4
0.0039939
0.4
0.0039939
0.4
0.0039939
0.4
0.0039939
0.4
0.0039939
0.4
0.0039939
0.4
0.0039939
0.4
0.0039939
0.4
0.0039939
0.4
0.0039939
0.4
0.0039939
0.4
0.0039939
0.4
0.0039939
0.4
0.0039939
0.4
0.0039939
0.4
0.0039939
0.4
0.0039939
0.4
0.0039939
0.4
0.0039939
0.4
0.0039939
0.4
0.0039939
0.4
0.0039939
0.4
0.00399389
0.4
0.00399389
0.4
0.00399389
0.4
0.00399388
0.4
0.00399387
0.4
0.00399387
0.4
0.00399385
0.4
0.00399383
0.4
0.00399381
0.4
0.00399378
0.4
0.00399375
0.4
0.0039937
0.4
0.00399365
0.4
0.00399361
0.4
0.00399358
0.4
0.0039936
0.4
0.00399372
0.4
0.00399403
0.399999
0.00399471
0.399998
0.00399599
0.399996
0.00399821
0.399992
0.00400174
0.399989
0.00400686
0.399989
0.00401327
0.400005
0.400038
0.00272679
0.395993
0.00319446
0.397462
0.00349993
0.398421
0.00368337
0.39902
0.00378809
0.39945
0.00384321
0.399732
0.00386674
0.399911
0.0038713
0.400016
0.00386494
0.400072
0.00385306
0.400098
0.00383902
0.400104
0.0038249
0.4001
0.00381182
0.40009
0.00380035
0.400077
0.00379066
0.400064
0.00378271
0.400052
0.00377633
0.400041
0.00377131
0.400032
0.0037674
0.400025
0.00376441
0.400019
0.00376213
0.400014
0.00376042
0.400011
0.00375914
0.400008
0.00375819
0.400006
0.00375749
0.400004
0.00375697
0.400003
0.00375659
0.400002
0.0037563
0.400002
0.0037561
0.400001
0.00375595
0.400001
0.00375584
0.400001
0.00375576
0.4
0.0037557
0.4
0.00375565
0.4
0.00375562
0.4
0.0037556
0.4
0.00375558
0.4
0.00375557
0.4
0.00375556
0.4
0.00375556
0.4
0.00375555
0.4
0.00375555
0.4
0.00375555
0.4
0.00375555
0.4
0.00375554
0.4
0.00375554
0.4
0.00375554
0.4
0.00375554
0.4
0.00375554
0.4
0.00375554
0.4
0.00375554
0.4
0.00375554
0.4
0.00375554
0.4
0.00375554
0.4
0.00375554
0.4
0.00375554
0.4
0.00375554
0.4
0.00375554
0.4
0.00375554
0.4
0.00375554
0.4
0.00375554
0.4
0.00375554
0.4
0.00375554
0.4
0.00375554
0.4
0.00375554
0.4
0.00375554
0.4
0.00375554
0.4
0.00375554
0.4
0.00375554
0.4
0.00375554
0.4
0.00375554
0.4
0.00375554
0.4
0.00375554
0.4
0.00375554
0.4
0.00375553
0.4
0.00375553
0.4
0.00375553
0.4
0.00375553
0.4
0.00375552
0.4
0.00375551
0.4
0.0037555
0.4
0.00375549
0.4
0.00375548
0.4
0.00375545
0.4
0.00375543
0.4
0.00375539
0.4
0.00375536
0.4
0.00375532
0.4
0.00375528
0.4
0.00375527
0.4
0.00375532
0.4
0.00375548
0.4
0.00375587
0.399999
0.00375665
0.399997
0.00375809
0.399994
0.00376061
0.39999
0.0037648
0.399985
0.00377148
0.399982
0.00378196
0.399994
0.400024
0.00247993
0.39539
0.00293179
0.39701
0.00323246
0.39812
0.00341391
0.398839
0.0035186
0.399346
0.00357485
0.399676
0.00360027
0.399886
0.00360695
0.400009
0.00360268
0.400076
0.0035927
0.400108
0.00358032
0.400117
0.00356758
0.400113
0.00355562
0.400102
0.00354504
0.400087
0.00353604
0.400073
0.00352862
0.400059
0.00352264
0.400047
0.0035179
0.400037
0.00351422
0.400028
0.00351138
0.400022
0.00350922
0.400016
0.00350759
0.400012
0.00350638
0.400009
0.00350547
0.400007
0.00350479
0.400005
0.0035043
0.400004
0.00350393
0.400003
0.00350366
0.400002
0.00350346
0.400001
0.00350332
0.400001
0.00350321
0.400001
0.00350313
0.400001
0.00350308
0.4
0.00350304
0.4
0.00350301
0.4
0.00350298
0.4
0.00350297
0.4
0.00350296
0.4
0.00350295
0.4
0.00350294
0.4
0.00350294
0.4
0.00350294
0.4
0.00350293
0.4
0.00350293
0.4
0.00350293
0.4
0.00350293
0.4
0.00350293
0.4
0.00350293
0.4
0.00350293
0.4
0.00350293
0.4
0.00350293
0.4
0.00350293
0.4
0.00350293
0.4
0.00350293
0.4
0.00350293
0.4
0.00350293
0.4
0.00350293
0.4
0.00350293
0.4
0.00350293
0.4
0.00350293
0.4
0.00350293
0.4
0.00350293
0.4
0.00350293
0.4
0.00350293
0.4
0.00350293
0.4
0.00350293
0.4
0.00350293
0.4
0.00350293
0.4
0.00350293
0.4
0.00350293
0.4
0.00350293
0.4
0.00350292
0.4
0.00350292
0.4
0.00350292
0.4
0.00350292
0.4
0.00350292
0.4
0.00350292
0.4
0.00350291
0.4
0.00350291
0.4
0.0035029
0.4
0.00350289
0.4
0.00350288
0.4
0.00350287
0.4
0.00350285
0.4
0.00350282
0.4
0.00350279
0.4
0.00350276
0.4
0.00350273
0.4
0.0035027
0.4
0.00350271
0.4
0.00350278
0.4
0.00350298
0.4
0.00350343
0.399998
0.00350429
0.399996
0.00350588
0.399993
0.00350865
0.399987
0.00351342
0.39998
0.00352147
0.399974
0.00353532
0.399981
0.400003
0.00224715
0.394858
0.00267593
0.396581
0.00296715
0.397829
0.00314411
0.398662
0.00324724
0.399243
0.0033036
0.39962
0.0033302
0.399859
0.00333853
0.400001
0.00333603
0.400079
0.00332776
0.400116
0.0033169
0.400128
0.00330546
0.400124
0.00329459
0.400112
0.00328488
0.400097
0.00327657
0.400081
0.00326969
0.400066
0.00326411
0.400052
0.00325969
0.400041
0.00325623
0.400032
0.00325356
0.400024
0.00325153
0.400018
0.00324999
0.400014
0.00324884
0.40001
0.00324798
0.400008
0.00324734
0.400006
0.00324687
0.400004
0.00324652
0.400003
0.00324626
0.400002
0.00324607
0.400002
0.00324593
0.400001
0.00324583
0.400001
0.00324576
0.400001
0.00324571
0.4
0.00324567
0.4
0.00324564
0.4
0.00324562
0.4
0.0032456
0.4
0.00324559
0.4
0.00324558
0.4
0.00324558
0.4
0.00324557
0.4
0.00324557
0.4
0.00324557
0.4
0.00324557
0.4
0.00324557
0.4
0.00324556
0.4
0.00324556
0.4
0.00324556
0.4
0.00324556
0.4
0.00324556
0.4
0.00324556
0.4
0.00324556
0.4
0.00324556
0.4
0.00324556
0.4
0.00324556
0.4
0.00324556
0.4
0.00324556
0.4
0.00324556
0.4
0.00324556
0.4
0.00324556
0.4
0.00324556
0.4
0.00324556
0.4
0.00324556
0.4
0.00324556
0.4
0.00324556
0.4
0.00324556
0.4
0.00324556
0.4
0.00324556
0.4
0.00324556
0.4
0.00324556
0.4
0.00324556
0.4
0.00324556
0.4
0.00324556
0.4
0.00324556
0.4
0.00324556
0.4
0.00324556
0.4
0.00324555
0.4
0.00324555
0.4
0.00324555
0.4
0.00324554
0.4
0.00324553
0.4
0.00324552
0.4
0.00324551
0.4
0.00324549
0.4
0.00324546
0.4
0.00324544
0.4
0.00324541
0.4
0.00324538
0.4
0.00324537
0.4
0.00324539
0.4
0.00324548
0.4
0.00324572
0.399999
0.0032462
0.399998
0.00324714
0.399995
0.00324883
0.399991
0.00325182
0.399984
0.00325706
0.399975
0.00326622
0.399965
0.00328268
0.399964
0.399978
0.00202838
0.39439
0.00242878
0.396181
0.00270671
0.397551
0.00287696
0.398491
0.00297709
0.399143
0.00303258
0.399564
0.00305969
0.399832
0.0030692
0.399991
0.00306817
0.40008
0.00306139
0.400123
0.00305193
0.400137
0.00304172
0.400134
0.0030319
0.400122
0.00302305
0.400106
0.00301544
0.400089
0.00300909
0.400072
0.00300393
0.400058
0.00299983
0.400045
0.00299661
0.400035
0.00299412
0.400027
0.00299222
0.40002
0.00299078
0.400015
0.0029897
0.400011
0.00298889
0.400008
0.00298829
0.400006
0.00298784
0.400005
0.00298751
0.400003
0.00298727
0.400002
0.0029871
0.400002
0.00298697
0.400001
0.00298687
0.400001
0.0029868
0.400001
0.00298675
0.400001
0.00298671
0.4
0.00298669
0.4
0.00298667
0.4
0.00298665
0.4
0.00298664
0.4
0.00298663
0.4
0.00298663
0.4
0.00298663
0.4
0.00298662
0.4
0.00298662
0.4
0.00298662
0.4
0.00298662
0.4
0.00298662
0.4
0.00298662
0.4
0.00298662
0.4
0.00298662
0.4
0.00298662
0.4
0.00298661
0.4
0.00298661
0.4
0.00298661
0.4
0.00298661
0.4
0.00298661
0.4
0.00298661
0.4
0.00298661
0.4
0.00298661
0.4
0.00298661
0.4
0.00298661
0.4
0.00298661
0.4
0.00298661
0.4
0.00298661
0.4
0.00298661
0.4
0.00298661
0.4
0.00298661
0.4
0.00298661
0.4
0.00298661
0.4
0.00298661
0.4
0.00298661
0.4
0.00298661
0.4
0.00298661
0.4
0.00298661
0.4
0.00298661
0.4
0.00298661
0.4
0.00298661
0.4
0.00298661
0.4
0.0029866
0.4
0.0029866
0.4
0.00298659
0.4
0.00298658
0.4
0.00298657
0.4
0.00298656
0.4
0.00298654
0.4
0.00298652
0.4
0.0029865
0.4
0.00298648
0.4
0.00298646
0.4
0.00298645
0.4
0.00298649
0.4
0.00298659
0.4
0.00298685
0.399999
0.00298737
0.399997
0.00298835
0.399994
0.00299012
0.399989
0.00299324
0.399981
0.00299883
0.399969
0.0030088
0.399955
0.00302713
0.399946
0.39995
0.00182184
0.393983
0.00219024
0.395812
0.00245168
0.397289
0.00261326
0.39833
0.00270905
0.399047
0.00276278
0.399511
0.00278975
0.399805
0.0028
0.399981
0.00280014
0.40008
0.00279467
0.400128
0.00278648
0.400145
0.00277744
0.400143
0.00276863
0.400131
0.00276062
0.400114
0.0027537
0.400096
0.0027479
0.400078
0.00274316
0.400062
0.00273938
0.400049
0.00273641
0.400038
0.00273411
0.400029
0.00273235
0.400022
0.00273102
0.400017
0.00273001
0.400012
0.00272926
0.400009
0.0027287
0.400007
0.00272829
0.400005
0.00272798
0.400004
0.00272775
0.400003
0.00272759
0.400002
0.00272747
0.400001
0.00272738
0.400001
0.00272731
0.400001
0.00272727
0.400001
0.00272723
0.4
0.00272721
0.4
0.00272719
0.4
0.00272717
0.4
0.00272717
0.4
0.00272716
0.4
0.00272715
0.4
0.00272715
0.4
0.00272715
0.4
0.00272714
0.4
0.00272714
0.4
0.00272714
0.4
0.00272714
0.4
0.00272714
0.4
0.00272714
0.4
0.00272714
0.4
0.00272714
0.4
0.00272714
0.4
0.00272714
0.4
0.00272714
0.4
0.00272714
0.4
0.00272714
0.4
0.00272714
0.4
0.00272714
0.4
0.00272714
0.4
0.00272714
0.4
0.00272714
0.4
0.00272714
0.4
0.00272714
0.4
0.00272714
0.4
0.00272714
0.4
0.00272714
0.4
0.00272714
0.4
0.00272714
0.4
0.00272714
0.4
0.00272714
0.4
0.00272714
0.4
0.00272714
0.4
0.00272714
0.4
0.00272714
0.4
0.00272714
0.4
0.00272714
0.4
0.00272713
0.4
0.00272713
0.4
0.00272713
0.4
0.00272712
0.4
0.00272712
0.4
0.00272711
0.4
0.0027271
0.4
0.00272709
0.4
0.00272707
0.4
0.00272706
0.4
0.00272704
0.4
0.00272702
0.4
0.002727
0.4
0.002727
0.4
0.00272705
0.4
0.00272717
0.4
0.00272744
0.399999
0.00272797
0.399997
0.00272897
0.399993
0.00273078
0.399987
0.00273398
0.399978
0.00273977
0.399963
0.00275024
0.399944
0.0027697
0.399926
0.39992
0.00162547
0.393629
0.0019596
0.395478
0.00220192
0.397047
0.00235306
0.398179
0.00244332
0.398956
0.00249444
0.39946
0.00252069
0.399779
0.00253127
0.39997
0.0025323
0.400079
0.00252794
0.400133
0.00252092
0.400152
0.00251298
0.400151
0.00250513
0.400139
0.00249796
0.400121
0.00249171
0.400102
0.00248646
0.400083
0.00248216
0.400067
0.00247871
0.400052
0.002476
0.400041
0.0024739
0.400031
0.00247228
0.400024
0.00247106
0.400018
0.00247013
0.400013
0.00246944
0.40001
0.00246893
0.400007
0.00246855
0.400005
0.00246826
0.400004
0.00246806
0.400003
0.0024679
0.400002
0.00246779
0.400002
0.00246771
0.400001
0.00246765
0.400001
0.00246761
0.400001
0.00246757
0.4
0.00246755
0.4
0.00246753
0.4
0.00246752
0.4
0.00246751
0.4
0.00246751
0.4
0.0024675
0.4
0.0024675
0.4
0.00246749
0.4
0.00246749
0.4
0.00246749
0.4
0.00246749
0.4
0.00246749
0.4
0.00246749
0.4
0.00246749
0.4
0.00246749
0.4
0.00246749
0.4
0.00246749
0.4
0.00246749
0.4
0.00246749
0.4
0.00246749
0.4
0.00246749
0.4
0.00246749
0.4
0.00246749
0.4
0.00246749
0.4
0.00246749
0.4
0.00246749
0.4
0.00246749
0.4
0.00246749
0.4
0.00246749
0.4
0.00246749
0.4
0.00246749
0.4
0.00246749
0.4
0.00246749
0.4
0.00246749
0.4
0.00246749
0.4
0.00246749
0.4
0.00246749
0.4
0.00246749
0.4
0.00246749
0.4
0.00246749
0.4
0.00246748
0.4
0.00246748
0.4
0.00246748
0.4
0.00246748
0.4
0.00246747
0.4
0.00246747
0.4
0.00246746
0.4
0.00246745
0.4
0.00246744
0.4
0.00246743
0.4
0.00246741
0.4
0.00246739
0.4
0.00246738
0.4
0.00246737
0.4
0.00246738
0.4
0.00246742
0.4
0.00246755
0.4
0.00246783
0.399998
0.00246837
0.399996
0.00246937
0.399992
0.00247117
0.399986
0.00247437
0.399974
0.0024802
0.399957
0.00249085
0.399934
0.00251074
0.399906
0.399889
0.00143734
0.393325
0.00173596
0.39518
0.00195702
0.396826
0.00209618
0.39804
0.00217981
0.398873
0.00222758
0.399412
0.00225255
0.399754
0.00226308
0.39996
0.00226473
0.400077
0.00226133
0.400136
0.00225536
0.400158
0.00224845
0.400158
0.00224154
0.400146
0.00223517
0.400127
0.0022296
0.400107
0.0022249
0.400088
0.00222104
0.400071
0.00221794
0.400056
0.0022155
0.400043
0.0022136
0.400033
0.00221213
0.400025
0.00221102
0.400019
0.00221018
0.400014
0.00220956
0.40001
0.00220909
0.400008
0.00220874
0.400006
0.00220848
0.400004
0.0022083
0.400003
0.00220816
0.400002
0.00220805
0.400002
0.00220798
0.400001
0.00220793
0.400001
0.00220788
0.400001
0.00220786
0.4
0.00220783
0.4
0.00220782
0.4
0.00220781
0.4
0.0022078
0.4
0.00220779
0.4
0.00220779
0.4
0.00220779
0.4
0.00220778
0.4
0.00220778
0.4
0.00220778
0.4
0.00220778
0.4
0.00220778
0.4
0.00220778
0.4
0.00220778
0.4
0.00220778
0.4
0.00220778
0.4
0.00220778
0.4
0.00220778
0.4
0.00220778
0.4
0.00220778
0.4
0.00220778
0.4
0.00220778
0.4
0.00220778
0.4
0.00220778
0.4
0.00220778
0.4
0.00220778
0.4
0.00220778
0.4
0.00220778
0.4
0.00220778
0.4
0.00220778
0.4
0.00220778
0.4
0.00220778
0.4
0.00220778
0.4
0.00220778
0.4
0.00220778
0.4
0.00220778
0.4
0.00220778
0.4
0.00220778
0.4
0.00220778
0.4
0.00220778
0.4
0.00220777
0.4
0.00220777
0.4
0.00220777
0.4
0.00220777
0.4
0.00220777
0.4
0.00220776
0.4
0.00220775
0.4
0.00220775
0.4
0.00220774
0.4
0.00220772
0.4
0.00220771
0.4
0.00220769
0.4
0.00220768
0.4
0.00220767
0.4
0.00220769
0.4
0.00220774
0.4
0.00220787
0.4
0.00220814
0.399998
0.00220867
0.399996
0.00220964
0.399991
0.0022114
0.399984
0.00221452
0.399971
0.00222024
0.399952
0.00223075
0.399923
0.00225043
0.399887
0.399858
0.00125583
0.393066
0.00151841
0.394917
0.0017165
0.396628
0.00184233
0.397914
0.00191836
0.398797
0.00196209
0.399368
0.0019853
0.39973
0.00199543
0.39995
0.00199747
0.400075
0.00199486
0.400139
0.00198985
0.400163
0.0019839
0.400164
0.00197789
0.400152
0.00197232
0.400133
0.00196742
0.400112
0.00196328
0.400092
0.00195986
0.400074
0.00195711
0.400058
0.00195494
0.400045
0.00195325
0.400035
0.00195194
0.400026
0.00195095
0.40002
0.0019502
0.400015
0.00194964
0.400011
0.00194922
0.400008
0.00194891
0.400006
0.00194868
0.400004
0.00194851
0.400003
0.00194839
0.400002
0.0019483
0.400002
0.00194823
0.400001
0.00194818
0.400001
0.00194814
0.400001
0.00194812
0.4
0.0019481
0.4
0.00194808
0.4
0.00194807
0.4
0.00194807
0.4
0.00194806
0.4
0.00194806
0.4
0.00194806
0.4
0.00194805
0.4
0.00194805
0.4
0.00194805
0.4
0.00194805
0.4
0.00194805
0.4
0.00194805
0.4
0.00194805
0.4
0.00194805
0.4
0.00194805
0.4
0.00194805
0.4
0.00194805
0.4
0.00194805
0.4
0.00194805
0.4
0.00194805
0.4
0.00194805
0.4
0.00194805
0.4
0.00194805
0.4
0.00194805
0.4
0.00194805
0.4
0.00194805
0.4
0.00194805
0.4
0.00194805
0.4
0.00194805
0.4
0.00194805
0.4
0.00194805
0.4
0.00194805
0.4
0.00194805
0.4
0.00194805
0.4
0.00194805
0.4
0.00194805
0.4
0.00194805
0.4
0.00194805
0.4
0.00194805
0.4
0.00194804
0.4
0.00194804
0.4
0.00194804
0.4
0.00194804
0.4
0.00194804
0.4
0.00194803
0.4
0.00194803
0.4
0.00194802
0.4
0.00194801
0.4
0.001948
0.4
0.00194799
0.4
0.00194798
0.4
0.00194796
0.4
0.00194796
0.4
0.00194798
0.4
0.00194803
0.4
0.00194816
0.399999
0.00194842
0.399998
0.00194892
0.399995
0.00194985
0.39999
0.00195151
0.399982
0.00195448
0.399968
0.00195994
0.399946
0.00197001
0.399913
0.00198886
0.399868
0.399828
0.00107958
0.392848
0.00130607
0.394691
0.00147985
0.396454
0.00159116
0.397802
0.00165875
0.398729
0.00169786
0.399329
0.00171887
0.399709
0.00172829
0.39994
0.00173051
0.400073
0.00172854
0.400141
0.00172439
0.400167
0.00171936
0.400169
0.00171422
0.400157
0.00170942
0.400138
0.00170519
0.400117
0.0017016
0.400096
0.00169863
0.400077
0.00169624
0.400061
0.00169434
0.400047
0.00169287
0.400036
0.00169173
0.400027
0.00169086
0.400021
0.0016902
0.400015
0.00168971
0.400012
0.00168934
0.400009
0.00168907
0.400006
0.00168887
0.400005
0.00168872
0.400003
0.00168861
0.400003
0.00168853
0.400002
0.00168847
0.400001
0.00168843
0.400001
0.0016884
0.400001
0.00168837
0.400001
0.00168836
0.4
0.00168834
0.4
0.00168833
0.4
0.00168833
0.4
0.00168832
0.4
0.00168832
0.4
0.00168832
0.4
0.00168832
0.4
0.00168831
0.4
0.00168831
0.4
0.00168831
0.4
0.00168831
0.4
0.00168831
0.4
0.00168831
0.4
0.00168831
0.4
0.00168831
0.4
0.00168831
0.4
0.00168831
0.4
0.00168831
0.4
0.00168831
0.4
0.00168831
0.4
0.00168831
0.4
0.00168831
0.4
0.00168831
0.4
0.00168831
0.4
0.00168831
0.4
0.00168831
0.4
0.00168831
0.4
0.00168831
0.4
0.00168831
0.4
0.00168831
0.4
0.00168831
0.4
0.00168831
0.4
0.00168831
0.4
0.00168831
0.4
0.00168831
0.4
0.00168831
0.4
0.00168831
0.4
0.00168831
0.4
0.00168831
0.4
0.00168831
0.4
0.00168831
0.4
0.00168831
0.4
0.0016883
0.4
0.0016883
0.4
0.0016883
0.4
0.00168829
0.4
0.00168829
0.4
0.00168828
0.4
0.00168827
0.4
0.00168826
0.4
0.00168825
0.4
0.00168824
0.4
0.00168824
0.4
0.00168825
0.4
0.00168831
0.4
0.00168843
0.399999
0.00168867
0.399998
0.00168914
0.399995
0.00168999
0.39999
0.00169153
0.399981
0.00169427
0.399966
0.00169933
0.399941
0.00170867
0.399904
0.00172615
0.39985
0.399801
0.000907462
0.392668
0.00109811
0.3945
0.00124655
0.396306
0.00134236
0.397707
0.00140077
0.398671
0.00143473
0.399295
0.00145316
0.399691
0.00146159
0.399932
0.0014638
0.400071
0.00146236
0.400142
0.00145899
0.400171
0.00145482
0.400173
0.00145052
0.400161
0.00144649
0.400142
0.00144292
0.40012
0.00143988
0.400099
0.00143736
0.400079
0.00143533
0.400063
0.00143372
0.400049
0.00143246
0.400037
0.00143149
0.400028
0.00143075
0.400021
0.00143019
0.400016
0.00142977
0.400012
0.00142945
0.400009
0.00142922
0.400007
0.00142905
0.400005
0.00142892
0.400004
0.00142883
0.400003
0.00142876
0.400002
0.00142871
0.400001
0.00142867
0.400001
0.00142864
0.400001
0.00142863
0.400001
0.00142861
0.4
0.0014286
0.4
0.00142859
0.4
0.00142859
0.4
0.00142858
0.4
0.00142858
0.4
0.00142858
0.4
0.00142858
0.4
0.00142857
0.4
0.00142857
0.4
0.00142857
0.4
0.00142857
0.4
0.00142857
0.4
0.00142857
0.4
0.00142857
0.4
0.00142857
0.4
0.00142857
0.4
0.00142857
0.4
0.00142857
0.4
0.00142857
0.4
0.00142857
0.4
0.00142857
0.4
0.00142857
0.4
0.00142857
0.4
0.00142857
0.4
0.00142857
0.4
0.00142857
0.4
0.00142857
0.4
0.00142857
0.4
0.00142857
0.4
0.00142857
0.4
0.00142857
0.4
0.00142857
0.4
0.00142857
0.4
0.00142857
0.4
0.00142857
0.4
0.00142857
0.4
0.00142857
0.4
0.00142857
0.4
0.00142857
0.4
0.00142857
0.4
0.00142857
0.4
0.00142857
0.4
0.00142857
0.4
0.00142856
0.4
0.00142856
0.4
0.00142856
0.4
0.00142855
0.4
0.00142855
0.4
0.00142854
0.4
0.00142853
0.4
0.00142852
0.4
0.00142851
0.4
0.00142851
0.4
0.00142853
0.4
0.00142858
0.4
0.00142869
0.399999
0.00142891
0.399997
0.00142932
0.399994
0.00143008
0.399989
0.00143145
0.399979
0.0014339
0.399963
0.00143842
0.399937
0.00144679
0.399896
0.00146241
0.399835
0.399776
0.000738561
0.392524
0.000893745
0.394345
0.00101607
0.396183
0.00109555
0.397627
0.00114418
0.398622
0.00117256
0.399267
0.00118808
0.399675
0.0011953
0.399924
0.00119733
0.400069
0.0011963
0.400143
0.00119364
0.400173
0.00119029
0.400177
0.00118681
0.400165
0.00118353
0.400145
0.00118061
0.400123
0.00117813
0.400101
0.00117606
0.400081
0.0011744
0.400064
0.00117307
0.40005
0.00117204
0.400038
0.00117124
0.400029
0.00117063
0.400022
0.00117017
0.400017
0.00116982
0.400012
0.00116956
0.400009
0.00116937
0.400007
0.00116923
0.400005
0.00116912
0.400004
0.00116904
0.400003
0.00116899
0.400002
0.00116895
0.400001
0.00116891
0.400001
0.00116889
0.400001
0.00116888
0.400001
0.00116886
0.4
0.00116886
0.4
0.00116885
0.4
0.00116884
0.4
0.00116884
0.4
0.00116884
0.4
0.00116884
0.4
0.00116884
0.4
0.00116883
0.4
0.00116883
0.4
0.00116883
0.4
0.00116883
0.4
0.00116883
0.4
0.00116883
0.4
0.00116883
0.4
0.00116883
0.4
0.00116883
0.4
0.00116883
0.4
0.00116883
0.4
0.00116883
0.4
0.00116883
0.4
0.00116883
0.4
0.00116883
0.4
0.00116883
0.4
0.00116883
0.4
0.00116883
0.4
0.00116883
0.4
0.00116883
0.4
0.00116883
0.4
0.00116883
0.4
0.00116883
0.4
0.00116883
0.4
0.00116883
0.4
0.00116883
0.4
0.00116883
0.4
0.00116883
0.4
0.00116883
0.4
0.00116883
0.4
0.00116883
0.4
0.00116883
0.4
0.00116883
0.4
0.00116883
0.4
0.00116883
0.4
0.00116883
0.4
0.00116883
0.4
0.00116882
0.4
0.00116882
0.4
0.00116882
0.4
0.00116881
0.4
0.0011688
0.4
0.0011688
0.4
0.00116879
0.4
0.00116878
0.4
0.00116879
0.4
0.0011688
0.4
0.00116884
0.4
0.00116894
0.399999
0.00116913
0.399997
0.00116948
0.399994
0.00117013
0.399988
0.0011713
0.399978
0.00117339
0.399961
0.00117726
0.399933
0.00118443
0.399888
0.00119779
0.399821
0.399756
0.000572105
0.392414
0.000692249
0.394225
0.000787903
0.396088
0.000850386
0.397565
0.000888724
0.398584
0.000911167
0.399244
0.000923512
0.399663
0.000929328
0.399919
0.000931047
0.400067
0.000930342
0.400144
0.000928336
0.400175
0.000925767
0.400179
0.000923083
0.400167
0.000920543
0.400148
0.000918282
0.400125
0.000916348
0.400103
0.000914741
0.400083
0.00091344
0.400066
0.000912408
0.400051
0.000911601
0.400039
0.000910977
0.40003
0.000910499
0.400023
0.000910137
0.400017
0.000909866
0.400013
0.000909663
0.400009
0.000909513
0.400007
0.000909401
0.400005
0.000909318
0.400004
0.000909258
0.400003
0.000909213
0.400002
0.00090918
0.400001
0.000909157
0.400001
0.000909139
0.400001
0.000909127
0.400001
0.000909117
0.4
0.00090911
0.4
0.000909105
0.4
0.000909102
0.4
0.000909099
0.4
0.000909097
0.4
0.000909095
0.4
0.000909094
0.4
0.000909094
0.4
0.000909093
0.4
0.000909093
0.4
0.000909092
0.4
0.000909092
0.4
0.000909092
0.4
0.000909092
0.4
0.000909092
0.4
0.000909092
0.4
0.000909092
0.4
0.000909092
0.4
0.000909092
0.4
0.000909092
0.4
0.000909092
0.4
0.000909092
0.4
0.000909092
0.4
0.000909092
0.4
0.000909092
0.4
0.000909092
0.4
0.000909092
0.4
0.000909092
0.4
0.000909092
0.4
0.000909092
0.4
0.000909092
0.4
0.000909092
0.4
0.000909092
0.4
0.000909092
0.4
0.000909092
0.4
0.000909092
0.4
0.000909092
0.4
0.000909091
0.4
0.000909091
0.4
0.000909091
0.4
0.00090909
0.4
0.000909089
0.4
0.000909088
0.4
0.000909087
0.4
0.000909085
0.4
0.000909082
0.4
0.000909079
0.4
0.000909075
0.4
0.00090907
0.4
0.000909065
0.4
0.000909059
0.4
0.000909056
0.4
0.000909057
0.4
0.000909069
0.4
0.000909104
0.4
0.000909181
0.399999
0.000909334
0.399997
0.000909622
0.399994
0.000910145
0.399988
0.000911084
0.399977
0.000912764
0.399959
0.000915882
0.39993
0.000921662
0.399883
0.000932407
0.399811
0.399739
0.000407439
0.392336
0.000492938
0.394139
0.000561517
0.396019
0.000606503
0.39752
0.000634164
0.398556
0.000650392
0.399228
0.000659357
0.399654
0.000663619
0.399914
0.000664922
0.400066
0.00066447
0.400144
0.00066307
0.400177
0.000661256
0.400181
0.000659351
0.400169
0.000657542
0.40015
0.00065593
0.400127
0.000654549
0.400105
0.000653399
0.400084
0.000652468
0.400067
0.000651729
0.400052
0.000651152
0.40004
0.000650704
0.40003
0.000650362
0.400023
0.000650102
0.400017
0.000649907
0.400013
0.000649761
0.400009
0.000649653
0.400007
0.000649573
0.400005
0.000649514
0.400004
0.00064947
0.400003
0.000649439
0.400002
0.000649415
0.400001
0.000649398
0.400001
0.000649385
0.400001
0.000649376
0.400001
0.00064937
0.4
0.000649365
0.4
0.000649361
0.4
0.000649359
0.4
0.000649356
0.4
0.000649355
0.4
0.000649354
0.4
0.000649353
0.4
0.000649352
0.4
0.000649352
0.4
0.000649352
0.4
0.000649352
0.4
0.000649352
0.4
0.000649352
0.4
0.000649351
0.4
0.000649351
0.4
0.000649351
0.4
0.000649351
0.4
0.000649351
0.4
0.000649352
0.4
0.000649352
0.4
0.000649352
0.4
0.000649352
0.4
0.000649352
0.4
0.000649352
0.4
0.000649352
0.4
0.000649352
0.4
0.000649352
0.4
0.000649352
0.4
0.000649352
0.4
0.000649352
0.4
0.000649352
0.4
0.000649352
0.4
0.000649352
0.4
0.000649352
0.4
0.000649352
0.4
0.000649352
0.4
0.000649351
0.4
0.000649351
0.4
0.000649351
0.4
0.000649351
0.4
0.00064935
0.4
0.00064935
0.4
0.000649349
0.4
0.000649348
0.4
0.000649347
0.4
0.000649345
0.4
0.000649342
0.4
0.000649339
0.4
0.000649336
0.4
0.000649332
0.4
0.000649328
0.4
0.000649326
0.4
0.000649327
0.4
0.000649337
0.4
0.000649362
0.4
0.000649419
0.399999
0.000649531
0.399997
0.000649743
0.399994
0.000650126
0.399987
0.000650814
0.399976
0.000652044
0.399958
0.00065433
0.399927
0.000658568
0.399878
0.000666436
0.399803
0.399727
0.000243994
0.392289
0.00029516
0.394088
0.000336405
0.395978
0.000363537
0.397493
0.000380243
0.398539
0.000390059
0.399218
0.000395497
0.399649
0.000398097
0.399912
0.000398909
0.400065
0.000398658
0.400144
0.000397832
0.400178
0.000396751
0.400182
0.000395613
0.40017
0.00039453
0.400151
0.000393564
0.400128
0.000392736
0.400105
0.000392044
0.400085
0.000391485
0.400067
0.000391041
0.400052
0.000390694
0.40004
0.000390425
0.400031
0.000390219
0.400023
0.000390062
0.400017
0.000389945
0.400013
0.000389857
0.40001
0.000389793
0.400007
0.000389744
0.400005
0.000389709
0.400004
0.000389682
0.400003
0.000389663
0.400002
0.000389649
0.400002
0.000389639
0.400001
0.000389631
0.400001
0.000389626
0.400001
0.000389622
0.4
0.000389619
0.4
0.000389617
0.4
0.000389615
0.4
0.000389614
0.4
0.000389613
0.4
0.000389612
0.4
0.000389612
0.4
0.000389611
0.4
0.000389611
0.4
0.000389611
0.4
0.000389611
0.4
0.000389611
0.4
0.000389611
0.4
0.000389611
0.4
0.000389611
0.4
0.000389611
0.4
0.000389611
0.4
0.000389611
0.4
0.000389611
0.4
0.000389611
0.4
0.000389611
0.4
0.000389611
0.4
0.000389611
0.4
0.000389611
0.4
0.000389611
0.4
0.000389611
0.4
0.000389611
0.4
0.000389611
0.4
0.000389611
0.4
0.000389611
0.4
0.000389611
0.4
0.000389611
0.4
0.000389611
0.4
0.000389611
0.4
0.000389611
0.4
0.000389611
0.4
0.000389611
0.4
0.000389611
0.4
0.000389611
0.4
0.000389611
0.4
0.00038961
0.4
0.00038961
0.4
0.00038961
0.4
0.000389609
0.4
0.000389608
0.4
0.000389607
0.4
0.000389606
0.4
0.000389604
0.4
0.000389602
0.4
0.000389599
0.4
0.000389597
0.4
0.000389596
0.4
0.000389597
0.4
0.000389603
0.4
0.000389619
0.4
0.000389653
0.399999
0.000389722
0.399997
0.000389851
0.399993
0.000390084
0.399987
0.000390504
0.399976
0.000391255
0.399957
0.00039265
0.399926
0.000395237
0.399876
0.000400035
0.399798
0.399719
8.12608e-05
0.392274
9.82919e-05
0.394071
0.000112055
0.395964
0.000121122
0.397484
0.000126709
0.398534
0.000129993
0.399215
0.000131815
0.399647
0.000132689
0.399911
0.000132964
0.400064
0.000132884
0.400145
0.00013261
0.400178
0.000132251
0.400182
0.000131872
0.400171
0.000131511
0.400151
0.000131189
0.400128
0.000130914
0.400106
0.000130681
0.400085
0.000130494
0.400067
0.000130347
0.400052
0.000130232
0.40004
0.000130142
0.400031
0.000130073
0.400023
0.00013002
0.400017
0.000129981
0.400013
0.000129952
0.40001
0.000129931
0.400007
0.000129914
0.400005
0.000129903
0.400004
0.000129894
0.400003
0.000129888
0.400002
0.000129883
0.400002
0.00012988
0.400001
0.000129877
0.400001
0.000129876
0.400001
0.000129874
0.4
0.000129873
0.4
0.000129872
0.4
0.000129872
0.4
0.000129871
0.4
0.000129871
0.4
0.00012987
0.4
0.00012987
0.4
0.00012987
0.4
0.00012987
0.4
0.00012987
0.4
0.00012987
0.4
0.00012987
0.4
0.00012987
0.4
0.00012987
0.4
0.00012987
0.4
0.00012987
0.4
0.00012987
0.4
0.00012987
0.4
0.00012987
0.4
0.00012987
0.4
0.000129871
0.4
0.000129871
0.4
0.000129871
0.4
0.000129871
0.4
0.000129871
0.4
0.000129871
0.4
0.000129871
0.4
0.000129871
0.4
0.000129871
0.4
0.000129871
0.4
0.000129871
0.4
0.000129871
0.4
0.000129871
0.4
0.000129871
0.4
0.000129871
0.4
0.00012987
0.4
0.00012987
0.4
0.00012987
0.4
0.00012987
0.4
0.00012987
0.4
0.00012987
0.4
0.00012987
0.4
0.00012987
0.4
0.00012987
0.4
0.00012987
0.4
0.000129869
0.4
0.000129869
0.4
0.000129868
0.4
0.000129867
0.4
0.000129867
0.4
0.000129866
0.4
0.000129865
0.4
0.000129866
0.4
0.000129868
0.4
0.000129873
0.4
0.000129885
0.399999
0.000129908
0.399997
0.000129951
0.399993
0.00013003
0.399987
0.000130171
0.399976
0.000130423
0.399957
0.000130892
0.399926
0.000131762
0.399875
0.000133374
0.399796
0.399717
-8.12394e-05
0.392289
-9.82747e-05
0.394088
-0.000112041
0.395978
-0.00012111
0.397493
-0.000126698
0.398539
-0.000129984
0.399218
-0.000131808
0.399649
-0.000132681
0.399912
-0.000132959
0.400065
-0.000132879
0.400144
-0.000132607
0.400178
-0.000132248
0.400182
-0.000131869
0.40017
-0.000131511
0.400151
-0.000131188
0.400128
-0.000130911
0.400105
-0.000130684
0.400085
-0.000130499
0.400067
-0.00013035
0.400052
-0.000130232
0.40004
-0.000130142
0.400031
-0.000130074
0.400023
-0.000130023
0.400017
-0.000129984
0.400013
-0.000129954
0.40001
-0.000129932
0.400007
-0.000129916
0.400005
-0.000129904
0.400004
-0.000129895
0.400003
-0.000129888
0.400002
-0.000129883
0.400002
-0.00012988
0.400001
-0.000129877
0.400001
-0.000129875
0.400001
-0.000129874
0.4
-0.000129873
0.4
-0.000129872
0.4
-0.000129872
0.4
-0.000129872
0.4
-0.000129871
0.4
-0.000129871
0.4
-0.000129871
0.4
-0.000129871
0.4
-0.000129871
0.4
-0.000129871
0.4
-0.000129871
0.4
-0.000129871
0.4
-0.000129871
0.4
-0.000129871
0.4
-0.000129871
0.4
-0.000129871
0.4
-0.000129871
0.4
-0.000129871
0.4
-0.00012987
0.4
-0.00012987
0.4
-0.00012987
0.4
-0.00012987
0.4
-0.00012987
0.4
-0.00012987
0.4
-0.00012987
0.4
-0.00012987
0.4
-0.00012987
0.4
-0.00012987
0.4
-0.00012987
0.4
-0.00012987
0.4
-0.00012987
0.4
-0.00012987
0.4
-0.00012987
0.4
-0.00012987
0.4
-0.00012987
0.4
-0.00012987
0.4
-0.00012987
0.4
-0.00012987
0.4
-0.00012987
0.4
-0.00012987
0.4
-0.00012987
0.4
-0.00012987
0.4
-0.000129869
0.4
-0.000129869
0.4
-0.000129869
0.4
-0.000129869
0.4
-0.000129868
0.4
-0.000129868
0.4
-0.000129867
0.4
-0.000129866
0.4
-0.000129865
0.4
-0.000129865
0.4
-0.000129865
0.4
-0.000129867
0.4
-0.000129873
0.4
-0.000129884
0.399999
-0.000129907
0.399997
-0.000129951
0.399993
-0.000130029
0.399987
-0.00013017
0.399976
-0.000130422
0.399957
-0.000130891
0.399926
-0.000131761
0.399876
-0.000133374
0.399798
0.399719
-0.000243973
0.392336
-0.000295143
0.394139
-0.000336391
0.396019
-0.000363525
0.39752
-0.000380233
0.398556
-0.00039005
0.399228
-0.00039549
0.399654
-0.00039809
0.399914
-0.000398904
0.400066
-0.000398653
0.400144
-0.000397829
0.400177
-0.000396748
0.400181
-0.00039561
0.400169
-0.00039453
0.40015
-0.000393562
0.400127
-0.000392733
0.400105
-0.000392047
0.400084
-0.00039149
0.400067
-0.000391044
0.400052
-0.000390695
0.40004
-0.000390426
0.40003
-0.00039022
0.400023
-0.000390065
0.400017
-0.000389948
0.400013
-0.00038986
0.400009
-0.000389794
0.400007
-0.000389746
0.400005
-0.00038971
0.400004
-0.000389683
0.400003
-0.000389664
0.400002
-0.00038965
0.400001
-0.000389639
0.400001
-0.000389631
0.400001
-0.000389626
0.400001
-0.000389622
0.4
-0.000389619
0.4
-0.000389617
0.4
-0.000389615
0.4
-0.000389615
0.4
-0.000389614
0.4
-0.000389613
0.4
-0.000389613
0.4
-0.000389613
0.4
-0.000389612
0.4
-0.000389612
0.4
-0.000389612
0.4
-0.000389612
0.4
-0.000389612
0.4
-0.000389612
0.4
-0.000389612
0.4
-0.000389612
0.4
-0.000389611
0.4
-0.000389611
0.4
-0.000389611
0.4
-0.000389611
0.4
-0.000389611
0.4
-0.000389611
0.4
-0.000389611
0.4
-0.000389611
0.4
-0.000389611
0.4
-0.000389611
0.4
-0.000389611
0.4
-0.000389611
0.4
-0.000389611
0.4
-0.000389611
0.4
-0.000389611
0.4
-0.000389611
0.4
-0.000389611
0.4
-0.000389611
0.4
-0.000389611
0.4
-0.000389611
0.4
-0.000389611
0.4
-0.000389611
0.4
-0.00038961
0.4
-0.00038961
0.4
-0.00038961
0.4
-0.000389609
0.4
-0.000389609
0.4
-0.000389608
0.4
-0.000389607
0.4
-0.000389606
0.4
-0.000389605
0.4
-0.000389603
0.4
-0.000389601
0.4
-0.000389599
0.4
-0.000389597
0.4
-0.000389595
0.4
-0.000389596
0.4
-0.000389602
0.4
-0.000389618
0.4
-0.000389653
0.399999
-0.000389721
0.399997
-0.00038985
0.399994
-0.000390084
0.399987
-0.000390503
0.399976
-0.000391254
0.399958
-0.000392649
0.399927
-0.000395236
0.399878
-0.000400034
0.399803
0.399727
-0.000407418
0.392414
-0.000492921
0.394225
-0.000561503
0.396088
-0.000606491
0.397565
-0.000634153
0.398584
-0.000650383
0.399244
-0.00065935
0.399663
-0.000663611
0.399919
-0.000664917
0.400067
-0.000664465
0.400144
-0.000663067
0.400175
-0.000661253
0.400179
-0.000659348
0.400167
-0.000657542
0.400148
-0.000655928
0.400125
-0.000654547
0.400103
-0.000653402
0.400083
-0.000652473
0.400066
-0.000651733
0.400051
-0.000651152
0.400039
-0.000650705
0.40003
-0.000650363
0.400023
-0.000650105
0.400017
-0.00064991
0.400013
-0.000649764
0.400009
-0.000649655
0.400007
-0.000649575
0.400005
-0.000649515
0.400004
-0.000649472
0.400003
-0.000649439
0.400002
-0.000649416
0.400001
-0.000649398
0.400001
-0.000649386
0.400001
-0.000649376
0.400001
-0.00064937
0.4
-0.000649365
0.4
-0.000649361
0.4
-0.000649359
0.4
-0.000649357
0.4
-0.000649356
0.4
-0.000649355
0.4
-0.000649354
0.4
-0.000649354
0.4
-0.000649353
0.4
-0.000649353
0.4
-0.000649353
0.4
-0.000649353
0.4
-0.000649353
0.4
-0.000649352
0.4
-0.000649352
0.4
-0.000649352
0.4
-0.000649352
0.4
-0.000649352
0.4
-0.000649352
0.4
-0.000649352
0.4
-0.000649352
0.4
-0.000649352
0.4
-0.000649351
0.4
-0.000649351
0.4
-0.000649351
0.4
-0.000649351
0.4
-0.000649351
0.4
-0.000649351
0.4
-0.000649351
0.4
-0.000649351
0.4
-0.000649351
0.4
-0.000649351
0.4
-0.000649351
0.4
-0.000649351
0.4
-0.000649351
0.4
-0.000649351
0.4
-0.000649351
0.4
-0.000649351
0.4
-0.000649351
0.4
-0.00064935
0.4
-0.00064935
0.4
-0.000649349
0.4
-0.000649348
0.4
-0.000649347
0.4
-0.000649346
0.4
-0.000649344
0.4
-0.000649342
0.4
-0.000649339
0.4
-0.000649336
0.4
-0.000649332
0.4
-0.000649328
0.4
-0.000649326
0.4
-0.000649327
0.4
-0.000649336
0.4
-0.000649362
0.4
-0.000649419
0.399999
-0.000649531
0.399997
-0.000649742
0.399994
-0.000650125
0.399988
-0.000650813
0.399977
-0.000652043
0.399959
-0.000654329
0.39993
-0.000658567
0.399883
-0.000666435
0.399811
0.399739
-0.000572085
0.392524
-0.000692233
0.394345
-0.000787888
0.396183
-0.000850374
0.397627
-0.000888713
0.398622
-0.000911158
0.399267
-0.000923505
0.399675
-0.00092932
0.399924
-0.000931042
0.400069
-0.000930337
0.400143
-0.000928334
0.400173
-0.000925765
0.400177
-0.000923081
0.400165
-0.000920543
0.400145
-0.00091828
0.400123
-0.000916346
0.400101
-0.000914744
0.400081
-0.000913445
0.400064
-0.000912411
0.40005
-0.000911601
0.400038
-0.000910977
0.400029
-0.000910501
0.400022
-0.00091014
0.400017
-0.000909869
0.400012
-0.000909666
0.400009
-0.000909514
0.400007
-0.000909402
0.400005
-0.000909319
0.400004
-0.000909259
0.400003
-0.000909214
0.400002
-0.000909181
0.400001
-0.000909157
0.400001
-0.000909139
0.400001
-0.000909126
0.400001
-0.000909117
0.4
-0.00090911
0.4
-0.000909106
0.4
-0.000909102
0.4
-0.0009091
0.4
-0.000909098
0.4
-0.000909097
0.4
-0.000909096
0.4
-0.000909095
0.4
-0.000909094
0.4
-0.000909094
0.4
-0.000909094
0.4
-0.000909093
0.4
-0.000909093
0.4
-0.000909093
0.4
-0.000909093
0.4
-0.000909093
0.4
-0.000909093
0.4
-0.000909092
0.4
-0.000909092
0.4
-0.000909092
0.4
-0.000909092
0.4
-0.000909092
0.4
-0.000909092
0.4
-0.000909092
0.4
-0.000909092
0.4
-0.000909092
0.4
-0.000909092
0.4
-0.000909092
0.4
-0.000909092
0.4
-0.000909092
0.4
-0.000909092
0.4
-0.000909092
0.4
-0.000909092
0.4
-0.000909092
0.4
-0.000909092
0.4
-0.000909092
0.4
-0.000909091
0.4
-0.000909091
0.4
-0.000909091
0.4
-0.00090909
0.4
-0.00090909
0.4
-0.000909089
0.4
-0.000909088
0.4
-0.000909086
0.4
-0.000909084
0.4
-0.000909082
0.4
-0.000909079
0.4
-0.000909075
0.4
-0.00090907
0.4
-0.000909064
0.4
-0.000909059
0.4
-0.000909055
0.4
-0.000909057
0.4
-0.000909069
0.4
-0.000909104
0.4
-0.00090918
0.399999
-0.000909333
0.399997
-0.000909621
0.399994
-0.000910144
0.399988
-0.000911084
0.399978
-0.000912763
0.399961
-0.000915881
0.399933
-0.000921661
0.399888
-0.000932407
0.399821
0.399756
-0.000738542
0.392668
-0.000893729
0.3945
-0.00101606
0.396306
-0.00109554
0.397707
-0.00114417
0.398671
-0.00117255
0.399295
-0.00118807
0.399691
-0.00119529
0.399932
-0.00119732
0.400071
-0.00119629
0.400142
-0.00119364
0.400171
-0.00119029
0.400173
-0.00118681
0.400161
-0.00118353
0.400142
-0.00118061
0.40012
-0.00117812
0.400099
-0.00117607
0.400079
-0.0011744
0.400063
-0.00117308
0.400049
-0.00117204
0.400037
-0.00117124
0.400028
-0.00117063
0.400021
-0.00117017
0.400016
-0.00116982
0.400012
-0.00116956
0.400009
-0.00116937
0.400007
-0.00116923
0.400005
-0.00116912
0.400004
-0.00116904
0.400003
-0.00116899
0.400002
-0.00116895
0.400001
-0.00116892
0.400001
-0.00116889
0.400001
-0.00116888
0.400001
-0.00116886
0.4
-0.00116886
0.4
-0.00116885
0.4
-0.00116885
0.4
-0.00116884
0.4
-0.00116884
0.4
-0.00116884
0.4
-0.00116884
0.4
-0.00116884
0.4
-0.00116884
0.4
-0.00116883
0.4
-0.00116883
0.4
-0.00116883
0.4
-0.00116883
0.4
-0.00116883
0.4
-0.00116883
0.4
-0.00116883
0.4
-0.00116883
0.4
-0.00116883
0.4
-0.00116883
0.4
-0.00116883
0.4
-0.00116883
0.4
-0.00116883
0.4
-0.00116883
0.4
-0.00116883
0.4
-0.00116883
0.4
-0.00116883
0.4
-0.00116883
0.4
-0.00116883
0.4
-0.00116883
0.4
-0.00116883
0.4
-0.00116883
0.4
-0.00116883
0.4
-0.00116883
0.4
-0.00116883
0.4
-0.00116883
0.4
-0.00116883
0.4
-0.00116883
0.4
-0.00116883
0.4
-0.00116883
0.4
-0.00116883
0.4
-0.00116883
0.4
-0.00116883
0.4
-0.00116883
0.4
-0.00116883
0.4
-0.00116882
0.4
-0.00116882
0.4
-0.00116882
0.4
-0.00116881
0.4
-0.0011688
0.4
-0.0011688
0.4
-0.00116879
0.4
-0.00116878
0.4
-0.00116879
0.4
-0.0011688
0.4
-0.00116884
0.4
-0.00116894
0.399999
-0.00116913
0.399997
-0.00116948
0.399994
-0.00117013
0.399989
-0.0011713
0.399979
-0.00117339
0.399963
-0.00117726
0.399937
-0.00118443
0.399896
-0.00119778
0.399835
0.399776
-0.000907444
0.392848
-0.00109809
0.394691
-0.00124654
0.396454
-0.00134235
0.397802
-0.00140076
0.398729
-0.00143472
0.399329
-0.00145315
0.399709
-0.00146159
0.39994
-0.0014638
0.400073
-0.00146235
0.400141
-0.00145899
0.400167
-0.00145481
0.400169
-0.00145052
0.400157
-0.00144649
0.400138
-0.00144292
0.400117
-0.00143988
0.400096
-0.00143736
0.400077
-0.00143533
0.400061
-0.00143372
0.400047
-0.00143246
0.400036
-0.00143149
0.400027
-0.00143075
0.400021
-0.00143019
0.400015
-0.00142977
0.400012
-0.00142946
0.400009
-0.00142922
0.400006
-0.00142905
0.400005
-0.00142892
0.400003
-0.00142883
0.400003
-0.00142876
0.400002
-0.00142871
0.400001
-0.00142867
0.400001
-0.00142865
0.400001
-0.00142863
0.400001
-0.00142861
0.4
-0.0014286
0.4
-0.00142859
0.4
-0.00142859
0.4
-0.00142858
0.4
-0.00142858
0.4
-0.00142858
0.4
-0.00142858
0.4
-0.00142858
0.4
-0.00142858
0.4
-0.00142857
0.4
-0.00142857
0.4
-0.00142857
0.4
-0.00142857
0.4
-0.00142857
0.4
-0.00142857
0.4
-0.00142857
0.4
-0.00142857
0.4
-0.00142857
0.4
-0.00142857
0.4
-0.00142857
0.4
-0.00142857
0.4
-0.00142857
0.4
-0.00142857
0.4
-0.00142857
0.4
-0.00142857
0.4
-0.00142857
0.4
-0.00142857
0.4
-0.00142857
0.4
-0.00142857
0.4
-0.00142857
0.4
-0.00142857
0.4
-0.00142857
0.4
-0.00142857
0.4
-0.00142857
0.4
-0.00142857
0.4
-0.00142857
0.4
-0.00142857
0.4
-0.00142857
0.4
-0.00142857
0.4
-0.00142857
0.4
-0.00142857
0.4
-0.00142857
0.4
-0.00142857
0.4
-0.00142856
0.4
-0.00142856
0.4
-0.00142856
0.4
-0.00142855
0.4
-0.00142855
0.4
-0.00142854
0.4
-0.00142853
0.4
-0.00142852
0.4
-0.00142851
0.4
-0.00142851
0.4
-0.00142853
0.4
-0.00142858
0.4
-0.00142869
0.399999
-0.00142891
0.399998
-0.00142932
0.399995
-0.00143008
0.39999
-0.00143145
0.399981
-0.0014339
0.399966
-0.00143842
0.399941
-0.00144679
0.399904
-0.00146241
0.39985
0.399801
-0.00107956
0.393066
-0.00130606
0.394917
-0.00147984
0.396628
-0.00159115
0.397914
-0.00165874
0.398797
-0.00169785
0.399368
-0.00171886
0.39973
-0.00172828
0.39995
-0.0017305
0.400075
-0.00172854
0.400139
-0.00172439
0.400163
-0.00171935
0.400164
-0.00171422
0.400152
-0.00170942
0.400133
-0.00170519
0.400112
-0.0017016
0.400092
-0.00169863
0.400074
-0.00169624
0.400058
-0.00169435
0.400045
-0.00169287
0.400035
-0.00169173
0.400026
-0.00169086
0.40002
-0.00169021
0.400015
-0.00168971
0.400011
-0.00168935
0.400008
-0.00168907
0.400006
-0.00168887
0.400004
-0.00168872
0.400003
-0.00168861
0.400002
-0.00168853
0.400002
-0.00168847
0.400001
-0.00168843
0.400001
-0.0016884
0.400001
-0.00168837
0.4
-0.00168836
0.4
-0.00168834
0.4
-0.00168834
0.4
-0.00168833
0.4
-0.00168833
0.4
-0.00168832
0.4
-0.00168832
0.4
-0.00168832
0.4
-0.00168832
0.4
-0.00168831
0.4
-0.00168831
0.4
-0.00168831
0.4
-0.00168831
0.4
-0.00168831
0.4
-0.00168831
0.4
-0.00168831
0.4
-0.00168831
0.4
-0.00168831
0.4
-0.00168831
0.4
-0.00168831
0.4
-0.00168831
0.4
-0.00168831
0.4
-0.00168831
0.4
-0.00168831
0.4
-0.00168831
0.4
-0.00168831
0.4
-0.00168831
0.4
-0.00168831
0.4
-0.00168831
0.4
-0.00168831
0.4
-0.00168831
0.4
-0.00168831
0.4
-0.00168831
0.4
-0.00168831
0.4
-0.00168831
0.4
-0.00168831
0.4
-0.00168831
0.4
-0.00168831
0.4
-0.00168831
0.4
-0.00168831
0.4
-0.00168831
0.4
-0.00168831
0.4
-0.00168831
0.4
-0.0016883
0.4
-0.0016883
0.4
-0.0016883
0.4
-0.00168829
0.4
-0.00168829
0.4
-0.00168828
0.4
-0.00168827
0.4
-0.00168826
0.4
-0.00168825
0.4
-0.00168824
0.4
-0.00168824
0.4
-0.00168825
0.4
-0.00168831
0.4
-0.00168843
0.399999
-0.00168867
0.399998
-0.00168914
0.399995
-0.00168999
0.39999
-0.00169153
0.399982
-0.00169427
0.399968
-0.00169933
0.399946
-0.00170867
0.399913
-0.00172615
0.399868
0.399828
-0.00125581
0.393325
-0.0015184
0.39518
-0.00171649
0.396826
-0.00184231
0.39804
-0.00191835
0.398873
-0.00196208
0.399412
-0.0019853
0.399754
-0.00199542
0.39996
-0.00199747
0.400077
-0.00199486
0.400136
-0.00198985
0.400158
-0.0019839
0.400158
-0.00197789
0.400146
-0.00197232
0.400127
-0.00196742
0.400107
-0.00196327
0.400088
-0.00195986
0.400071
-0.00195711
0.400056
-0.00195494
0.400043
-0.00195325
0.400033
-0.00195195
0.400025
-0.00195095
0.400019
-0.00195021
0.400014
-0.00194964
0.40001
-0.00194923
0.400008
-0.00194891
0.400006
-0.00194868
0.400004
-0.00194851
0.400003
-0.00194839
0.400002
-0.0019483
0.400002
-0.00194823
0.400001
-0.00194818
0.400001
-0.00194815
0.400001
-0.00194812
0.4
-0.0019481
0.4
-0.00194809
0.4
-0.00194808
0.4
-0.00194807
0.4
-0.00194806
0.4
-0.00194806
0.4
-0.00194806
0.4
-0.00194805
0.4
-0.00194805
0.4
-0.00194805
0.4
-0.00194805
0.4
-0.00194805
0.4
-0.00194805
0.4
-0.00194805
0.4
-0.00194805
0.4
-0.00194805
0.4
-0.00194805
0.4
-0.00194805
0.4
-0.00194805
0.4
-0.00194805
0.4
-0.00194805
0.4
-0.00194805
0.4
-0.00194805
0.4
-0.00194805
0.4
-0.00194805
0.4
-0.00194805
0.4
-0.00194805
0.4
-0.00194805
0.4
-0.00194805
0.4
-0.00194805
0.4
-0.00194805
0.4
-0.00194805
0.4
-0.00194805
0.4
-0.00194805
0.4
-0.00194805
0.4
-0.00194805
0.4
-0.00194805
0.4
-0.00194805
0.4
-0.00194805
0.4
-0.00194805
0.4
-0.00194805
0.4
-0.00194804
0.4
-0.00194804
0.4
-0.00194804
0.4
-0.00194804
0.4
-0.00194803
0.4
-0.00194803
0.4
-0.00194802
0.4
-0.00194801
0.4
-0.001948
0.4
-0.00194799
0.4
-0.00194798
0.4
-0.00194796
0.4
-0.00194796
0.4
-0.00194798
0.4
-0.00194803
0.4
-0.00194816
0.4
-0.00194842
0.399998
-0.00194892
0.399996
-0.00194985
0.399991
-0.00195151
0.399984
-0.00195448
0.399971
-0.00195994
0.399952
-0.00197001
0.399923
-0.00198886
0.399887
0.399858
-0.00143733
0.39363
-0.00173595
0.395478
-0.00195701
0.397047
-0.00209617
0.398179
-0.0021798
0.398956
-0.00222757
0.39946
-0.00225254
0.399779
-0.00226307
0.39997
-0.00226473
0.400079
-0.00226132
0.400133
-0.00225536
0.400152
-0.00224845
0.400151
-0.00224154
0.400139
-0.00223517
0.400121
-0.0022296
0.400102
-0.0022249
0.400083
-0.00222104
0.400067
-0.00221795
0.400052
-0.0022155
0.400041
-0.0022136
0.400031
-0.00221214
0.400024
-0.00221103
0.400018
-0.00221019
0.400013
-0.00220956
0.40001
-0.00220909
0.400007
-0.00220874
0.400005
-0.00220849
0.400004
-0.0022083
0.400003
-0.00220816
0.400002
-0.00220806
0.400002
-0.00220798
0.400001
-0.00220793
0.400001
-0.00220789
0.400001
-0.00220786
0.4
-0.00220784
0.4
-0.00220782
0.4
-0.00220781
0.4
-0.0022078
0.4
-0.0022078
0.4
-0.00220779
0.4
-0.00220779
0.4
-0.00220779
0.4
-0.00220778
0.4
-0.00220778
0.4
-0.00220778
0.4
-0.00220778
0.4
-0.00220778
0.4
-0.00220778
0.4
-0.00220778
0.4
-0.00220778
0.4
-0.00220778
0.4
-0.00220778
0.4
-0.00220778
0.4
-0.00220778
0.4
-0.00220778
0.4
-0.00220778
0.4
-0.00220778
0.4
-0.00220778
0.4
-0.00220778
0.4
-0.00220778
0.4
-0.00220778
0.4
-0.00220778
0.4
-0.00220778
0.4
-0.00220778
0.4
-0.00220778
0.4
-0.00220778
0.4
-0.00220778
0.4
-0.00220778
0.4
-0.00220778
0.4
-0.00220778
0.4
-0.00220778
0.4
-0.00220778
0.4
-0.00220778
0.4
-0.00220778
0.4
-0.00220777
0.4
-0.00220777
0.4
-0.00220777
0.4
-0.00220777
0.4
-0.00220777
0.4
-0.00220776
0.4
-0.00220776
0.4
-0.00220775
0.4
-0.00220774
0.4
-0.00220773
0.4
-0.00220771
0.4
-0.0022077
0.4
-0.00220768
0.4
-0.00220768
0.4
-0.00220769
0.4
-0.00220774
0.4
-0.00220787
0.4
-0.00220814
0.399998
-0.00220867
0.399996
-0.00220965
0.399992
-0.0022114
0.399986
-0.00221452
0.399974
-0.00222024
0.399957
-0.00223075
0.399934
-0.00225043
0.399906
0.399889
-0.00162545
0.393983
-0.00195959
0.395812
-0.00220191
0.397289
-0.00235305
0.39833
-0.00244331
0.399047
-0.00249443
0.399511
-0.00252068
0.399805
-0.00253126
0.399981
-0.00253229
0.40008
-0.00252794
0.400128
-0.00252092
0.400145
-0.00251297
0.400143
-0.00250513
0.400131
-0.00249796
0.400114
-0.00249171
0.400096
-0.00248646
0.400078
-0.00248216
0.400062
-0.00247872
0.400049
-0.00247601
0.400038
-0.0024739
0.400029
-0.00247229
0.400022
-0.00247106
0.400017
-0.00247014
0.400012
-0.00246945
0.400009
-0.00246893
0.400007
-0.00246855
0.400005
-0.00246827
0.400004
-0.00246806
0.400003
-0.00246791
0.400002
-0.00246779
0.400001
-0.00246771
0.400001
-0.00246765
0.400001
-0.00246761
0.400001
-0.00246758
0.4
-0.00246755
0.4
-0.00246754
0.4
-0.00246752
0.4
-0.00246751
0.4
-0.00246751
0.4
-0.0024675
0.4
-0.0024675
0.4
-0.0024675
0.4
-0.00246749
0.4
-0.00246749
0.4
-0.00246749
0.4
-0.00246749
0.4
-0.00246749
0.4
-0.00246749
0.4
-0.00246749
0.4
-0.00246749
0.4
-0.00246749
0.4
-0.00246749
0.4
-0.00246749
0.4
-0.00246749
0.4
-0.00246749
0.4
-0.00246749
0.4
-0.00246749
0.4
-0.00246749
0.4
-0.00246749
0.4
-0.00246749
0.4
-0.00246749
0.4
-0.00246749
0.4
-0.00246749
0.4
-0.00246749
0.4
-0.00246749
0.4
-0.00246749
0.4
-0.00246749
0.4
-0.00246749
0.4
-0.00246749
0.4
-0.00246749
0.4
-0.00246749
0.4
-0.00246749
0.4
-0.00246749
0.4
-0.00246749
0.4
-0.00246748
0.4
-0.00246748
0.4
-0.00246748
0.4
-0.00246748
0.4
-0.00246747
0.4
-0.00246747
0.4
-0.00246746
0.4
-0.00246745
0.4
-0.00246744
0.4
-0.00246743
0.4
-0.00246741
0.4
-0.0024674
0.4
-0.00246738
0.4
-0.00246737
0.4
-0.00246738
0.4
-0.00246743
0.4
-0.00246755
0.4
-0.00246783
0.399999
-0.00246837
0.399997
-0.00246937
0.399993
-0.00247117
0.399987
-0.00247437
0.399978
-0.0024802
0.399963
-0.00249085
0.399944
-0.00251074
0.399926
0.39992
-0.00182183
0.39439
-0.00219023
0.396181
-0.00245167
0.397551
-0.00261325
0.398491
-0.00270904
0.399143
-0.00276277
0.399564
-0.00278975
0.399832
-0.0028
0.399991
-0.00280014
0.40008
-0.00279466
0.400123
-0.00278648
0.400137
-0.00277744
0.400134
-0.00276863
0.400122
-0.00276063
0.400106
-0.0027537
0.400089
-0.00274789
0.400072
-0.00274317
0.400058
-0.00273939
0.400045
-0.00273642
0.400035
-0.00273412
0.400027
-0.00273235
0.40002
-0.00273102
0.400015
-0.00273002
0.400011
-0.00272926
0.400008
-0.0027287
0.400006
-0.00272829
0.400005
-0.00272798
0.400003
-0.00272776
0.400002
-0.00272759
0.400002
-0.00272747
0.400001
-0.00272738
0.400001
-0.00272732
0.400001
-0.00272727
0.400001
-0.00272723
0.4
-0.00272721
0.4
-0.00272719
0.4
-0.00272718
0.4
-0.00272717
0.4
-0.00272716
0.4
-0.00272716
0.4
-0.00272715
0.4
-0.00272715
0.4
-0.00272715
0.4
-0.00272715
0.4
-0.00272714
0.4
-0.00272714
0.4
-0.00272714
0.4
-0.00272714
0.4
-0.00272714
0.4
-0.00272714
0.4
-0.00272714
0.4
-0.00272714
0.4
-0.00272714
0.4
-0.00272714
0.4
-0.00272714
0.4
-0.00272714
0.4
-0.00272714
0.4
-0.00272714
0.4
-0.00272714
0.4
-0.00272714
0.4
-0.00272714
0.4
-0.00272714
0.4
-0.00272714
0.4
-0.00272714
0.4
-0.00272714
0.4
-0.00272714
0.4
-0.00272714
0.4
-0.00272714
0.4
-0.00272714
0.4
-0.00272714
0.4
-0.00272714
0.4
-0.00272714
0.4
-0.00272714
0.4
-0.00272714
0.4
-0.00272714
0.4
-0.00272713
0.4
-0.00272713
0.4
-0.00272713
0.4
-0.00272713
0.4
-0.00272712
0.4
-0.00272711
0.4
-0.0027271
0.4
-0.00272709
0.4
-0.00272708
0.4
-0.00272706
0.4
-0.00272704
0.4
-0.00272702
0.4
-0.002727
0.4
-0.002727
0.4
-0.00272705
0.4
-0.00272717
0.4
-0.00272744
0.399999
-0.00272797
0.399997
-0.00272897
0.399994
-0.00273078
0.399989
-0.00273398
0.399981
-0.00273977
0.399969
-0.00275024
0.399955
-0.0027697
0.399946
0.39995
-0.00202837
0.394858
-0.00242877
0.396581
-0.0027067
0.397829
-0.00287695
0.398662
-0.00297708
0.399243
-0.00303258
0.39962
-0.00305968
0.399859
-0.00306919
0.400001
-0.00306816
0.400079
-0.00306138
0.400116
-0.00305192
0.400128
-0.00304172
0.400124
-0.0030319
0.400112
-0.00302305
0.400097
-0.00301544
0.400081
-0.00300909
0.400066
-0.00300394
0.400052
-0.00299983
0.400041
-0.00299661
0.400032
-0.00299412
0.400024
-0.00299222
0.400018
-0.00299078
0.400014
-0.0029897
0.40001
-0.00298889
0.400008
-0.00298829
0.400006
-0.00298785
0.400004
-0.00298752
0.400003
-0.00298728
0.400002
-0.0029871
0.400002
-0.00298697
0.400001
-0.00298687
0.400001
-0.0029868
0.400001
-0.00298675
0.4
-0.00298672
0.4
-0.00298669
0.4
-0.00298667
0.4
-0.00298666
0.4
-0.00298665
0.4
-0.00298664
0.4
-0.00298663
0.4
-0.00298663
0.4
-0.00298662
0.4
-0.00298662
0.4
-0.00298662
0.4
-0.00298662
0.4
-0.00298662
0.4
-0.00298662
0.4
-0.00298662
0.4
-0.00298662
0.4
-0.00298662
0.4
-0.00298662
0.4
-0.00298662
0.4
-0.00298662
0.4
-0.00298662
0.4
-0.00298662
0.4
-0.00298662
0.4
-0.00298662
0.4
-0.00298662
0.4
-0.00298662
0.4
-0.00298662
0.4
-0.00298662
0.4
-0.00298662
0.4
-0.00298662
0.4
-0.00298662
0.4
-0.00298662
0.4
-0.00298662
0.4
-0.00298662
0.4
-0.00298662
0.4
-0.00298662
0.4
-0.00298662
0.4
-0.00298662
0.4
-0.00298661
0.4
-0.00298661
0.4
-0.00298661
0.4
-0.00298661
0.4
-0.00298661
0.4
-0.00298661
0.4
-0.0029866
0.4
-0.0029866
0.4
-0.00298659
0.4
-0.00298659
0.4
-0.00298658
0.4
-0.00298656
0.4
-0.00298655
0.4
-0.00298653
0.4
-0.0029865
0.4
-0.00298648
0.4
-0.00298646
0.4
-0.00298645
0.4
-0.00298649
0.4
-0.0029866
0.4
-0.00298685
0.399999
-0.00298737
0.399998
-0.00298835
0.399995
-0.00299012
0.399991
-0.00299325
0.399984
-0.00299883
0.399975
-0.0030088
0.399965
-0.00302713
0.399964
0.399978
-0.00224714
0.39539
-0.00267592
0.39701
-0.00296714
0.39812
-0.0031441
0.398839
-0.00324723
0.399346
-0.00330359
0.399676
-0.0033302
0.399886
-0.00333852
0.400009
-0.00333603
0.400076
-0.00332775
0.400108
-0.00331689
0.400117
-0.00330546
0.400113
-0.00329458
0.400102
-0.00328488
0.400087
-0.00327657
0.400073
-0.00326969
0.400059
-0.00326411
0.400047
-0.00325969
0.400037
-0.00325623
0.400028
-0.00325356
0.400022
-0.00325153
0.400016
-0.00324999
0.400012
-0.00324884
0.400009
-0.00324798
0.400007
-0.00324734
0.400005
-0.00324687
0.400004
-0.00324652
0.400003
-0.00324626
0.400002
-0.00324608
0.400001
-0.00324594
0.400001
-0.00324584
0.400001
-0.00324576
0.400001
-0.00324571
0.4
-0.00324567
0.4
-0.00324564
0.4
-0.00324562
0.4
-0.00324561
0.4
-0.00324559
0.4
-0.00324559
0.4
-0.00324558
0.4
-0.00324558
0.4
-0.00324557
0.4
-0.00324557
0.4
-0.00324557
0.4
-0.00324557
0.4
-0.00324557
0.4
-0.00324557
0.4
-0.00324557
0.4
-0.00324557
0.4
-0.00324557
0.4
-0.00324556
0.4
-0.00324556
0.4
-0.00324556
0.4
-0.00324556
0.4
-0.00324556
0.4
-0.00324556
0.4
-0.00324556
0.4
-0.00324556
0.4
-0.00324556
0.4
-0.00324556
0.4
-0.00324556
0.4
-0.00324556
0.4
-0.00324556
0.4
-0.00324556
0.4
-0.00324556
0.4
-0.00324556
0.4
-0.00324556
0.4
-0.00324556
0.4
-0.00324556
0.4
-0.00324556
0.4
-0.00324556
0.4
-0.00324556
0.4
-0.00324556
0.4
-0.00324556
0.4
-0.00324556
0.4
-0.00324556
0.4
-0.00324555
0.4
-0.00324555
0.4
-0.00324555
0.4
-0.00324554
0.4
-0.00324553
0.4
-0.00324552
0.4
-0.00324551
0.4
-0.00324549
0.4
-0.00324547
0.4
-0.00324544
0.4
-0.00324541
0.4
-0.00324538
0.4
-0.00324537
0.4
-0.00324539
0.4
-0.00324549
0.4
-0.00324572
0.4
-0.00324621
0.399998
-0.00324714
0.399996
-0.00324884
0.399993
-0.00325182
0.399987
-0.00325706
0.39998
-0.00326622
0.399974
-0.00328268
0.399981
0.400003
-0.00247992
0.395993
-0.00293178
0.397462
-0.00323245
0.398421
-0.0034139
0.39902
-0.00351859
0.39945
-0.00357484
0.399733
-0.00360026
0.399911
-0.00360694
0.400016
-0.00360268
0.400072
-0.0035927
0.400098
-0.00358032
0.400104
-0.00356757
0.4001
-0.00355562
0.40009
-0.00354504
0.400077
-0.00353604
0.400064
-0.00352862
0.400052
-0.00352264
0.400041
-0.0035179
0.400032
-0.00351422
0.400025
-0.00351138
0.400019
-0.00350923
0.400014
-0.0035076
0.400011
-0.00350638
0.400008
-0.00350547
0.400006
-0.0035048
0.400004
-0.0035043
0.400003
-0.00350393
0.400002
-0.00350366
0.400002
-0.00350347
0.400001
-0.00350332
0.400001
-0.00350322
0.400001
-0.00350314
0.4
-0.00350308
0.4
-0.00350304
0.4
-0.00350301
0.4
-0.00350299
0.4
-0.00350297
0.4
-0.00350296
0.4
-0.00350295
0.4
-0.00350295
0.4
-0.00350294
0.4
-0.00350294
0.4
-0.00350294
0.4
-0.00350293
0.4
-0.00350293
0.4
-0.00350293
0.4
-0.00350293
0.4
-0.00350293
0.4
-0.00350293
0.4
-0.00350293
0.4
-0.00350293
0.4
-0.00350293
0.4
-0.00350293
0.4
-0.00350293
0.4
-0.00350293
0.4
-0.00350293
0.4
-0.00350293
0.4
-0.00350293
0.4
-0.00350293
0.4
-0.00350293
0.4
-0.00350293
0.4
-0.00350293
0.4
-0.00350293
0.4
-0.00350293
0.4
-0.00350293
0.4
-0.00350293
0.4
-0.00350293
0.4
-0.00350293
0.4
-0.00350293
0.4
-0.00350293
0.4
-0.00350293
0.4
-0.00350293
0.4
-0.00350293
0.4
-0.00350292
0.4
-0.00350292
0.4
-0.00350292
0.4
-0.00350292
0.4
-0.00350291
0.4
-0.00350291
0.4
-0.0035029
0.4
-0.00350289
0.4
-0.00350288
0.4
-0.00350287
0.4
-0.00350285
0.4
-0.00350282
0.4
-0.00350279
0.4
-0.00350276
0.4
-0.00350273
0.4
-0.0035027
0.4
-0.00350271
0.4
-0.00350278
0.4
-0.00350299
0.4
-0.00350343
0.399999
-0.00350429
0.399997
-0.00350588
0.399994
-0.00350866
0.39999
-0.00351342
0.399985
-0.00352148
0.399982
-0.00353532
0.399994
0.400024
-0.00272679
0.396667
-0.00319445
0.39793
-0.00349992
0.398726
-0.00368336
0.399204
-0.00378808
0.399555
-0.0038432
0.399788
-0.00386674
0.399934
-0.00387129
0.40002
-0.00386493
0.400066
-0.00385305
0.400086
-0.00383902
0.40009
-0.0038249
0.400086
-0.00381182
0.400076
-0.00380035
0.400065
-0.00379066
0.400054
-0.00378271
0.400044
-0.00377633
0.400035
-0.00377131
0.400027
-0.0037674
0.400021
-0.00376441
0.400016
-0.00376214
0.400012
-0.00376043
0.400009
-0.00375915
0.400007
-0.0037582
0.400005
-0.00375749
0.400004
-0.00375697
0.400003
-0.00375659
0.400002
-0.00375631
0.400001
-0.0037561
0.400001
-0.00375595
0.400001
-0.00375584
0.400001
-0.00375576
0.4
-0.0037557
0.4
-0.00375566
0.4
-0.00375563
0.4
-0.0037556
0.4
-0.00375559
0.4
-0.00375558
0.4
-0.00375557
0.4
-0.00375556
0.4
-0.00375556
0.4
-0.00375555
0.4
-0.00375555
0.4
-0.00375555
0.4
-0.00375555
0.4
-0.00375555
0.4
-0.00375554
0.4
-0.00375554
0.4
-0.00375554
0.4
-0.00375554
0.4
-0.00375554
0.4
-0.00375554
0.4
-0.00375554
0.4
-0.00375554
0.4
-0.00375554
0.4
-0.00375554
0.4
-0.00375554
0.4
-0.00375554
0.4
-0.00375554
0.4
-0.00375554
0.4
-0.00375554
0.4
-0.00375554
0.4
-0.00375554
0.4
-0.00375554
0.4
-0.00375554
0.4
-0.00375554
0.4
-0.00375554
0.4
-0.00375554
0.4
-0.00375554
0.4
-0.00375554
0.4
-0.00375554
0.4
-0.00375554
0.4
-0.00375554
0.4
-0.00375554
0.4
-0.00375554
0.4
-0.00375553
0.4
-0.00375553
0.4
-0.00375553
0.4
-0.00375552
0.4
-0.00375552
0.4
-0.00375551
0.4
-0.00375549
0.4
-0.00375548
0.4
-0.00375546
0.4
-0.00375543
0.4
-0.0037554
0.4
-0.00375536
0.4
-0.00375532
0.4
-0.00375528
0.4
-0.00375527
0.4
-0.00375532
0.4
-0.00375549
0.4
-0.00375587
0.399999
-0.00375665
0.399998
-0.0037581
0.399996
-0.00376061
0.399992
-0.0037648
0.399989
-0.00377148
0.399989
-0.00378196
0.400005
0.400038
-0.00298178
0.397407
-0.00345591
0.398404
-0.00376042
0.399031
-0.00394308
0.399386
-0.00404622
0.399658
-0.00409914
0.399841
-0.00412008
0.399955
-0.00412202
0.400022
-0.00411325
0.400057
-0.00409927
0.400072
-0.00408347
0.400075
-0.0040679
0.40007
-0.00405367
0.400062
-0.0040413
0.400053
-0.00403093
0.400044
-0.00402246
0.400035
-0.0040157
0.400028
-0.00401039
0.400022
-0.00400628
0.400017
-0.00400314
0.400013
-0.00400077
0.400009
-0.00399898
0.400007
-0.00399765
0.400005
-0.00399666
0.400004
-0.00399593
0.400003
-0.00399539
0.400002
-0.00399499
0.400002
-0.0039947
0.400001
-0.00399448
0.400001
-0.00399433
0.400001
-0.00399421
0.4
-0.00399413
0.4
-0.00399407
0.4
-0.00399402
0.4
-0.00399399
0.4
-0.00399397
0.4
-0.00399395
0.4
-0.00399394
0.4
-0.00399393
0.4
-0.00399392
0.4
-0.00399392
0.4
-0.00399391
0.4
-0.00399391
0.4
-0.00399391
0.4
-0.00399391
0.4
-0.00399391
0.4
-0.00399391
0.4
-0.00399391
0.4
-0.00399391
0.4
-0.00399391
0.4
-0.0039939
0.4
-0.0039939
0.4
-0.0039939
0.4
-0.0039939
0.4
-0.0039939
0.4
-0.0039939
0.4
-0.0039939
0.4
-0.0039939
0.4
-0.0039939
0.4
-0.0039939
0.4
-0.0039939
0.4
-0.0039939
0.4
-0.0039939
0.4
-0.0039939
0.4
-0.0039939
0.4
-0.0039939
0.4
-0.0039939
0.4
-0.0039939
0.4
-0.0039939
0.4
-0.0039939
0.4
-0.0039939
0.4
-0.0039939
0.4
-0.0039939
0.4
-0.0039939
0.4
-0.0039939
0.4
-0.0039939
0.4
-0.00399389
0.4
-0.00399389
0.4
-0.00399388
0.4
-0.00399388
0.4
-0.00399387
0.4
-0.00399385
0.4
-0.00399384
0.4
-0.00399381
0.4
-0.00399378
0.4
-0.00399375
0.4
-0.0039937
0.4
-0.00399366
0.4
-0.00399361
0.4
-0.00399358
0.4
-0.0039936
0.4
-0.00399372
0.4
-0.00399404
0.4
-0.00399471
0.399999
-0.00399599
0.399997
-0.00399821
0.399995
-0.00400175
0.399992
-0.00400686
0.399994
-0.00401327
0.400011
0.400045
-0.00322
0.398192
-0.00368938
0.398873
-0.00398566
0.399327
-0.00416442
0.399565
-0.00426437
0.399758
-0.00431403
0.39989
-0.00433169
0.399973
-0.00433054
0.400021
-0.00431906
0.400045
-0.00430279
0.400056
-0.0042851
0.400057
-0.00426803
0.400053
-0.00425263
0.400047
-0.00423936
0.40004
-0.00422831
0.400033
-0.00421934
0.400026
-0.00421221
0.400021
-0.00420664
0.400016
-0.00420235
0.400012
-0.00419907
0.400009
-0.0041966
0.400007
-0.00419475
0.400005
-0.00419337
0.400004
-0.00419235
0.400003
-0.00419159
0.400002
-0.00419103
0.400002
-0.00419063
0.400001
-0.00419033
0.400001
-0.00419011
0.400001
-0.00418995
0.4
-0.00418983
0.4
-0.00418974
0.4
-0.00418968
0.4
-0.00418963
0.4
-0.0041896
0.4
-0.00418958
0.4
-0.00418956
0.4
-0.00418955
0.4
-0.00418954
0.4
-0.00418953
0.4
-0.00418952
0.4
-0.00418952
0.4
-0.00418952
0.4
-0.00418952
0.4
-0.00418951
0.4
-0.00418951
0.4
-0.00418951
0.4
-0.00418951
0.4
-0.00418951
0.4
-0.00418951
0.4
-0.00418951
0.4
-0.00418951
0.4
-0.00418951
0.4
-0.00418951
0.4
-0.00418951
0.4
-0.00418951
0.4
-0.00418951
0.4
-0.00418951
0.4
-0.00418951
0.4
-0.00418951
0.4
-0.00418951
0.4
-0.00418951
0.4
-0.00418951
0.4
-0.00418951
0.4
-0.00418951
0.4
-0.00418951
0.4
-0.00418951
0.4
-0.00418951
0.4
-0.00418951
0.4
-0.00418951
0.4
-0.00418951
0.4
-0.00418951
0.4
-0.00418951
0.4
-0.00418951
0.4
-0.0041895
0.4
-0.0041895
0.4
-0.0041895
0.4
-0.0041895
0.4
-0.00418949
0.4
-0.00418948
0.4
-0.00418947
0.4
-0.00418946
0.4
-0.00418944
0.4
-0.00418942
0.4
-0.00418938
0.4
-0.00418935
0.4
-0.0041893
0.4
-0.00418924
0.4
-0.00418918
0.4
-0.00418913
0.4
-0.00418912
0.4
-0.00418918
0.4
-0.00418943
0.4
-0.00418998
0.399999
-0.00419107
0.399998
-0.00419298
0.399996
-0.00419583
0.399995
-0.00419928
0.399997
-0.00420113
0.400013
0.400043
-0.0033595
0.39897
-0.00381149
0.399325
-0.00408992
0.399605
-0.00426134
0.399736
-0.00435657
0.399853
-0.00440194
0.399936
-0.00441568
0.399987
-0.00441103
0.400016
-0.0043966
0.400031
-0.0043779
0.400037
-0.00435828
0.400037
-0.00433968
0.400034
-0.00432311
0.40003
-0.00430896
0.400026
-0.00429726
0.400021
-0.00428782
0.400017
-0.00428035
0.400013
-0.00427454
0.40001
-0.00427008
0.400008
-0.00426668
0.400006
-0.00426413
0.400004
-0.00426222
0.400003
-0.0042608
0.400002
-0.00425975
0.400002
-0.00425898
0.400001
-0.00425841
0.400001
-0.00425799
0.400001
-0.00425768
0.400001
-0.00425746
0.4
-0.00425729
0.4
-0.00425717
0.4
-0.00425709
0.4
-0.00425702
0.4
-0.00425698
0.4
-0.00425694
0.4
-0.00425692
0.4
-0.0042569
0.4
-0.00425689
0.4
-0.00425688
0.4
-0.00425687
0.4
-0.00425686
0.4
-0.00425686
0.4
-0.00425686
0.4
-0.00425686
0.4
-0.00425685
0.4
-0.00425685
0.4
-0.00425685
0.4
-0.00425685
0.4
-0.00425685
0.4
-0.00425685
0.4
-0.00425685
0.4
-0.00425685
0.4
-0.00425685
0.4
-0.00425685
0.4
-0.00425685
0.4
-0.00425685
0.4
-0.00425685
0.4
-0.00425685
0.4
-0.00425685
0.4
-0.00425685
0.4
-0.00425685
0.4
-0.00425685
0.4
-0.00425685
0.4
-0.00425685
0.4
-0.00425685
0.4
-0.00425685
0.4
-0.00425685
0.4
-0.00425685
0.4
-0.00425685
0.4
-0.00425685
0.4
-0.00425685
0.4
-0.00425685
0.4
-0.00425685
0.4
-0.00425685
0.4
-0.00425684
0.4
-0.00425684
0.4
-0.00425684
0.4
-0.00425684
0.4
-0.00425683
0.4
-0.00425682
0.4
-0.00425681
0.4
-0.0042568
0.4
-0.00425678
0.4
-0.00425675
0.4
-0.00425672
0.4
-0.00425668
0.4
-0.00425662
0.4
-0.00425656
0.4
-0.00425648
0.4
-0.00425641
0.4
-0.00425636
0.4
-0.00425638
0.4
-0.00425653
0.4
-0.00425696
0.4
-0.00425785
0.399999
-0.00425944
0.399998
-0.00426164
0.399997
-0.00426352
0.399999
-0.00426085
0.40001
0.400033
-0.00314921
0.399647
-0.00356655
0.399742
-0.00381543
0.399854
-0.00397577
0.399897
-0.00406496
0.399943
-0.00410507
0.399976
-0.00411445
0.399996
-0.00410607
0.400008
-0.00408865
0.400014
-0.00406754
0.400016
-0.00404605
0.400016
-0.00402601
0.400014
-0.00400836
0.400013
-0.00399341
0.400011
-0.00398113
0.400009
-0.00397128
0.400007
-0.00396352
0.400005
-0.00395751
0.400004
-0.00395291
0.400003
-0.00394943
0.400002
-0.00394681
0.400002
-0.00394486
0.400001
-0.00394341
0.400001
-0.00394234
0.400001
-0.00394155
0.400001
-0.00394097
0.4
-0.00394055
0.4
-0.00394023
0.4
-0.00394001
0.4
-0.00393984
0.4
-0.00393972
0.4
-0.00393963
0.4
-0.00393957
0.4
-0.00393952
0.4
-0.00393948
0.4
-0.00393946
0.4
-0.00393944
0.4
-0.00393943
0.4
-0.00393942
0.4
-0.00393941
0.4
-0.00393941
0.4
-0.0039394
0.4
-0.0039394
0.4
-0.0039394
0.4
-0.00393939
0.4
-0.00393939
0.4
-0.00393939
0.4
-0.00393939
0.4
-0.00393939
0.4
-0.00393939
0.4
-0.00393939
0.4
-0.00393939
0.4
-0.00393939
0.4
-0.00393939
0.4
-0.00393939
0.4
-0.00393939
0.4
-0.00393939
0.4
-0.00393939
0.4
-0.00393939
0.4
-0.00393939
0.4
-0.00393939
0.4
-0.00393939
0.4
-0.00393939
0.4
-0.00393939
0.4
-0.00393939
0.4
-0.00393939
0.4
-0.00393939
0.4
-0.00393939
0.4
-0.00393939
0.4
-0.00393939
0.4
-0.00393939
0.4
-0.00393939
0.4
-0.00393939
0.4
-0.00393939
0.4
-0.00393938
0.4
-0.00393938
0.4
-0.00393938
0.4
-0.00393938
0.4
-0.00393937
0.4
-0.00393936
0.4
-0.00393935
0.4
-0.00393934
0.4
-0.00393932
0.4
-0.00393929
0.4
-0.00393926
0.4
-0.00393921
0.4
-0.00393915
0.4
-0.00393908
0.4
-0.00393899
0.4
-0.0039389
0.4
-0.00393881
0.4
-0.00393877
0.4
-0.00393884
0.4
-0.00393914
0.4
-0.00393983
0.4
-0.0039411
0.399999
-0.00394273
0.399999
-0.00394341
0.4
-0.00393758
0.400005
0.400015
-0.00200397
-0.00226157
-0.00240732
-0.00251054
-0.00256786
-0.00259217
-0.00259598
-0.00258807
-0.00257444
-0.00255867
-0.00254296
-0.0025285
-0.00251588
-0.00250527
-0.00249661
-0.00248968
-0.00248426
-0.00248007
-0.00247687
-0.00247445
-0.00247264
-0.00247129
-0.00247029
-0.00246955
-0.00246901
-0.00246861
-0.00246832
-0.00246811
-0.00246795
-0.00246784
-0.00246776
-0.0024677
-0.00246765
-0.00246762
-0.0024676
-0.00246758
-0.00246757
-0.00246756
-0.00246755
-0.00246754
-0.00246754
-0.00246754
-0.00246754
-0.00246753
-0.00246753
-0.00246753
-0.00246753
-0.00246753
-0.00246753
-0.00246753
-0.00246753
-0.00246753
-0.00246753
-0.00246753
-0.00246753
-0.00246753
-0.00246753
-0.00246753
-0.00246753
-0.00246753
-0.00246753
-0.00246753
-0.00246753
-0.00246753
-0.00246753
-0.00246753
-0.00246753
-0.00246753
-0.00246753
-0.00246753
-0.00246753
-0.00246753
-0.00246753
-0.00246753
-0.00246753
-0.00246753
-0.00246752
-0.00246752
-0.00246752
-0.00246751
-0.0024675
-0.00246749
-0.00246748
-0.00246746
-0.00246744
-0.0024674
-0.00246736
-0.00246731
-0.00246724
-0.00246717
-0.00246709
-0.00246703
-0.00246703
-0.00246716
-0.00246753
-0.00246825
-0.00246914
-0.00246921
-0.00246458
)
;

boundaryField
{
    inlet
    {
        type            calculated;
        value           nonuniform List<scalar> 
40
(
-0.00165133
-0.00247197
-0.00258095
-0.00243508
-0.00224193
-0.00205283
-0.00187736
-0.00171448
-0.00156106
-0.00141432
-0.0012722
-0.00113327
-0.000996593
-0.000861495
-0.000727526
-0.000594365
-0.000461777
-0.000329588
-0.00019766
-6.58801e-05
6.5852e-05
0.000197632
0.000329561
0.000461751
0.00059434
0.000727504
0.000861474
0.000996574
0.00113326
0.00127218
0.00141431
0.00156106
0.00171447
0.00187736
0.00205283
0.00224194
0.00243508
0.00258095
0.00247198
0.00165133
)
;
    }
    outlet
    {
        type            calculated;
        value           nonuniform List<scalar> 
40
(
0.00244968
0.00391966
0.00425045
0.00419958
0.00402012
0.00379616
0.0035556
0.00330768
0.00305547
0.00280006
0.0025419
0.00228127
0.0020184
0.0017535
0.00148683
0.00121862
0.000949147
0.000678679
0.000407495
0.00013588
-0.000135879
-0.000407494
-0.000678678
-0.000949147
-0.00121862
-0.00148683
-0.0017535
-0.0020184
-0.00228127
-0.0025419
-0.00280006
-0.00305547
-0.00330768
-0.0035556
-0.00379616
-0.00402012
-0.00419958
-0.00425045
-0.00391966
-0.00244968
)
;
    }
    lowerWall
    {
        type            calculated;
        value           nonuniform List<scalar> 
100
(
-0.4
-0.4
-0.4
-0.4
-0.4
-0.4
-0.4
-0.4
-0.4
-0.4
-0.4
-0.4
-0.4
-0.4
-0.4
-0.4
-0.4
-0.4
-0.4
-0.4
-0.4
-0.4
-0.4
-0.4
-0.4
-0.4
-0.4
-0.4
-0.4
-0.4
-0.4
-0.4
-0.4
-0.4
-0.4
-0.4
-0.4
-0.4
-0.4
-0.4
-0.4
-0.4
-0.4
-0.4
-0.4
-0.4
-0.4
-0.4
-0.4
-0.4
-0.4
-0.4
-0.4
-0.4
-0.4
-0.4
-0.4
-0.4
-0.4
-0.4
-0.4
-0.4
-0.4
-0.4
-0.4
-0.4
-0.4
-0.4
-0.4
-0.4
-0.4
-0.4
-0.4
-0.4
-0.4
-0.4
-0.4
-0.4
-0.4
-0.4
-0.4
-0.4
-0.4
-0.4
-0.4
-0.4
-0.4
-0.4
-0.4
-0.4
-0.4
-0.4
-0.4
-0.4
-0.4
-0.4
-0.4
-0.4
-0.4
-0.4
)
;
    }
    upperWall
    {
        type            calculated;
        value           nonuniform List<scalar> 
100
(
0.4
0.4
0.4
0.4
0.4
0.4
0.4
0.4
0.4
0.4
0.4
0.4
0.4
0.4
0.4
0.4
0.4
0.4
0.4
0.4
0.4
0.4
0.4
0.4
0.4
0.4
0.4
0.4
0.4
0.4
0.4
0.4
0.4
0.4
0.4
0.4
0.4
0.4
0.4
0.4
0.4
0.4
0.4
0.4
0.4
0.4
0.4
0.4
0.4
0.4
0.4
0.4
0.4
0.4
0.4
0.4
0.4
0.4
0.4
0.4
0.4
0.4
0.4
0.4
0.4
0.4
0.4
0.4
0.4
0.4
0.4
0.4
0.4
0.4
0.4
0.4
0.4
0.4
0.4
0.4
0.4
0.4
0.4
0.4
0.4
0.4
0.4
0.4
0.4
0.4
0.4
0.4
0.4
0.4
0.4
0.4
0.4
0.4
0.4
0.4
)
;
    }
    frontAndBack
    {
        type            empty;
        value           nonuniform 0();
    }
}


// ************************************************************************* //
