/*--------------------------------*- C++ -*----------------------------------*\
| =========                 |                                                 |
| \\      /  F ield         | OpenFOAM: The Open Source CFD Toolbox           |
|  \\    /   O peration     | Version:  2.3.0                                 |
|   \\  /    A nd           | Web:      www.OpenFOAM.org                      |
|    \\/     M anipulation  |                                                 |
\*---------------------------------------------------------------------------*/
FoamFile
{
    version     2.0;
    format      ascii;
    class       volVectorField;
    location    "0.5";
    object      U;
}
// * * * * * * * * * * * * * * * * * * * * * * * * * * * * * * * * * * * * * //

dimensions      [0 1 -1 0 0 0 0];

internalField   nonuniform List<vector> 
4000
(
(0.53758 0.0563867 0)
(0.552258 0.00359617 0)
(0.517063 -0.00175875 0)
(0.522849 -0.00199555 0)
(0.520976 -0.00212517 0)
(0.521863 -0.00203289 0)
(0.52121 -0.00204079 0)
(0.521019 -0.00203147 0)
(0.520639 -0.0020414 0)
(0.520401 -0.00204605 0)
(0.520172 -0.00205272 0)
(0.520003 -0.00205729 0)
(0.519864 -0.00206148 0)
(0.51976 -0.00206474 0)
(0.519679 -0.00206747 0)
(0.51962 -0.00206957 0)
(0.519577 -0.00207111 0)
(0.519546 -0.00207225 0)
(0.519525 -0.00207317 0)
(0.51951 -0.0020738 0)
(0.5195 -0.0020742 0)
(0.519493 -0.00207447 0)
(0.519488 -0.00207471 0)
(0.519485 -0.00207483 0)
(0.519483 -0.00207491 0)
(0.519482 -0.00207496 0)
(0.519481 -0.00207501 0)
(0.519481 -0.00207503 0)
(0.51948 -0.00207505 0)
(0.51948 -0.00207506 0)
(0.51948 -0.00207508 0)
(0.51948 -0.00207508 0)
(0.51948 -0.00207508 0)
(0.51948 -0.00207507 0)
(0.51948 -0.00207509 0)
(0.51948 -0.00207509 0)
(0.51948 -0.00207509 0)
(0.51948 -0.00207508 0)
(0.51948 -0.00207508 0)
(0.51948 -0.00207509 0)
(0.51948 -0.00207509 0)
(0.51948 -0.00207509 0)
(0.51948 -0.00207509 0)
(0.51948 -0.00207509 0)
(0.51948 -0.00207508 0)
(0.51948 -0.00207508 0)
(0.51948 -0.00207509 0)
(0.51948 -0.00207509 0)
(0.51948 -0.00207509 0)
(0.51948 -0.00207508 0)
(0.51948 -0.00207508 0)
(0.51948 -0.00207508 0)
(0.51948 -0.00207509 0)
(0.51948 -0.00207509 0)
(0.51948 -0.00207509 0)
(0.51948 -0.00207508 0)
(0.51948 -0.00207509 0)
(0.51948 -0.00207509 0)
(0.51948 -0.00207509 0)
(0.51948 -0.00207508 0)
(0.51948 -0.00207509 0)
(0.51948 -0.00207509 0)
(0.51948 -0.00207509 0)
(0.51948 -0.00207508 0)
(0.51948 -0.00207509 0)
(0.51948 -0.00207509 0)
(0.51948 -0.00207509 0)
(0.51948 -0.00207509 0)
(0.51948 -0.00207509 0)
(0.51948 -0.00207509 0)
(0.51948 -0.00207508 0)
(0.51948 -0.00207509 0)
(0.51948 -0.00207509 0)
(0.51948 -0.00207508 0)
(0.51948 -0.00207508 0)
(0.51948 -0.00207508 0)
(0.51948 -0.00207509 0)
(0.51948 -0.00207509 0)
(0.51948 -0.00207509 0)
(0.51948 -0.00207508 0)
(0.51948 -0.00207508 0)
(0.51948 -0.00207508 0)
(0.51948 -0.00207508 0)
(0.51948 -0.00207507 0)
(0.51948 -0.00207506 0)
(0.519479 -0.00207504 0)
(0.519479 -0.00207501 0)
(0.519478 -0.00207497 0)
(0.519477 -0.0020749 0)
(0.519475 -0.00207481 0)
(0.519472 -0.00207469 0)
(0.519468 -0.00207454 0)
(0.519462 -0.00207438 0)
(0.519454 -0.00207434 0)
(0.519448 -0.0020746 0)
(0.51944 -0.0020752 0)
(0.519445 -0.00207423 0)
(0.519362 -0.00206095 0)
(0.519228 -0.00202081 0)
(0.518635 -0.00215125 0)
(0.865011 0.128421 0)
(0.911693 0.0160121 0)
(0.861958 0.00100855 0)
(0.871298 -4.84954e-05 0)
(0.867828 -0.000485335 0)
(0.869353 -0.000171521 0)
(0.86833 -0.000184485 0)
(0.868103 -0.000148441 0)
(0.867536 -0.000180247 0)
(0.867193 -0.000195923 0)
(0.866852 -0.000218861 0)
(0.866601 -0.000235633 0)
(0.866392 -0.000251695 0)
(0.866234 -0.0002643 0)
(0.866111 -0.000274248 0)
(0.86602 -0.000282135 0)
(0.865953 -0.000288258 0)
(0.865905 -0.000292723 0)
(0.865871 -0.000296168 0)
(0.865848 -0.000298604 0)
(0.865832 -0.000300224 0)
(0.865821 -0.000301341 0)
(0.865813 -0.000302258 0)
(0.865809 -0.00030281 0)
(0.865805 -0.000303123 0)
(0.865803 -0.000303334 0)
(0.865802 -0.000303536 0)
(0.865801 -0.000303638 0)
(0.865801 -0.000303714 0)
(0.8658 -0.000303741 0)
(0.8658 -0.000303804 0)
(0.8658 -0.000303828 0)
(0.8658 -0.000303828 0)
(0.8658 -0.000303803 0)
(0.8658 -0.000303833 0)
(0.8658 -0.000303854 0)
(0.8658 -0.000303848 0)
(0.8658 -0.000303822 0)
(0.8658 -0.000303832 0)
(0.8658 -0.000303844 0)
(0.8658 -0.000303853 0)
(0.8658 -0.000303848 0)
(0.8658 -0.000303859 0)
(0.8658 -0.000303844 0)
(0.8658 -0.000303833 0)
(0.8658 -0.000303837 0)
(0.8658 -0.000303855 0)
(0.8658 -0.000303841 0)
(0.8658 -0.000303835 0)
(0.8658 -0.000303836 0)
(0.8658 -0.00030383 0)
(0.8658 -0.000303831 0)
(0.8658 -0.000303851 0)
(0.865799 -0.000303845 0)
(0.865799 -0.00030384 0)
(0.8658 -0.000303836 0)
(0.8658 -0.000303855 0)
(0.8658 -0.000303858 0)
(0.8658 -0.000303847 0)
(0.8658 -0.000303834 0)
(0.8658 -0.00030384 0)
(0.8658 -0.000303843 0)
(0.8658 -0.000303844 0)
(0.8658 -0.000303837 0)
(0.8658 -0.000303854 0)
(0.8658 -0.000303848 0)
(0.8658 -0.000303842 0)
(0.8658 -0.000303838 0)
(0.8658 -0.000303852 0)
(0.8658 -0.000303842 0)
(0.8658 -0.000303835 0)
(0.8658 -0.000303835 0)
(0.8658 -0.000303848 0)
(0.8658 -0.000303839 0)
(0.8658 -0.000303834 0)
(0.8658 -0.000303831 0)
(0.8658 -0.000303841 0)
(0.8658 -0.000303843 0)
(0.8658 -0.000303841 0)
(0.8658 -0.000303826 0)
(0.8658 -0.00030383 0)
(0.8658 -0.000303823 0)
(0.8658 -0.000303812 0)
(0.8658 -0.00030378 0)
(0.865799 -0.000303737 0)
(0.865799 -0.000303676 0)
(0.865798 -0.000303581 0)
(0.865797 -0.000303419 0)
(0.865795 -0.000303181 0)
(0.865792 -0.000302851 0)
(0.865787 -0.000302398 0)
(0.865781 -0.00030182 0)
(0.865772 -0.000301145 0)
(0.86576 -0.000300723 0)
(0.865747 -0.000300835 0)
(0.865729 -0.00030127 0)
(0.865722 -0.000292916 0)
(0.865548 -0.00023882 0)
(0.865251 -7.22246e-05 0)
(0.86318 -0.000218113 0)
(0.960422 0.135842 0)
(1.02546 0.0244573 0)
(0.976313 0.00338592 0)
(0.987363 0.000868299 0)
(0.982976 0.000137051 0)
(0.984824 0.00064324 0)
(0.983691 0.000646612 0)
(0.983542 0.000707883 0)
(0.982966 0.000656095 0)
(0.982642 0.000627149 0)
(0.982301 0.000586473 0)
(0.982054 0.000555784 0)
(0.981844 0.000526713 0)
(0.981685 0.00050343 0)
(0.981561 0.000484778 0)
(0.981468 0.000469897 0)
(0.981399 0.000458128 0)
(0.98135 0.000449495 0)
(0.981315 0.000443019 0)
(0.98129 0.000438356 0)
(0.981273 0.000435059 0)
(0.981262 0.000432812 0)
(0.981254 0.000431134 0)
(0.981249 0.00043006 0)
(0.981246 0.000429366 0)
(0.981244 0.000428935 0)
(0.981242 0.000428564 0)
(0.981241 0.000428357 0)
(0.98124 0.000428197 0)
(0.98124 0.000428141 0)
(0.98124 0.000428053 0)
(0.98124 0.000428011 0)
(0.981239 0.000427978 0)
(0.981239 0.000427996 0)
(0.981239 0.000427971 0)
(0.981239 0.000427961 0)
(0.98124 0.000427948 0)
(0.98124 0.000427975 0)
(0.98124 0.000427959 0)
(0.98124 0.000427952 0)
(0.98124 0.000427931 0)
(0.98124 0.00042794 0)
(0.98124 0.000427931 0)
(0.98124 0.000427949 0)
(0.98124 0.000427958 0)
(0.98124 0.000427965 0)
(0.98124 0.000427936 0)
(0.98124 0.00042795 0)
(0.98124 0.000427969 0)
(0.98124 0.000427969 0)
(0.98124 0.000427964 0)
(0.981239 0.000427974 0)
(0.981239 0.00042795 0)
(0.981239 0.000427953 0)
(0.981239 0.000427947 0)
(0.981239 0.000427959 0)
(0.981239 0.000427946 0)
(0.98124 0.000427939 0)
(0.98124 0.000427939 0)
(0.98124 0.000427958 0)
(0.98124 0.000427958 0)
(0.98124 0.000427955 0)
(0.98124 0.000427943 0)
(0.98124 0.000427948 0)
(0.98124 0.00042793 0)
(0.98124 0.000427934 0)
(0.98124 0.00042794 0)
(0.98124 0.000427954 0)
(0.98124 0.000427943 0)
(0.98124 0.000427951 0)
(0.98124 0.000427959 0)
(0.98124 0.000427965 0)
(0.98124 0.000427952 0)
(0.98124 0.000427961 0)
(0.98124 0.000427965 0)
(0.98124 0.000427971 0)
(0.98124 0.000427959 0)
(0.98124 0.000427959 0)
(0.98124 0.000427958 0)
(0.98124 0.000427975 0)
(0.98124 0.000427977 0)
(0.98124 0.000427995 0)
(0.98124 0.000428022 0)
(0.98124 0.000428075 0)
(0.981239 0.000428157 0)
(0.981239 0.000428286 0)
(0.981238 0.00042848 0)
(0.981237 0.000428785 0)
(0.981234 0.000429237 0)
(0.981231 0.000429883 0)
(0.981227 0.000430776 0)
(0.98122 0.000431922 0)
(0.981211 0.000433331 0)
(0.981198 0.000434456 0)
(0.981183 0.000435306 0)
(0.981156 0.000436701 0)
(0.981135 0.000459561 0)
(0.98091 0.000570409 0)
(0.98054 0.000945397 0)
(0.977588 0.00117998 0)
(0.985044 0.123202 0)
(1.0596 0.0286997 0)
(1.01374 0.00475216 0)
(1.02588 0.000760371 0)
(1.0209 -0.000136895 0)
(1.02297 0.000492471 0)
(1.02181 0.000527694 0)
(1.02177 0.000606935 0)
(1.02124 0.000540857 0)
(1.02098 0.000499243 0)
(1.02067 0.000442867 0)
(1.02046 0.000398969 0)
(1.02027 0.000357475 0)
(1.02013 0.000323124 0)
(1.02002 0.000296357 0)
(1.01993 0.000274953 0)
(1.01987 0.00025791 0)
(1.01982 0.000245278 0)
(1.01979 0.000235824 0)
(1.01977 0.000228942 0)
(1.01975 0.000223988 0)
(1.01974 0.000220607 0)
(1.01973 0.000218185 0)
(1.01973 0.000216615 0)
(1.01973 0.000215542 0)
(1.01972 0.000214873 0)
(1.01972 0.000214345 0)
(1.01972 0.000214041 0)
(1.01972 0.000213802 0)
(1.01972 0.000213705 0)
(1.01972 0.00021359 0)
(1.01972 0.000213532 0)
(1.01972 0.00021348 0)
(1.01972 0.000213487 0)
(1.01972 0.000213459 0)
(1.01972 0.000213459 0)
(1.01972 0.000213437 0)
(1.01972 0.000213462 0)
(1.01972 0.000213433 0)
(1.01972 0.000213426 0)
(1.01972 0.000213402 0)
(1.01972 0.000213414 0)
(1.01972 0.000213407 0)
(1.01972 0.000213427 0)
(1.01972 0.000213434 0)
(1.01972 0.000213449 0)
(1.01972 0.000213417 0)
(1.01972 0.000213428 0)
(1.01972 0.00021346 0)
(1.01972 0.000213464 0)
(1.01972 0.000213449 0)
(1.01972 0.000213465 0)
(1.01972 0.000213438 0)
(1.01972 0.000213441 0)
(1.01972 0.000213426 0)
(1.01972 0.000213439 0)
(1.01972 0.000213432 0)
(1.01972 0.000213424 0)
(1.01972 0.000213416 0)
(1.01972 0.000213438 0)
(1.01972 0.000213443 0)
(1.01972 0.00021344 0)
(1.01972 0.00021342 0)
(1.01972 0.000213421 0)
(1.01972 0.000213401 0)
(1.01972 0.000213406 0)
(1.01972 0.000213412 0)
(1.01972 0.000213432 0)
(1.01972 0.000213425 0)
(1.01972 0.000213434 0)
(1.01972 0.000213443 0)
(1.01972 0.000213453 0)
(1.01972 0.000213438 0)
(1.01972 0.000213449 0)
(1.01972 0.000213455 0)
(1.01972 0.000213464 0)
(1.01972 0.000213449 0)
(1.01972 0.000213448 0)
(1.01972 0.000213446 0)
(1.01972 0.000213466 0)
(1.01972 0.000213476 0)
(1.01972 0.000213503 0)
(1.01972 0.000213546 0)
(1.01972 0.000213623 0)
(1.01972 0.000213745 0)
(1.01972 0.000213939 0)
(1.01972 0.000214232 0)
(1.01972 0.000214677 0)
(1.01971 0.000215336 0)
(1.01971 0.000216288 0)
(1.01971 0.000217614 0)
(1.0197 0.000219333 0)
(1.01969 0.000221549 0)
(1.01968 0.00022361 0)
(1.01966 0.000226284 0)
(1.01963 0.000231046 0)
(1.0196 0.000272655 0)
(1.01935 0.000446033 0)
(1.01899 0.0010529 0)
(1.01588 0.00177204 0)
(0.988613 0.109856 0)
(1.06805 0.0310189 0)
(1.02558 0.00577133 0)
(1.03848 0.000616523 0)
(1.03311 -0.000345271 0)
(1.03536 0.00035745 0)
(1.0342 0.000426767 0)
(1.03427 0.000517386 0)
(1.0338 0.00044206 0)
(1.03361 0.00039031 0)
(1.03335 0.000322152 0)
(1.03317 0.00026807 0)
(1.03302 0.000217237 0)
(1.0329 0.000174881 0)
(1.0328 0.000141315 0)
(1.03273 0.000114295 0)
(1.03268 9.26314e-05 0)
(1.03264 7.6341e-05 0)
(1.03261 6.3982e-05 0)
(1.03259 5.47632e-05 0)
(1.03257 4.80898e-05 0)
(1.03257 4.36801e-05 0)
(1.03256 4.0574e-05 0)
(1.03255 3.85667e-05 0)
(1.03255 3.71573e-05 0)
(1.03255 3.62569e-05 0)
(1.03255 3.55864e-05 0)
(1.03255 3.51956e-05 0)
(1.03255 3.48805e-05 0)
(1.03255 3.47413e-05 0)
(1.03255 3.46055e-05 0)
(1.03255 3.45335e-05 0)
(1.03255 3.44646e-05 0)
(1.03255 3.4461e-05 0)
(1.03255 3.44269e-05 0)
(1.03255 3.44326e-05 0)
(1.03255 3.44067e-05 0)
(1.03255 3.44317e-05 0)
(1.03255 3.43895e-05 0)
(1.03255 3.43774e-05 0)
(1.03255 3.43534e-05 0)
(1.03255 3.43733e-05 0)
(1.03255 3.43699e-05 0)
(1.03255 3.43882e-05 0)
(1.03255 3.43923e-05 0)
(1.03255 3.44156e-05 0)
(1.03255 3.43833e-05 0)
(1.03255 3.43888e-05 0)
(1.03255 3.44302e-05 0)
(1.03255 3.44426e-05 0)
(1.03255 3.44201e-05 0)
(1.03255 3.44368e-05 0)
(1.03255 3.44092e-05 0)
(1.03255 3.44137e-05 0)
(1.03255 3.4392e-05 0)
(1.03255 3.44009e-05 0)
(1.03255 3.43993e-05 0)
(1.03255 3.43923e-05 0)
(1.03255 3.43779e-05 0)
(1.03255 3.43991e-05 0)
(1.03255 3.44097e-05 0)
(1.03255 3.44084e-05 0)
(1.03255 3.43804e-05 0)
(1.03255 3.43759e-05 0)
(1.03255 3.4355e-05 0)
(1.03255 3.43617e-05 0)
(1.03255 3.43665e-05 0)
(1.03255 3.43908e-05 0)
(1.03255 3.43888e-05 0)
(1.03255 3.43991e-05 0)
(1.03255 3.44094e-05 0)
(1.03255 3.44213e-05 0)
(1.03255 3.44069e-05 0)
(1.03255 3.44187e-05 0)
(1.03255 3.44265e-05 0)
(1.03255 3.44377e-05 0)
(1.03255 3.44208e-05 0)
(1.03255 3.44181e-05 0)
(1.03255 3.44173e-05 0)
(1.03255 3.44405e-05 0)
(1.03255 3.44563e-05 0)
(1.03255 3.4491e-05 0)
(1.03255 3.45486e-05 0)
(1.03255 3.46483e-05 0)
(1.03255 3.48066e-05 0)
(1.03255 3.50592e-05 0)
(1.03254 3.54398e-05 0)
(1.03254 3.60126e-05 0)
(1.03254 3.68523e-05 0)
(1.03254 3.80688e-05 0)
(1.03254 3.97752e-05 0)
(1.03253 4.20132e-05 0)
(1.03252 4.50268e-05 0)
(1.03251 4.81744e-05 0)
(1.03249 5.3542e-05 0)
(1.03246 6.30728e-05 0)
(1.03242 0.000125035 0)
(1.03218 0.000351635 0)
(1.03185 0.00117217 0)
(1.02901 0.00230044 0)
(0.986403 0.0981601 0)
(1.06831 0.0322527 0)
(1.02896 0.00660644 0)
(1.04243 0.000578436 0)
(1.03677 -0.000402346 0)
(1.03917 0.000342732 0)
(1.03802 0.000444441 0)
(1.0382 0.000541718 0)
(1.0378 0.00046156 0)
(1.03767 0.000402911 0)
(1.03746 0.000327443 0)
(1.03733 0.00026713 0)
(1.0372 0.000211161 0)
(1.03711 0.000164932 0)
(1.03703 0.000126168 0)
(1.03698 9.47333e-05 0)
(1.03693 6.94624e-05 0)
(1.0369 5.03666e-05 0)
(1.03688 3.58414e-05 0)
(1.03686 2.49867e-05 0)
(1.03685 1.7113e-05 0)
(1.03684 1.18388e-05 0)
(1.03683 8.12095e-06 0)
(1.03683 5.70983e-06 0)
(1.03683 3.99466e-06 0)
(1.03682 2.8567e-06 0)
(1.03682 2.01618e-06 0)
(1.03682 1.53685e-06 0)
(1.03682 1.15704e-06 0)
(1.03682 9.78378e-07 0)
(1.03682 8.2606e-07 0)
(1.03682 7.42312e-07 0)
(1.03682 6.57238e-07 0)
(1.03682 6.42107e-07 0)
(1.03682 6.03471e-07 0)
(1.03682 6.13046e-07 0)
(1.03682 5.82972e-07 0)
(1.03682 6.07195e-07 0)
(1.03682 5.54634e-07 0)
(1.03682 5.3591e-07 0)
(1.03682 5.13112e-07 0)
(1.03682 5.41839e-07 0)
(1.03682 5.4506e-07 0)
(1.03682 5.61675e-07 0)
(1.03682 5.57883e-07 0)
(1.03682 5.87811e-07 0)
(1.03682 5.62792e-07 0)
(1.03682 5.63083e-07 0)
(1.03682 6.0866e-07 0)
(1.03682 6.29206e-07 0)
(1.03682 6.02089e-07 0)
(1.03682 6.18373e-07 0)
(1.03682 5.89433e-07 0)
(1.03682 5.95526e-07 0)
(1.03682 5.69187e-07 0)
(1.03682 5.72123e-07 0)
(1.03682 5.73632e-07 0)
(1.03682 5.69495e-07 0)
(1.03682 5.51298e-07 0)
(1.03682 5.70023e-07 0)
(1.03682 5.83897e-07 0)
(1.03682 5.84809e-07 0)
(1.03682 5.5174e-07 0)
(1.03682 5.41348e-07 0)
(1.03682 5.18353e-07 0)
(1.03682 5.27241e-07 0)
(1.03682 5.31493e-07 0)
(1.03682 5.57817e-07 0)
(1.03682 5.60966e-07 0)
(1.03682 5.72535e-07 0)
(1.03682 5.83675e-07 0)
(1.03682 5.98259e-07 0)
(1.03682 5.84984e-07 0)
(1.03682 5.9597e-07 0)
(1.03682 6.04799e-07 0)
(1.03682 6.19769e-07 0)
(1.03682 6.03312e-07 0)
(1.03682 5.97567e-07 0)
(1.03682 5.96057e-07 0)
(1.03682 6.22969e-07 0)
(1.03682 6.45922e-07 0)
(1.03682 6.87199e-07 0)
(1.03682 7.55847e-07 0)
(1.03682 8.74845e-07 0)
(1.03682 1.06485e-06 0)
(1.03682 1.36764e-06 0)
(1.03682 1.82226e-06 0)
(1.03682 2.54155e-06 0)
(1.03682 3.56679e-06 0)
(1.03682 5.03062e-06 0)
(1.03681 7.07933e-06 0)
(1.03681 9.78635e-06 0)
(1.0368 1.35719e-05 0)
(1.03679 1.78756e-05 0)
(1.03678 2.59777e-05 0)
(1.03674 4.02596e-05 0)
(1.0367 0.000121045 0)
(1.03647 0.000386655 0)
(1.03621 0.00140314 0)
(1.03381 0.00285079 0)
(0.983077 0.0875426 0)
(1.06618 0.0325697 0)
(1.02959 0.00720467 0)
(1.04348 0.000560074 0)
(1.03761 -0.000411304 0)
(1.04014 0.000352272 0)
(1.039 0.00048478 0)
(1.03928 0.000586616 0)
(1.03894 0.000504241 0)
(1.03888 0.000440537 0)
(1.03872 0.000359638 0)
(1.03863 0.000294213 0)
(1.03854 0.000233522 0)
(1.03847 0.000183149 0)
(1.03841 0.000140595 0)
(1.03837 0.000105968 0)
(1.03833 7.81225e-05 0)
(1.03831 5.71152e-05 0)
(1.03829 4.12312e-05 0)
(1.03828 2.95134e-05 0)
(1.03827 2.09894e-05 0)
(1.03826 1.50329e-05 0)
(1.03826 1.08038e-05 0)
(1.03825 8.037e-06 0)
(1.03825 6.05543e-06 0)
(1.03825 4.69592e-06 0)
(1.03825 3.69701e-06 0)
(1.03825 3.14512e-06 0)
(1.03825 2.71572e-06 0)
(1.03825 2.50427e-06 0)
(1.03825 2.33598e-06 0)
(1.03825 2.24211e-06 0)
(1.03825 2.14439e-06 0)
(1.03825 2.11743e-06 0)
(1.03825 2.07376e-06 0)
(1.03825 2.08578e-06 0)
(1.03825 2.05173e-06 0)
(1.03825 2.07469e-06 0)
(1.03825 2.01587e-06 0)
(1.03825 1.99047e-06 0)
(1.03825 1.96945e-06 0)
(1.03825 2.00559e-06 0)
(1.03825 2.0165e-06 0)
(1.03825 2.03428e-06 0)
(1.03825 2.01993e-06 0)
(1.03825 2.0527e-06 0)
(1.03825 2.03987e-06 0)
(1.03825 2.03748e-06 0)
(1.03825 2.0825e-06 0)
(1.03825 2.10972e-06 0)
(1.03825 2.08043e-06 0)
(1.03825 2.09566e-06 0)
(1.03825 2.06599e-06 0)
(1.03825 2.07331e-06 0)
(1.03825 2.0445e-06 0)
(1.03825 2.04056e-06 0)
(1.03825 2.04242e-06 0)
(1.03825 2.04191e-06 0)
(1.03825 2.0223e-06 0)
(1.03825 2.03737e-06 0)
(1.03825 2.0527e-06 0)
(1.03825 2.05585e-06 0)
(1.03825 2.01962e-06 0)
(1.03825 2.00379e-06 0)
(1.03825 1.97797e-06 0)
(1.03825 1.98859e-06 0)
(1.03825 1.993e-06 0)
(1.03825 2.02061e-06 0)
(1.03825 2.02868e-06 0)
(1.03825 2.04127e-06 0)
(1.03825 2.05237e-06 0)
(1.03825 2.06982e-06 0)
(1.03825 2.0592e-06 0)
(1.03825 2.06911e-06 0)
(1.03825 2.07749e-06 0)
(1.03825 2.09616e-06 0)
(1.03825 2.08191e-06 0)
(1.03825 2.07394e-06 0)
(1.03825 2.07031e-06 0)
(1.03825 2.09991e-06 0)
(1.03825 2.12984e-06 0)
(1.03825 2.177e-06 0)
(1.03825 2.25439e-06 0)
(1.03825 2.38798e-06 0)
(1.03825 2.60349e-06 0)
(1.03825 2.94708e-06 0)
(1.03825 3.46359e-06 0)
(1.03825 4.29376e-06 0)
(1.03824 5.49378e-06 0)
(1.03824 7.17654e-06 0)
(1.03824 9.52182e-06 0)
(1.03824 1.26394e-05 0)
(1.03823 1.71426e-05 0)
(1.03822 2.25949e-05 0)
(1.03821 3.31986e-05 0)
(1.03818 5.17209e-05 0)
(1.03814 0.000148985 0)
(1.03794 0.000449179 0)
(1.03774 0.00163077 0)
(1.03586 0.0033173 0)
(0.979966 0.0778288 0)
(1.06355 0.032118 0)
(1.02936 0.00755288 0)
(1.04358 0.000527355 0)
(1.03755 -0.00041375 0)
(1.04017 0.000350241 0)
(1.03905 0.000510159 0)
(1.03943 0.000614366 0)
(1.03914 0.000532259 0)
(1.03914 0.00046555 0)
(1.03903 0.000381513 0)
(1.03898 0.000312754 0)
(1.03892 0.000248784 0)
(1.03888 0.000195294 0)
(1.03884 0.000150195 0)
(1.03881 0.000113355 0)
(1.03879 8.36457e-05 0)
(1.03877 6.11843e-05 0)
(1.03875 4.41662e-05 0)
(1.03874 3.15784e-05 0)
(1.03874 2.23992e-05 0)
(1.03873 1.59471e-05 0)
(1.03873 1.13568e-05 0)
(1.03873 8.33709e-06 0)
(1.03873 6.18822e-06 0)
(1.03872 4.71311e-06 0)
(1.03872 3.62914e-06 0)
(1.03872 2.99908e-06 0)
(1.03872 2.53231e-06 0)
(1.03872 2.29514e-06 0)
(1.03872 2.10934e-06 0)
(1.03872 2.00486e-06 0)
(1.03872 1.89886e-06 0)
(1.03872 1.86166e-06 0)
(1.03872 1.81196e-06 0)
(1.03872 1.82512e-06 0)
(1.03872 1.78756e-06 0)
(1.03872 1.80832e-06 0)
(1.03872 1.74759e-06 0)
(1.03872 1.71705e-06 0)
(1.03872 1.69808e-06 0)
(1.03872 1.73932e-06 0)
(1.03872 1.7568e-06 0)
(1.03872 1.77903e-06 0)
(1.03872 1.75458e-06 0)
(1.03872 1.78565e-06 0)
(1.03872 1.78758e-06 0)
(1.03872 1.78639e-06 0)
(1.03872 1.8269e-06 0)
(1.03872 1.85828e-06 0)
(1.03872 1.82888e-06 0)
(1.03872 1.84278e-06 0)
(1.03872 1.81338e-06 0)
(1.03872 1.82169e-06 0)
(1.03872 1.79181e-06 0)
(1.03872 1.78109e-06 0)
(1.03872 1.78097e-06 0)
(1.03872 1.784e-06 0)
(1.03872 1.76508e-06 0)
(1.03872 1.77603e-06 0)
(1.03872 1.79096e-06 0)
(1.03872 1.79607e-06 0)
(1.03872 1.7582e-06 0)
(1.03872 1.73742e-06 0)
(1.03872 1.7083e-06 0)
(1.03872 1.72015e-06 0)
(1.03872 1.72549e-06 0)
(1.03872 1.75416e-06 0)
(1.03872 1.76701e-06 0)
(1.03872 1.78029e-06 0)
(1.03872 1.79003e-06 0)
(1.03872 1.81008e-06 0)
(1.03872 1.80383e-06 0)
(1.03872 1.81332e-06 0)
(1.03872 1.81973e-06 0)
(1.03872 1.84119e-06 0)
(1.03872 1.83053e-06 0)
(1.03872 1.82162e-06 0)
(1.03872 1.81509e-06 0)
(1.03872 1.84567e-06 0)
(1.03872 1.88175e-06 0)
(1.03872 1.93373e-06 0)
(1.03872 2.01789e-06 0)
(1.03872 2.163e-06 0)
(1.03872 2.39897e-06 0)
(1.03872 2.77472e-06 0)
(1.03872 3.35861e-06 0)
(1.03872 4.24061e-06 0)
(1.03872 5.51709e-06 0)
(1.03872 7.32098e-06 0)
(1.03872 9.86462e-06 0)
(1.03872 1.3293e-05 0)
(1.03871 1.84056e-05 0)
(1.0387 2.49306e-05 0)
(1.03869 3.81654e-05 0)
(1.03866 6.09915e-05 0)
(1.03863 0.000172694 0)
(1.03847 0.000499274 0)
(1.03833 0.00180387 0)
(1.037 0.00365521 0)
(0.977357 0.0689836 0)
(1.06102 0.031059 0)
(1.02892 0.00767646 0)
(1.04336 0.000483742 0)
(1.03723 -0.000412975 0)
(1.03992 0.000336955 0)
(1.03881 0.000519388 0)
(1.03927 0.000623818 0)
(1.03904 0.000544114 0)
(1.0391 0.000476435 0)
(1.03903 0.000391639 0)
(1.03902 0.00032157 0)
(1.03899 0.000256217 0)
(1.03897 0.000201227 0)
(1.03895 0.000154842 0)
(1.03893 0.000116797 0)
(1.03892 8.601e-05 0)
(1.03891 6.26695e-05 0)
(1.0389 4.49293e-05 0)
(1.03889 3.17275e-05 0)
(1.03889 2.20783e-05 0)
(1.03889 1.53173e-05 0)
(1.03889 1.05159e-05 0)
(1.03888 7.3461e-06 0)
(1.03888 5.11496e-06 0)
(1.03888 3.61212e-06 0)
(1.03888 2.50394e-06 0)
(1.03888 1.83141e-06 0)
(1.03888 1.33851e-06 0)
(1.03888 1.07765e-06 0)
(1.03888 8.67582e-07 0)
(1.03888 7.50053e-07 0)
(1.03888 6.394e-07 0)
(1.03888 5.95565e-07 0)
(1.03888 5.38964e-07 0)
(1.03888 5.50936e-07 0)
(1.03888 5.10909e-07 0)
(1.03888 5.29142e-07 0)
(1.03888 4.70075e-07 0)
(1.03888 4.36918e-07 0)
(1.03888 4.20166e-07 0)
(1.03888 4.64212e-07 0)
(1.03888 4.85902e-07 0)
(1.03888 5.14492e-07 0)
(1.03888 4.83288e-07 0)
(1.03888 5.08535e-07 0)
(1.03888 5.25096e-07 0)
(1.03888 5.29316e-07 0)
(1.03888 5.6306e-07 0)
(1.03888 5.95541e-07 0)
(1.03888 5.67821e-07 0)
(1.03888 5.80104e-07 0)
(1.03888 5.51733e-07 0)
(1.03888 5.61259e-07 0)
(1.03888 5.31486e-07 0)
(1.03888 5.14066e-07 0)
(1.03888 5.10234e-07 0)
(1.03888 5.16154e-07 0)
(1.03888 4.99943e-07 0)
(1.03888 5.06658e-07 0)
(1.03888 5.19501e-07 0)
(1.03888 5.25602e-07 0)
(1.03888 4.8727e-07 0)
(1.03888 4.63025e-07 0)
(1.03888 4.30564e-07 0)
(1.03888 4.43082e-07 0)
(1.03888 4.49852e-07 0)
(1.03888 4.79375e-07 0)
(1.03888 4.96428e-07 0)
(1.03888 5.1041e-07 0)
(1.03888 5.17545e-07 0)
(1.03888 5.39147e-07 0)
(1.03888 5.38582e-07 0)
(1.03888 5.49347e-07 0)
(1.03888 5.52934e-07 0)
(1.03888 5.75337e-07 0)
(1.03888 5.69e-07 0)
(1.03888 5.60644e-07 0)
(1.03888 5.51187e-07 0)
(1.03888 5.80955e-07 0)
(1.03888 6.22031e-07 0)
(1.03888 6.77599e-07 0)
(1.03888 7.66549e-07 0)
(1.03888 9.25357e-07 0)
(1.03888 1.18263e-06 0)
(1.03888 1.58315e-06 0)
(1.03888 2.19705e-06 0)
(1.03888 3.09337e-06 0)
(1.03888 4.36608e-06 0)
(1.03888 6.20558e-06 0)
(1.03888 8.85511e-06 0)
(1.03888 1.24927e-05 0)
(1.03887 1.80839e-05 0)
(1.03887 2.55348e-05 0)
(1.03886 4.11524e-05 0)
(1.03884 6.77595e-05 0)
(1.03881 0.000190673 0)
(1.03869 0.000533658 0)
(1.03863 0.00191703 0)
(1.03784 0.00386451 0)
(0.975241 0.0609099 0)
(1.05874 0.0295205 0)
(1.02845 0.00760444 0)
(1.04306 0.000435969 0)
(1.03684 -0.000407136 0)
(1.03958 0.000316487 0)
(1.03849 0.00051553 0)
(1.03902 0.000618258 0)
(1.03884 0.000542599 0)
(1.03895 0.000475735 0)
(1.03893 0.000392272 0)
(1.03895 0.000322717 0)
(1.03895 0.000257699 0)
(1.03895 0.000202705 0)
(1.03895 0.000156233 0)
(1.03895 0.000117972 0)
(1.03895 8.69109e-05 0)
(1.03894 6.33097e-05 0)
(1.03894 4.53364e-05 0)
(1.03894 3.18913e-05 0)
(1.03894 2.20272e-05 0)
(1.03894 1.51272e-05 0)
(1.03894 1.02357e-05 0)
(1.03894 6.98456e-06 0)
(1.03893 4.70196e-06 0)
(1.03893 3.18248e-06 0)
(1.03893 2.07255e-06 0)
(1.03893 1.41101e-06 0)
(1.03893 9.10121e-07 0)
(1.03893 6.39475e-07 0)
(1.03893 4.18556e-07 0)
(1.03893 2.89297e-07 0)
(1.03893 1.7545e-07 0)
(1.03893 1.28386e-07 0)
(1.03893 6.55447e-08 0)
(1.03893 7.27861e-08 0)
(1.03893 3.12953e-08 0)
(1.03893 4.76172e-08 0)
(1.03893 -6.63427e-09 0)
(1.03893 -3.87561e-08 0)
(1.03893 -5.32492e-08 0)
(1.03893 -8.41991e-09 0)
(1.03893 1.47731e-08 0)
(1.03893 4.87366e-08 0)
(1.03893 1.56396e-08 0)
(1.03893 3.26928e-08 0)
(1.03893 6.17749e-08 0)
(1.03893 7.4549e-08 0)
(1.03893 1.02094e-07 0)
(1.03893 1.32592e-07 0)
(1.03893 1.07835e-07 0)
(1.03893 1.18681e-07 0)
(1.03893 9.13522e-08 0)
(1.03893 1.02492e-07 0)
(1.03893 7.4e-08 0)
(1.03893 4.90504e-08 0)
(1.03893 4.01888e-08 0)
(1.03893 4.80768e-08 0)
(1.03893 3.61714e-08 0)
(1.03893 3.90098e-08 0)
(1.03893 4.81813e-08 0)
(1.03893 5.38017e-08 0)
(1.03893 1.58505e-08 0)
(1.03893 -8.32035e-09 0)
(1.03893 -4.33225e-08 0)
(1.03893 -3.08474e-08 0)
(1.03893 -2.27989e-08 0)
(1.03893 6.93899e-09 0)
(1.03893 2.6483e-08 0)
(1.03893 4.14877e-08 0)
(1.03893 4.51736e-08 0)
(1.03893 6.66307e-08 0)
(1.03893 7.23296e-08 0)
(1.03893 8.66425e-08 0)
(1.03893 8.83638e-08 0)
(1.03893 1.09436e-07 0)
(1.03893 1.07285e-07 0)
(1.03893 1.00696e-07 0)
(1.03893 8.88221e-08 0)
(1.03893 1.16643e-07 0)
(1.03893 1.61717e-07 0)
(1.03893 2.19788e-07 0)
(1.03893 3.10811e-07 0)
(1.03893 4.7297e-07 0)
(1.03893 7.36815e-07 0)
(1.03893 1.14414e-06 0)
(1.03893 1.74182e-06 0)
(1.03893 2.62465e-06 0)
(1.03893 3.89119e-06 0)
(1.03893 5.74214e-06 0)
(1.03893 8.44704e-06 0)
(1.03893 1.22155e-05 0)
(1.03893 1.81531e-05 0)
(1.03893 2.63331e-05 0)
(1.03892 4.38512e-05 0)
(1.03891 7.33539e-05 0)
(1.03888 0.000203623 0)
(1.03882 0.000553314 0)
(1.03882 0.00197252 0)
(1.03856 0.00395345 0)
(0.97354 0.0534869 0)
(1.05675 0.0275965 0)
(1.02802 0.00736098 0)
(1.04276 0.000387309 0)
(1.03647 -0.000395678 0)
(1.03924 0.000290947 0)
(1.03816 0.000499994 0)
(1.03876 0.000599269 0)
(1.03863 0.000528875 0)
(1.03879 0.000464354 0)
(1.0388 0.00038402 0)
(1.03886 0.000316563 0)
(1.03888 0.000253374 0)
(1.03891 0.000199686 0)
(1.03892 0.000154234 0)
(1.03893 0.000116681 0)
(1.03894 8.61076e-05 0)
(1.03894 6.28351e-05 0)
(1.03895 4.50943e-05 0)
(1.03895 3.17638e-05 0)
(1.03895 2.19333e-05 0)
(1.03895 1.50609e-05 0)
(1.03895 1.01987e-05 0)
(1.03895 6.94045e-06 0)
(1.03895 4.64369e-06 0)
(1.03895 3.12173e-06 0)
(1.03895 2.01426e-06 0)
(1.03895 1.35672e-06 0)
(1.03895 8.60972e-07 0)
(1.03895 5.94307e-07 0)
(1.03895 3.78125e-07 0)
(1.03895 2.41438e-07 0)
(1.03895 1.26018e-07 0)
(1.03895 8.10077e-08 0)
(1.03895 1.35462e-08 0)
(1.03895 1.33936e-08 0)
(1.03895 -2.93415e-08 0)
(1.03895 -1.35687e-08 0)
(1.03895 -6.18677e-08 0)
(1.03895 -9.19381e-08 0)
(1.03895 -1.04128e-07 0)
(1.03895 -6.01121e-08 0)
(1.03895 -3.74825e-08 0)
(1.03895 2.62445e-09 0)
(1.03895 -2.73556e-08 0)
(1.03895 -1.84414e-08 0)
(1.03895 1.79417e-08 0)
(1.03895 4.1522e-08 0)
(1.03895 6.23762e-08 0)
(1.03895 8.82835e-08 0)
(1.03895 6.76921e-08 0)
(1.03895 7.80915e-08 0)
(1.03895 5.10783e-08 0)
(1.03895 6.35644e-08 0)
(1.03895 3.82565e-08 0)
(1.03895 8.12889e-09 0)
(1.03895 -6.96122e-09 0)
(1.03895 1.76737e-09 0)
(1.03895 -4.80107e-09 0)
(1.03895 -5.46192e-09 0)
(1.03895 -7.46746e-10 0)
(1.03895 2.34327e-09 0)
(1.03895 -3.46033e-08 0)
(1.03895 -5.77153e-08 0)
(1.03895 -9.45417e-08 0)
(1.03895 -8.299e-08 0)
(1.03895 -7.35988e-08 0)
(1.03895 -4.36312e-08 0)
(1.03895 -2.11599e-08 0)
(1.03895 -4.51326e-09 0)
(1.03895 -4.70855e-09 0)
(1.03895 1.46147e-08 0)
(1.03895 2.64845e-08 0)
(1.03895 4.65421e-08 0)
(1.03895 4.65828e-08 0)
(1.03895 6.38327e-08 0)
(1.03895 6.49673e-08 0)
(1.03895 6.17568e-08 0)
(1.03895 4.84825e-08 0)
(1.03895 7.22454e-08 0)
(1.03895 1.18675e-07 0)
(1.03895 1.77693e-07 0)
(1.03895 2.67364e-07 0)
(1.03895 4.21472e-07 0)
(1.03895 6.76372e-07 0)
(1.03895 1.07455e-06 0)
(1.03895 1.65923e-06 0)
(1.03895 2.53329e-06 0)
(1.03895 3.78959e-06 0)
(1.03895 5.62612e-06 0)
(1.03895 8.33312e-06 0)
(1.03895 1.21472e-05 0)
(1.03895 1.82785e-05 0)
(1.03895 2.6943e-05 0)
(1.03895 4.57625e-05 0)
(1.03894 7.71246e-05 0)
(1.03893 0.000210687 0)
(1.03892 0.000557945 0)
(1.03898 0.00197223 0)
(1.03921 0.00393004 0)
(0.972174 0.0466071 0)
(1.05502 0.0253602 0)
(1.02765 0.0069671 0)
(1.04248 0.000339344 0)
(1.03614 -0.0003783 0)
(1.03893 0.000261846 0)
(1.03786 0.00047387 0)
(1.03851 0.000568041 0)
(1.03842 0.000503807 0)
(1.03862 0.000442937 0)
(1.03867 0.000367282 0)
(1.03876 0.000303326 0)
(1.03881 0.000243288 0)
(1.03885 0.000192087 0)
(1.03888 0.000148667 0)
(1.03891 0.000112669 0)
(1.03892 8.32907e-05 0)
(1.03893 6.08977e-05 0)
(1.03894 4.38179e-05 0)
(1.03895 3.09344e-05 0)
(1.03895 2.13732e-05 0)
(1.03895 1.46937e-05 0)
(1.03896 9.9825e-06 0)
(1.03896 6.80439e-06 0)
(1.03896 4.54959e-06 0)
(1.03896 3.0617e-06 0)
(1.03896 1.98024e-06 0)
(1.03896 1.33689e-06 0)
(1.03896 8.52857e-07 0)
(1.03896 5.89967e-07 0)
(1.03896 3.75707e-07 0)
(1.03896 2.34924e-07 0)
(1.03896 1.1893e-07 0)
(1.03896 8.01992e-08 0)
(1.03896 1.06459e-08 0)
(1.03896 1.63002e-09 0)
(1.03896 -4.31548e-08 0)
(1.03896 -2.62562e-08 0)
(1.03896 -6.78288e-08 0)
(1.03896 -9.55609e-08 0)
(1.03896 -1.05666e-07 0)
(1.03896 -6.35186e-08 0)
(1.03896 -4.3222e-08 0)
(1.03896 3.5266e-09 0)
(1.03896 -1.92908e-08 0)
(1.03896 -1.59118e-08 0)
(1.03896 2.18317e-08 0)
(1.03896 5.61409e-08 0)
(1.03896 7.05129e-08 0)
(1.03896 9.03621e-08 0)
(1.03896 7.45223e-08 0)
(1.03896 8.61234e-08 0)
(1.03896 5.84065e-08 0)
(1.03896 7.1262e-08 0)
(1.03896 5.09302e-08 0)
(1.03896 1.92369e-08 0)
(1.03896 -2.81539e-09 0)
(1.03896 5.3004e-09 0)
(1.03896 4.30288e-09 0)
(1.03896 1.3308e-09 0)
(1.03896 8.96821e-10 0)
(1.03896 3.60808e-10 0)
(1.03896 -3.64236e-08 0)
(1.03896 -5.817e-08 0)
(1.03896 -9.5517e-08 0)
(1.03896 -8.56019e-08 0)
(1.03896 -7.5056e-08 0)
(1.03896 -4.49556e-08 0)
(1.03896 -1.8996e-08 0)
(1.03896 8.06614e-11 0)
(1.03896 -2.95145e-09 0)
(1.03896 1.24286e-08 0)
(1.03896 2.88604e-08 0)
(1.03896 5.60333e-08 0)
(1.03896 5.51394e-08 0)
(1.03896 6.69097e-08 0)
(1.03896 6.95638e-08 0)
(1.03896 7.1066e-08 0)
(1.03896 5.76852e-08 0)
(1.03896 7.54534e-08 0)
(1.03896 1.20161e-07 0)
(1.03896 1.78539e-07 0)
(1.03896 2.63984e-07 0)
(1.03896 4.11231e-07 0)
(1.03896 6.58076e-07 0)
(1.03896 1.04265e-06 0)
(1.03896 1.60766e-06 0)
(1.03896 2.4586e-06 0)
(1.03896 3.67836e-06 0)
(1.03896 5.45846e-06 0)
(1.03896 8.10141e-06 0)
(1.03896 1.18632e-05 0)
(1.03896 1.80144e-05 0)
(1.03897 2.68817e-05 0)
(1.03897 4.63288e-05 0)
(1.03897 7.84359e-05 0)
(1.03896 0.000211197 0)
(1.03901 0.000547394 0)
(1.03912 0.00191876 0)
(1.03982 0.00380289 0)
(0.971078 0.040181 0)
(1.05354 0.0228709 0)
(1.02732 0.00644211 0)
(1.04223 0.000292997 0)
(1.03584 -0.000354608 0)
(1.03864 0.000230611 0)
(1.03758 0.000438457 0)
(1.03828 0.00052595 0)
(1.03822 0.000468513 0)
(1.03847 0.000412412 0)
(1.03855 0.000342763 0)
(1.03866 0.000283543 0)
(1.03873 0.000227828 0)
(1.0388 0.000180172 0)
(1.03884 0.000139704 0)
(1.03888 0.00010603 0)
(1.0389 7.84916e-05 0)
(1.03892 5.74899e-05 0)
(1.03893 4.14647e-05 0)
(1.03894 2.93373e-05 0)
(1.03895 2.02704e-05 0)
(1.03895 1.3941e-05 0)
(1.03895 9.49558e-06 0)
(1.03896 6.48523e-06 0)
(1.03896 4.33248e-06 0)
(1.03896 2.91931e-06 0)
(1.03896 1.89161e-06 0)
(1.03896 1.28181e-06 0)
(1.03896 8.19655e-07 0)
(1.03896 5.64362e-07 0)
(1.03896 3.54687e-07 0)
(1.03896 2.1442e-07 0)
(1.03896 9.71322e-08 0)
(1.03896 6.46297e-08 0)
(1.03896 -3.33658e-09 0)
(1.03896 -2.14349e-08 0)
(1.03896 -6.98269e-08 0)
(1.03896 -5.07796e-08 0)
(1.03896 -8.3515e-08 0)
(1.03896 -1.06347e-07 0)
(1.03896 -1.151e-07 0)
(1.03896 -7.54006e-08 0)
(1.03896 -5.9287e-08 0)
(1.03896 -8.7453e-09 0)
(1.03896 -2.13193e-08 0)
(1.03896 -1.94442e-08 0)
(1.03896 1.59136e-08 0)
(1.03896 5.77711e-08 0)
(1.03896 6.86396e-08 0)
(1.03896 8.23806e-08 0)
(1.03896 7.06721e-08 0)
(1.03896 8.51207e-08 0)
(1.03896 5.61274e-08 0)
(1.03896 6.7827e-08 0)
(1.03896 5.32963e-08 0)
(1.03896 2.20644e-08 0)
(1.03896 -7.0614e-09 0)
(1.03896 -1.34231e-09 0)
(1.03896 2.61661e-09 0)
(1.03896 -4.97044e-10 0)
(1.03896 -6.77474e-09 0)
(1.03896 -1.13629e-08 0)
(1.03896 -4.9711e-08 0)
(1.03896 -6.76811e-08 0)
(1.03896 -1.02946e-07 0)
(1.03896 -9.48619e-08 0)
(1.03896 -8.41865e-08 0)
(1.03896 -5.50191e-08 0)
(1.03896 -2.75839e-08 0)
(1.03896 -5.58345e-09 0)
(1.03896 -9.40387e-09 0)
(1.03896 1.59298e-09 0)
(1.03896 1.95153e-08 0)
(1.03896 5.39647e-08 0)
(1.03896 5.50296e-08 0)
(1.03896 6.1227e-08 0)
(1.03896 6.30098e-08 0)
(1.03896 6.93287e-08 0)
(1.03896 5.71781e-08 0)
(1.03896 6.86263e-08 0)
(1.03896 1.09919e-07 0)
(1.03896 1.66536e-07 0)
(1.03896 2.45641e-07 0)
(1.03896 3.83137e-07 0)
(1.03896 6.17841e-07 0)
(1.03896 9.81984e-07 0)
(1.03896 1.51263e-06 0)
(1.03896 2.31831e-06 0)
(1.03896 3.47168e-06 0)
(1.03896 5.15208e-06 0)
(1.03897 7.66373e-06 0)
(1.03897 1.12727e-05 0)
(1.03897 1.72612e-05 0)
(1.03898 2.603e-05 0)
(1.03898 4.53894e-05 0)
(1.03899 7.70943e-05 0)
(1.03899 0.000205054 0)
(1.0391 0.000522138 0)
(1.03926 0.00181587 0)
(1.04038 0.00358156 0)
(0.970202 0.034132 0)
(1.0523 0.0201773 0)
(1.02705 0.00580402 0)
(1.04201 0.00024871 0)
(1.03559 -0.000324353 0)
(1.03839 0.000198438 0)
(1.03733 0.000395103 0)
(1.03808 0.000474428 0)
(1.03805 0.000424221 0)
(1.03833 0.000373832 0)
(1.03843 0.000311312 0)
(1.03858 0.000257901 0)
(1.03866 0.000207535 0)
(1.03875 0.00016435 0)
(1.0388 0.000127653 0)
(1.03885 9.69953e-05 0)
(1.03888 7.18749e-05 0)
(1.03891 5.27323e-05 0)
(1.03892 3.81198e-05 0)
(1.03894 2.70296e-05 0)
(1.03894 1.8669e-05 0)
(1.03895 1.28356e-05 0)
(1.03895 8.75955e-06 0)
(1.03896 5.99878e-06 0)
(1.03896 4.00592e-06 0)
(1.03896 2.70488e-06 0)
(1.03896 1.75483e-06 0)
(1.03896 1.19538e-06 0)
(1.03896 7.66529e-07 0)
(1.03896 5.25443e-07 0)
(1.03896 3.25569e-07 0)
(1.03896 1.91135e-07 0)
(1.03896 7.25234e-08 0)
(1.03896 4.50067e-08 0)
(1.03896 -1.79171e-08 0)
(1.03896 -4.25587e-08 0)
(1.03896 -9.58883e-08 0)
(1.03896 -7.52451e-08 0)
(1.03896 -9.77395e-08 0)
(1.03896 -1.13713e-07 0)
(1.03896 -1.21927e-07 0)
(1.03896 -8.50511e-08 0)
(1.03896 -7.41531e-08 0)
(1.03896 -2.20265e-08 0)
(1.03896 -2.26785e-08 0)
(1.03896 -1.81569e-08 0)
(1.03896 1.25883e-08 0)
(1.03896 5.79933e-08 0)
(1.03896 6.70583e-08 0)
(1.03896 7.55935e-08 0)
(1.03896 6.70233e-08 0)
(1.03896 8.54819e-08 0)
(1.03896 5.55684e-08 0)
(1.03896 6.39985e-08 0)
(1.03896 5.53735e-08 0)
(1.03896 2.78766e-08 0)
(1.03896 -7.87097e-09 0)
(1.03896 -6.63383e-09 0)
(1.03896 1.26871e-09 0)
(1.03896 -7.57298e-10 0)
(1.03896 -1.24181e-08 0)
(1.03896 -2.17924e-08 0)
(1.03896 -6.24676e-08 0)
(1.03896 -7.60041e-08 0)
(1.03896 -1.06699e-07 0)
(1.03896 -1.00007e-07 0)
(1.03896 -9.00131e-08 0)
(1.03896 -6.27192e-08 0)
(1.03896 -3.55545e-08 0)
(1.03896 -1.07996e-08 0)
(1.03896 -1.36733e-08 0)
(1.03896 -6.46228e-09 0)
(1.03896 1.04807e-08 0)
(1.03896 5.1257e-08 0)
(1.03896 5.64987e-08 0)
(1.03896 5.81336e-08 0)
(1.03896 5.68478e-08 0)
(1.03896 6.72983e-08 0)
(1.03896 5.78501e-08 0)
(1.03896 6.27651e-08 0)
(1.03896 9.8855e-08 0)
(1.03896 1.5229e-07 0)
(1.03896 2.23209e-07 0)
(1.03896 3.46606e-07 0)
(1.03896 5.62297e-07 0)
(1.03896 8.98363e-07 0)
(1.03896 1.38099e-06 0)
(1.03896 2.12089e-06 0)
(1.03896 3.18132e-06 0)
(1.03897 4.72308e-06 0)
(1.03897 7.04029e-06 0)
(1.03897 1.03987e-05 0)
(1.03897 1.60417e-05 0)
(1.03898 2.44067e-05 0)
(1.03899 4.29567e-05 0)
(1.03901 7.31276e-05 0)
(1.03902 0.0001925 0)
(1.03918 0.000483107 0)
(1.03938 0.00166812 0)
(1.04088 0.00327627 0)
(0.969506 0.0283936 0)
(1.05125 0.01732 0)
(1.02683 0.00506973 0)
(1.04182 0.000206544 0)
(1.03538 -0.000287594 0)
(1.03817 0.0001662 0)
(1.03712 0.000345094 0)
(1.0379 0.000414861 0)
(1.0379 0.000372157 0)
(1.03821 0.000328266 0)
(1.03834 0.000273811 0)
(1.0385 0.000227118 0)
(1.03861 0.000182986 0)
(1.0387 0.000145071 0)
(1.03877 0.00011286 0)
(1.03882 8.58256e-05 0)
(1.03886 6.36306e-05 0)
(1.03889 4.67645e-05 0)
(1.03891 3.38847e-05 0)
(1.03893 2.40795e-05 0)
(1.03894 1.66193e-05 0)
(1.03895 1.1416e-05 0)
(1.03895 7.8009e-06 0)
(1.03896 5.36321e-06 0)
(1.03896 3.58483e-06 0)
(1.03896 2.42958e-06 0)
(1.03896 1.57751e-06 0)
(1.03896 1.08128e-06 0)
(1.03896 6.96312e-07 0)
(1.03896 4.76016e-07 0)
(1.03896 2.91141e-07 0)
(1.03896 1.6777e-07 0)
(1.03896 4.8546e-08 0)
(1.03896 2.36307e-08 0)
(1.03896 -3.19077e-08 0)
(1.03896 -5.86648e-08 0)
(1.03896 -1.16788e-07 0)
(1.03896 -9.6554e-08 0)
(1.03896 -1.08372e-07 0)
(1.03896 -1.16164e-07 0)
(1.03896 -1.2428e-07 0)
(1.03896 -9.05913e-08 0)
(1.03896 -8.49408e-08 0)
(1.03896 -3.29754e-08 0)
(1.03896 -2.21156e-08 0)
(1.03896 -1.13811e-08 0)
(1.03896 1.44634e-08 0)
(1.03896 5.93873e-08 0)
(1.03896 6.74591e-08 0)
(1.03896 7.23421e-08 0)
(1.03896 6.5786e-08 0)
(1.03896 8.88159e-08 0)
(1.03896 5.92439e-08 0)
(1.03896 6.23367e-08 0)
(1.03896 5.84622e-08 0)
(1.03896 3.79141e-08 0)
(1.03896 -2.8262e-09 0)
(1.03896 -8.13219e-09 0)
(1.03896 2.15667e-09 0)
(1.03896 1.64037e-09 0)
(1.03896 -1.46175e-08 0)
(1.03896 -2.86906e-08 0)
(1.03896 -7.18061e-08 0)
(1.03896 -8.12949e-08 0)
(1.03896 -1.05586e-07 0)
(1.03896 -9.93546e-08 0)
(1.03896 -9.04048e-08 0)
(1.03896 -6.58482e-08 0)
(1.03896 -4.05621e-08 0)
(1.03896 -1.38224e-08 0)
(1.03896 -1.41011e-08 0)
(1.03896 -9.58313e-09 0)
(1.03896 4.81871e-09 0)
(1.03896 4.98928e-08 0)
(1.03896 6.08972e-08 0)
(1.03896 5.99464e-08 0)
(1.03896 5.40498e-08 0)
(1.03896 6.70382e-08 0)
(1.03896 6.1624e-08 0)
(1.03896 6.02818e-08 0)
(1.03896 8.93132e-08 0)
(1.03896 1.37823e-07 0)
(1.03896 1.98989e-07 0)
(1.03896 3.04686e-07 0)
(1.03896 4.94753e-07 0)
(1.03896 7.95744e-07 0)
(1.03896 1.21969e-06 0)
(1.03896 1.87576e-06 0)
(1.03897 2.81952e-06 0)
(1.03897 4.18801e-06 0)
(1.03897 6.25293e-06 0)
(1.03897 9.26864e-06 0)
(1.03898 1.43905e-05 0)
(1.03899 2.20556e-05 0)
(1.039 3.91016e-05 0)
(1.03903 6.66671e-05 0)
(1.03905 0.000173986 0)
(1.03925 0.000431534 0)
(1.03949 0.00148066 0)
(1.04131 0.00289762 0)
(0.968963 0.0229067 0)
(1.05041 0.014333 0)
(1.02665 0.00425526 0)
(1.04167 0.000166314 0)
(1.0352 -0.000244716 0)
(1.03799 0.000134452 0)
(1.03695 0.000289621 0)
(1.03775 0.000348573 0)
(1.03777 0.000313526 0)
(1.03811 0.00027678 0)
(1.03825 0.000231153 0)
(1.03843 0.000191937 0)
(1.03855 0.000154784 0)
(1.03866 0.000122808 0)
(1.03874 9.56903e-05 0)
(1.0388 7.28024e-05 0)
(1.03885 5.39656e-05 0)
(1.03888 3.97364e-05 0)
(1.03891 2.88692e-05 0)
(1.03892 2.05605e-05 0)
(1.03894 1.41717e-05 0)
(1.03894 9.71956e-06 0)
(1.03895 6.64531e-06 0)
(1.03895 4.59356e-06 0)
(1.03896 3.07953e-06 0)
(1.03896 2.10008e-06 0)
(1.03896 1.36378e-06 0)
(1.03896 9.40604e-07 0)
(1.03896 6.08798e-07 0)
(1.03896 4.15366e-07 0)
(1.03896 2.50347e-07 0)
(1.03896 1.42664e-07 0)
(1.03896 2.42682e-08 0)
(1.03896 -9.73419e-10 0)
(1.03896 -4.85318e-08 0)
(1.03896 -7.23263e-08 0)
(1.03896 -1.33139e-07 0)
(1.03896 -1.15812e-07 0)
(1.03896 -1.17935e-07 0)
(1.03896 -1.16947e-07 0)
(1.03896 -1.24703e-07 0)
(1.03896 -9.43785e-08 0)
(1.03896 -9.31105e-08 0)
(1.03896 -4.26085e-08 0)
(1.03896 -2.18576e-08 0)
(1.03896 -2.96365e-09 0)
(1.03896 1.90556e-08 0)
(1.03896 6.02594e-08 0)
(1.03896 6.74965e-08 0)
(1.03896 7.05025e-08 0)
(1.03896 6.4854e-08 0)
(1.03896 9.19944e-08 0)
(1.03896 6.48947e-08 0)
(1.03896 6.13063e-08 0)
(1.03896 5.9918e-08 0)
(1.03896 4.85005e-08 0)
(1.03896 5.81377e-09 0)
(1.03896 -7.50097e-09 0)
(1.03896 2.89712e-09 0)
(1.03896 4.04885e-09 0)
(1.03896 -1.62287e-08 0)
(1.03896 -3.43789e-08 0)
(1.03896 -7.93338e-08 0)
(1.03896 -8.56828e-08 0)
(1.03896 -1.02727e-07 0)
(1.03896 -9.59052e-08 0)
(1.03896 -8.78665e-08 0)
(1.03896 -6.6667e-08 0)
(1.03896 -4.46749e-08 0)
(1.03896 -1.71988e-08 0)
(1.03896 -1.35048e-08 0)
(1.03896 -9.67911e-09 0)
(1.03896 1.12721e-09 0)
(1.03896 4.76235e-08 0)
(1.03896 6.50869e-08 0)
(1.03896 6.39884e-08 0)
(1.03896 5.28996e-08 0)
(1.03896 6.62721e-08 0)
(1.03896 6.56989e-08 0)
(1.03896 5.89429e-08 0)
(1.03896 7.93042e-08 0)
(1.03896 1.20943e-07 0)
(1.03896 1.71058e-07 0)
(1.03896 2.56519e-07 0)
(1.03896 4.15286e-07 0)
(1.03896 6.74762e-07 0)
(1.03896 1.03179e-06 0)
(1.03896 1.58831e-06 0)
(1.03897 2.39384e-06 0)
(1.03897 3.55863e-06 0)
(1.03897 5.31992e-06 0)
(1.03898 7.90909e-06 0)
(1.03898 1.23475e-05 0)
(1.03899 1.90387e-05 0)
(1.039 3.39427e-05 0)
(1.03904 5.79313e-05 0)
(1.03907 0.000150134 0)
(1.03931 0.000368911 0)
(1.03959 0.00125901 0)
(1.04169 0.00245653 0)
(0.96855 0.0176182 0)
(1.04975 0.0112457 0)
(1.0265 0.00337597 0)
(1.04154 0.000127704 0)
(1.03507 -0.000196404 0)
(1.03784 0.000103471 0)
(1.0368 0.00022979 0)
(1.03763 0.000276841 0)
(1.03767 0.000249523 0)
(1.03802 0.000220435 0)
(1.03819 0.000184248 0)
(1.03838 0.000153118 0)
(1.03851 0.000123557 0)
(1.03863 9.80645e-05 0)
(1.03872 7.65363e-05 0)
(1.03879 5.82305e-05 0)
(1.03884 4.31086e-05 0)
(1.03887 3.18142e-05 0)
(1.0389 2.31962e-05 0)
(1.03892 1.65586e-05 0)
(1.03893 1.13841e-05 0)
(1.03894 7.7889e-06 0)
(1.03895 5.32397e-06 0)
(1.03895 3.70869e-06 0)
(1.03896 2.50153e-06 0)
(1.03896 1.72396e-06 0)
(1.03896 1.11884e-06 0)
(1.03896 7.76328e-07 0)
(1.03896 5.05253e-07 0)
(1.03896 3.44208e-07 0)
(1.03896 2.03469e-07 0)
(1.03896 1.15375e-07 0)
(1.03896 2.56257e-11 0)
(1.03896 -2.85818e-08 0)
(1.03896 -6.92799e-08 0)
(1.03896 -8.57077e-08 0)
(1.03896 -1.45317e-07 0)
(1.03896 -1.32698e-07 0)
(1.03896 -1.2729e-07 0)
(1.03896 -1.18086e-07 0)
(1.03896 -1.2457e-07 0)
(1.03896 -9.73289e-08 0)
(1.03896 -9.89157e-08 0)
(1.03896 -5.08002e-08 0)
(1.03896 -2.23528e-08 0)
(1.03896 4.7232e-09 0)
(1.03896 2.4473e-08 0)
(1.03896 6.01882e-08 0)
(1.03896 6.63697e-08 0)
(1.03896 6.91051e-08 0)
(1.03896 6.34871e-08 0)
(1.03896 9.33763e-08 0)
(1.03896 7.12102e-08 0)
(1.03896 6.0865e-08 0)
(1.03896 5.89677e-08 0)
(1.03896 5.71358e-08 0)
(1.03896 1.63883e-08 0)
(1.03896 -5.17261e-09 0)
(1.03896 2.49164e-09 0)
(1.03896 4.98312e-09 0)
(1.03896 -1.89221e-08 0)
(1.03896 -4.02091e-08 0)
(1.03896 -8.55312e-08 0)
(1.03896 -8.95974e-08 0)
(1.03896 -9.96363e-08 0)
(1.03896 -9.15667e-08 0)
(1.03896 -8.39207e-08 0)
(1.03896 -6.62583e-08 0)
(1.03896 -4.86444e-08 0)
(1.03896 -2.20203e-08 0)
(1.03896 -1.36236e-08 0)
(1.03896 -8.08812e-09 0)
(1.03896 -1.05504e-09 0)
(1.03896 4.37363e-08 0)
(1.03896 6.74087e-08 0)
(1.03896 6.86497e-08 0)
(1.03896 5.27674e-08 0)
(1.03896 6.41302e-08 0)
(1.03896 6.84911e-08 0)
(1.03896 5.77324e-08 0)
(1.03896 6.81438e-08 0)
(1.03896 1.00843e-07 0)
(1.03896 1.38871e-07 0)
(1.03896 2.02403e-07 0)
(1.03896 3.25336e-07 0)
(1.03896 5.37331e-07 0)
(1.03896 8.21147e-07 0)
(1.03897 1.26523e-06 0)
(1.03897 1.91341e-06 0)
(1.03897 2.84857e-06 0)
(1.03897 4.26278e-06 0)
(1.03898 6.35274e-06 0)
(1.03898 9.96524e-06 0)
(1.039 1.54415e-05 0)
(1.03901 2.7647e-05 0)
(1.03906 4.72201e-05 0)
(1.03909 0.000121715 0)
(1.03936 0.000296947 0)
(1.03967 0.00100902 0)
(1.04199 0.0019641 0)
(0.968252 0.0124799 0)
(1.04926 0.00808374 0)
(1.0264 0.00244673 0)
(1.04145 9.03419e-05 0)
(1.03496 -0.000143601 0)
(1.03773 7.33125e-05 0)
(1.0367 0.000166638 0)
(1.03754 0.000200904 0)
(1.03759 0.000181336 0)
(1.03796 0.000160302 0)
(1.03814 0.000134022 0)
(1.03834 0.000111448 0)
(1.03848 8.9955e-05 0)
(1.03861 7.13706e-05 0)
(1.0387 5.58155e-05 0)
(1.03877 4.24357e-05 0)
(1.03883 3.13087e-05 0)
(1.03887 2.31803e-05 0)
(1.0389 1.70004e-05 0)
(1.03892 1.21718e-05 0)
(1.03893 8.32267e-06 0)
(1.03894 5.67177e-06 0)
(1.03895 3.87296e-06 0)
(1.03895 2.73186e-06 0)
(1.03896 1.86412e-06 0)
(1.03896 1.30999e-06 0)
(1.03896 8.49111e-07 0)
(1.03896 5.93206e-07 0)
(1.03896 3.88334e-07 0)
(1.03896 2.64623e-07 0)
(1.03896 1.518e-07 0)
(1.03896 8.619e-08 0)
(1.03896 -2.33735e-08 0)
(1.03896 -5.75281e-08 0)
(1.03896 -9.38121e-08 0)
(1.03896 -1.00124e-07 0)
(1.03896 -1.53841e-07 0)
(1.03896 -1.45972e-07 0)
(1.03896 -1.35752e-07 0)
(1.03896 -1.20207e-07 0)
(1.03896 -1.24362e-07 0)
(1.03896 -9.92404e-08 0)
(1.03896 -1.01838e-07 0)
(1.03896 -5.66582e-08 0)
(1.03896 -2.31737e-08 0)
(1.03896 1.05811e-08 0)
(1.03896 2.94891e-08 0)
(1.03896 5.96979e-08 0)
(1.03896 6.44933e-08 0)
(1.03896 6.80737e-08 0)
(1.03896 6.1972e-08 0)
(1.03896 9.262e-08 0)
(1.03896 7.75433e-08 0)
(1.03896 6.184e-08 0)
(1.03896 5.64054e-08 0)
(1.03896 6.27025e-08 0)
(1.03896 2.77783e-08 0)
(1.03896 -7.70963e-10 0)
(1.03896 1.24896e-09 0)
(1.03896 3.95278e-09 0)
(1.03896 -2.31963e-08 0)
(1.03896 -4.66268e-08 0)
(1.03896 -9.01908e-08 0)
(1.03896 -9.22618e-08 0)
(1.03896 -9.63899e-08 0)
(1.03896 -8.71687e-08 0)
(1.03896 -7.93329e-08 0)
(1.03896 -6.4805e-08 0)
(1.03896 -5.21118e-08 0)
(1.03896 -2.80419e-08 0)
(1.03896 -1.51561e-08 0)
(1.03896 -5.5886e-09 0)
(1.03896 -1.53114e-09 0)
(1.03896 3.8767e-08 0)
(1.03896 6.74652e-08 0)
(1.03896 7.31798e-08 0)
(1.03896 5.37893e-08 0)
(1.03896 6.08088e-08 0)
(1.03896 6.94135e-08 0)
(1.03896 5.64056e-08 0)
(1.03896 5.61649e-08 0)
(1.03896 7.7845e-08 0)
(1.03896 1.02985e-07 0)
(1.03896 1.43643e-07 0)
(1.03896 2.27464e-07 0)
(1.03896 3.86751e-07 0)
(1.03896 5.92648e-07 0)
(1.03897 9.14793e-07 0)
(1.03897 1.38959e-06 0)
(1.03897 2.07395e-06 0)
(1.03897 3.10665e-06 0)
(1.03898 4.63855e-06 0)
(1.03899 7.30792e-06 0)
(1.039 1.13708e-05 0)
(1.03902 2.04235e-05 0)
(1.03907 3.4902e-05 0)
(1.0391 8.96207e-05 0)
(1.0394 0.000217532 0)
(1.03973 0.000736753 0)
(1.04222 0.00143162 0)
(0.968059 0.00744646 0)
(1.04893 0.00487021 0)
(1.02633 0.00148204 0)
(1.04139 5.38477e-05 0)
(1.0349 -8.74524e-05 0)
(1.03766 4.3854e-05 0)
(1.03663 0.000101144 0)
(1.03748 0.000121978 0)
(1.03754 0.000110156 0)
(1.03792 9.74543e-05 0)
(1.0381 8.14152e-05 0)
(1.03831 6.77301e-05 0)
(1.03846 5.46464e-05 0)
(1.03859 4.32762e-05 0)
(1.03869 3.3965e-05 0)
(1.03876 2.57605e-05 0)
(1.03882 1.88307e-05 0)
(1.03886 1.40303e-05 0)
(1.03889 1.04251e-05 0)
(1.03891 7.50664e-06 0)
(1.03893 5.06091e-06 0)
(1.03894 3.41959e-06 0)
(1.03895 2.33092e-06 0)
(1.03895 1.6895e-06 0)
(1.03896 1.18191e-06 0)
(1.03896 8.67206e-07 0)
(1.03896 5.61239e-07 0)
(1.03896 3.9686e-07 0)
(1.03896 2.61333e-07 0)
(1.03896 1.7911e-07 0)
(1.03896 9.67384e-08 0)
(1.03896 5.5225e-08 0)
(1.03896 -4.56492e-08 0)
(1.03896 -8.59227e-08 0)
(1.03896 -1.20766e-07 0)
(1.03896 -1.16351e-07 0)
(1.03896 -1.59993e-07 0)
(1.03896 -1.54872e-07 0)
(1.03896 -1.42114e-07 0)
(1.03896 -1.23083e-07 0)
(1.03896 -1.24374e-07 0)
(1.03896 -9.98234e-08 0)
(1.03896 -1.01612e-07 0)
(1.03896 -5.96109e-08 0)
(1.03896 -2.38907e-08 0)
(1.03896 1.40946e-08 0)
(1.03896 3.29691e-08 0)
(1.03896 5.91465e-08 0)
(1.03896 6.24536e-08 0)
(1.03896 6.74015e-08 0)
(1.03896 6.06571e-08 0)
(1.03896 8.99242e-08 0)
(1.03896 8.31864e-08 0)
(1.03896 6.47802e-08 0)
(1.03896 5.34912e-08 0)
(1.03896 6.48335e-08 0)
(1.03896 3.87092e-08 0)
(1.03896 5.83378e-09 0)
(1.03896 -2.49935e-10 0)
(1.03896 8.47178e-10 0)
(1.03896 -2.91305e-08 0)
(1.03896 -5.37281e-08 0)
(1.03896 -9.32532e-08 0)
(1.03896 -9.28734e-08 0)
(1.03896 -9.25196e-08 0)
(1.03896 -8.307e-08 0)
(1.03896 -7.481e-08 0)
(1.03896 -6.24962e-08 0)
(1.03896 -5.45371e-08 0)
(1.03896 -3.45035e-08 0)
(1.03896 -1.83295e-08 0)
(1.03896 -2.96022e-09 0)
(1.03896 -2.88491e-10 0)
(1.03896 3.35674e-08 0)
(1.03896 6.53308e-08 0)
(1.03896 7.69801e-08 0)
(1.03896 5.60635e-08 0)
(1.03896 5.67997e-08 0)
(1.03896 6.81627e-08 0)
(1.03896 5.47066e-08 0)
(1.03896 4.38595e-08 0)
(1.03896 5.25868e-08 0)
(1.03896 6.41776e-08 0)
(1.03896 8.17073e-08 0)
(1.03896 1.24398e-07 0)
(1.03896 2.26854e-07 0)
(1.03896 3.5143e-07 0)
(1.03897 5.45674e-07 0)
(1.03897 8.34868e-07 0)
(1.03897 1.25228e-06 0)
(1.03897 1.87873e-06 0)
(1.03898 2.80964e-06 0)
(1.03899 4.44854e-06 0)
(1.039 6.95006e-06 0)
(1.03902 1.25138e-05 0)
(1.03907 2.13988e-05 0)
(1.03911 5.48369e-05 0)
(1.03943 0.000132695 0)
(1.03977 0.000448472 0)
(1.04237 0.000870446 0)
(0.967965 0.00247511 0)
(1.04877 0.00162643 0)
(1.02629 0.000496153 0)
(1.04136 1.78544e-05 0)
(1.03486 -2.92468e-05 0)
(1.03762 1.48545e-05 0)
(1.03659 3.42522e-05 0)
(1.03745 4.12591e-05 0)
(1.03752 3.71764e-05 0)
(1.0379 3.2974e-05 0)
(1.03808 2.73792e-05 0)
(1.0383 2.27844e-05 0)
(1.03845 1.83148e-05 0)
(1.03858 1.43449e-05 0)
(1.03868 1.14357e-05 0)
(1.03876 8.55824e-06 0)
(1.03882 5.94973e-06 0)
(1.03886 4.56981e-06 0)
(1.03889 3.62009e-06 0)
(1.03891 2.67507e-06 0)
(1.03893 1.67781e-06 0)
(1.03894 1.08639e-06 0)
(1.03895 7.37382e-07 0)
(1.03895 6.09969e-07 0)
(1.03896 4.71052e-07 0)
(1.03896 4.04833e-07 0)
(1.03896 2.61676e-07 0)
(1.03896 1.9321e-07 0)
(1.03896 1.28006e-07 0)
(1.03896 9.02455e-08 0)
(1.03896 3.95713e-08 0)
(1.03896 2.22913e-08 0)
(1.03896 -6.72461e-08 0)
(1.03896 -1.12262e-07 0)
(1.03896 -1.48185e-07 0)
(1.03896 -1.34341e-07 0)
(1.03896 -1.65389e-07 0)
(1.03896 -1.59611e-07 0)
(1.03896 -1.45297e-07 0)
(1.03896 -1.25808e-07 0)
(1.03896 -1.24662e-07 0)
(1.03896 -9.9024e-08 0)
(1.03896 -9.85052e-08 0)
(1.03896 -5.97231e-08 0)
(1.03896 -2.43284e-08 0)
(1.03896 1.52493e-08 0)
(1.03896 3.40455e-08 0)
(1.03896 5.84834e-08 0)
(1.03896 6.06547e-08 0)
(1.03896 6.69973e-08 0)
(1.03896 5.96923e-08 0)
(1.03896 8.57048e-08 0)
(1.03896 8.73501e-08 0)
(1.03896 6.95819e-08 0)
(1.03896 5.14587e-08 0)
(1.03896 6.38501e-08 0)
(1.03896 4.78687e-08 0)
(1.03896 1.42698e-08 0)
(1.03896 -1.4629e-09 0)
(1.03896 -4.16212e-09 0)
(1.03896 -3.64923e-08 0)
(1.03896 -6.13166e-08 0)
(1.03896 -9.49217e-08 0)
(1.03896 -9.10692e-08 0)
(1.03896 -8.74195e-08 0)
(1.03896 -7.92055e-08 0)
(1.03896 -7.09692e-08 0)
(1.03896 -5.97075e-08 0)
(1.03896 -5.55195e-08 0)
(1.03896 -4.0447e-08 0)
(1.03896 -2.30204e-08 0)
(1.03896 -9.85026e-10 0)
(1.03896 2.34517e-09 0)
(1.03896 2.90159e-08 0)
(1.03896 6.13481e-08 0)
(1.03896 7.9448e-08 0)
(1.03896 5.94224e-08 0)
(1.03896 5.26548e-08 0)
(1.03896 6.46125e-08 0)
(1.03896 5.22158e-08 0)
(1.03896 3.1656e-08 0)
(1.03896 2.58897e-08 0)
(1.03896 2.32459e-08 0)
(1.03896 1.79997e-08 0)
(1.03896 1.87257e-08 0)
(1.03896 6.1585e-08 0)
(1.03896 1.02609e-07 0)
(1.03897 1.6629e-07 0)
(1.03897 2.62169e-07 0)
(1.03897 4.0185e-07 0)
(1.03897 6.07263e-07 0)
(1.03898 9.11695e-07 0)
(1.03899 1.4661e-06 0)
(1.039 2.31451e-06 0)
(1.03902 4.18291e-06 0)
(1.03908 7.17e-06 0)
(1.03912 1.8414e-05 0)
(1.03945 4.4567e-05 0)
(1.0398 0.000150535 0)
(1.04245 0.00029204 0)
(0.967965 -0.00247569 0)
(1.04877 -0.00162733 0)
(1.02629 -0.000496784 0)
(1.04136 -1.79849e-05 0)
(1.03486 2.96447e-05 0)
(1.03762 -1.39959e-05 0)
(1.03659 -3.31132e-05 0)
(1.03745 -4.00608e-05 0)
(1.03752 -3.6403e-05 0)
(1.0379 -3.20512e-05 0)
(1.03808 -2.71279e-05 0)
(1.0383 -2.25637e-05 0)
(1.03845 -1.83502e-05 0)
(1.03858 -1.48535e-05 0)
(1.03868 -1.13149e-05 0)
(1.03876 -8.81297e-06 0)
(1.03882 -7.05498e-06 0)
(1.03886 -4.99041e-06 0)
(1.03889 -3.26127e-06 0)
(1.03891 -2.20886e-06 0)
(1.03893 -1.74457e-06 0)
(1.03894 -1.27217e-06 0)
(1.03895 -8.68351e-07 0)
(1.03895 -4.77665e-07 0)
(1.03896 -2.50498e-07 0)
(1.03896 -6.72313e-08 0)
(1.03896 -4.32722e-08 0)
(1.03896 -1.19794e-08 0)
(1.03896 -7.51946e-09 0)
(1.03896 6.26476e-10 0)
(1.03896 -1.84606e-08 0)
(1.03896 -1.28633e-08 0)
(1.03896 -8.90916e-08 0)
(1.03896 -1.35708e-07 0)
(1.03896 -1.73934e-07 0)
(1.03896 -1.5308e-07 0)
(1.03896 -1.71216e-07 0)
(1.03896 -1.61272e-07 0)
(1.03896 -1.44778e-07 0)
(1.03896 -1.27067e-07 0)
(1.03896 -1.24845e-07 0)
(1.03896 -9.69986e-08 0)
(1.03896 -9.32634e-08 0)
(1.03896 -5.76335e-08 0)
(1.03896 -2.45798e-08 0)
(1.03896 1.44542e-08 0)
(1.03896 3.24117e-08 0)
(1.03896 5.73523e-08 0)
(1.03896 5.92304e-08 0)
(1.03896 6.67586e-08 0)
(1.03896 5.90837e-08 0)
(1.03896 8.04655e-08 0)
(1.03896 8.9376e-08 0)
(1.03896 7.55251e-08 0)
(1.03896 5.12546e-08 0)
(1.03896 6.07239e-08 0)
(1.03896 5.4251e-08 0)
(1.03896 2.37478e-08 0)
(1.03896 -1.96201e-09 0)
(1.03896 -1.06217e-08 0)
(1.03896 -4.47624e-08 0)
(1.03896 -6.88613e-08 0)
(1.03896 -9.54475e-08 0)
(1.03896 -8.70201e-08 0)
(1.03896 -8.06238e-08 0)
(1.03896 -7.51004e-08 0)
(1.03896 -6.81052e-08 0)
(1.03896 -5.69077e-08 0)
(1.03896 -5.48884e-08 0)
(1.03896 -4.49022e-08 0)
(1.03896 -2.87071e-08 0)
(1.03896 -2.92206e-10 0)
(1.03896 5.80273e-09 0)
(1.03896 2.58851e-08 0)
(1.03896 5.613e-08 0)
(1.03896 8.00733e-08 0)
(1.03896 6.34363e-08 0)
(1.03896 4.89549e-08 0)
(1.03896 5.89424e-08 0)
(1.03896 4.84805e-08 0)
(1.03896 1.98915e-08 0)
(1.03896 -1.19322e-09 0)
(1.03896 -1.89433e-08 0)
(1.03896 -4.61777e-08 0)
(1.03896 -8.71236e-08 0)
(1.03896 -1.05188e-07 0)
(1.03896 -1.48719e-07 0)
(1.03897 -2.15398e-07 0)
(1.03897 -3.15707e-07 0)
(1.03897 -4.58593e-07 0)
(1.03897 -6.78985e-07 0)
(1.03898 -1.00839e-06 0)
(1.03899 -1.55691e-06 0)
(1.039 -2.39341e-06 0)
(1.03902 -4.29007e-06 0)
(1.03908 -7.30225e-06 0)
(1.03912 -1.85583e-05 0)
(1.03945 -4.46659e-05 0)
(1.0398 -0.000150627 0)
(1.04245 -0.000292117 0)
(0.968059 -0.00744706 0)
(1.04893 -0.00487112 0)
(1.02633 -0.00148268 0)
(1.04139 -5.40048e-05 0)
(1.0349 8.78266e-05 0)
(1.03766 -4.30264e-05 0)
(1.03663 -0.000100031 0)
(1.03748 -0.000120793 0)
(1.03754 -0.000109382 0)
(1.03792 -9.65324e-05 0)
(1.0381 -8.11476e-05 0)
(1.03831 -6.74886e-05 0)
(1.03846 -5.46588e-05 0)
(1.03859 -4.37513e-05 0)
(1.03869 -3.38298e-05 0)
(1.03876 -2.59963e-05 0)
(1.03882 -1.99064e-05 0)
(1.03886 -1.44395e-05 0)
(1.03889 -1.0065e-05 0)
(1.03891 -7.03206e-06 0)
(1.03893 -5.1237e-06 0)
(1.03894 -3.60012e-06 0)
(1.03895 -2.44808e-06 0)
(1.03895 -1.54505e-06 0)
(1.03896 -9.63365e-07 0)
(1.03896 -5.3794e-07 0)
(1.03896 -3.47236e-07 0)
(1.03896 -2.1354e-07 0)
(1.03896 -1.41054e-07 0)
(1.03896 -8.71903e-08 0)
(1.03896 -7.6062e-08 0)
(1.03896 -5.02956e-08 0)
(1.03896 -1.12208e-07 0)
(1.03896 -1.56137e-07 0)
(1.03896 -1.9617e-07 0)
(1.03896 -1.70851e-07 0)
(1.03896 -1.777e-07 0)
(1.03896 -1.61342e-07 0)
(1.03896 -1.40836e-07 0)
(1.03896 -1.25632e-07 0)
(1.03896 -1.24134e-07 0)
(1.03896 -9.39898e-08 0)
(1.03896 -8.69517e-08 0)
(1.03896 -5.43666e-08 0)
(1.03896 -2.49567e-08 0)
(1.03896 1.23572e-08 0)
(1.03896 2.84466e-08 0)
(1.03896 5.52948e-08 0)
(1.03896 5.8011e-08 0)
(1.03896 6.65965e-08 0)
(1.03896 5.87922e-08 0)
(1.03896 7.46806e-08 0)
(1.03896 8.88722e-08 0)
(1.03896 8.14584e-08 0)
(1.03896 5.33354e-08 0)
(1.03896 5.68667e-08 0)
(1.03896 5.74111e-08 0)
(1.03896 3.32432e-08 0)
(1.03896 -1.50052e-09 0)
(1.03896 -1.78458e-08 0)
(1.03896 -5.32621e-08 0)
(1.03896 -7.56293e-08 0)
(1.03896 -9.49634e-08 0)
(1.03896 -8.13493e-08 0)
(1.03896 -7.20824e-08 0)
(1.03896 -7.00854e-08 0)
(1.03896 -6.60752e-08 0)
(1.03896 -5.45395e-08 0)
(1.03896 -5.2772e-08 0)
(1.03896 -4.71167e-08 0)
(1.03896 -3.45509e-08 0)
(1.03896 -1.21205e-09 0)
(1.03896 9.37252e-09 0)
(1.03896 2.46771e-08 0)
(1.03896 5.05028e-08 0)
(1.03896 7.85397e-08 0)
(1.03896 6.74408e-08 0)
(1.03896 4.61892e-08 0)
(1.03896 5.1679e-08 0)
(1.03896 4.31479e-08 0)
(1.03896 8.75413e-09 0)
(1.03896 -2.7453e-08 0)
(1.03896 -6.13524e-08 0)
(1.03896 -1.09627e-07 0)
(1.03896 -1.9084e-07 0)
(1.03896 -2.69731e-07 0)
(1.03896 -3.97435e-07 0)
(1.03897 -5.91822e-07 0)
(1.03897 -8.86181e-07 0)
(1.03897 -1.31007e-06 0)
(1.03897 -1.95111e-06 0)
(1.03898 -2.90357e-06 0)
(1.03899 -4.5371e-06 0)
(1.039 -7.02895e-06 0)
(1.03902 -1.2621e-05 0)
(1.03907 -2.15284e-05 0)
(1.03911 -5.49779e-05 0)
(1.03943 -0.000132796 0)
(1.03977 -0.000448564 0)
(1.04237 -0.000870523 0)
(0.968252 -0.0124805 0)
(1.04926 -0.00808468 0)
(1.0264 -0.0024474 0)
(1.04145 -9.05415e-05 0)
(1.03496 0.000143935 0)
(1.03773 -7.25391e-05 0)
(1.0367 -0.000165569 0)
(1.03754 -0.000199747 0)
(1.03759 -0.000180564 0)
(1.03796 -0.000159384 0)
(1.03814 -0.000133727 0)
(1.03834 -0.000111172 0)
(1.03848 -8.99291e-05 0)
(1.03861 -7.1789e-05 0)
(1.0387 -5.5659e-05 0)
(1.03877 -4.2641e-05 0)
(1.03883 -3.23346e-05 0)
(1.03887 -2.35713e-05 0)
(1.0389 -1.66398e-05 0)
(1.03892 -1.16849e-05 0)
(1.03893 -8.37931e-06 0)
(1.03894 -5.84278e-06 0)
(1.03895 -3.96549e-06 0)
(1.03895 -2.56581e-06 0)
(1.03896 -1.64787e-06 0)
(1.03896 -9.94998e-07 0)
(1.03896 -6.43485e-07 0)
(1.03896 -4.07152e-07 0)
(1.03896 -2.68841e-07 0)
(1.03896 -1.70851e-07 0)
(1.03896 -1.31851e-07 0)
(1.03896 -8.96544e-08 0)
(1.03896 -1.37279e-07 0)
(1.03896 -1.73953e-07 0)
(1.03896 -2.13693e-07 0)
(1.03896 -1.85766e-07 0)
(1.03896 -1.84028e-07 0)
(1.03896 -1.61108e-07 0)
(1.03896 -1.34488e-07 0)
(1.03896 -1.20829e-07 0)
(1.03896 -1.2162e-07 0)
(1.03896 -9.02091e-08 0)
(1.03896 -8.06924e-08 0)
(1.03896 -5.10623e-08 0)
(1.03896 -2.5862e-08 0)
(1.03896 9.59732e-09 0)
(1.03896 2.31158e-08 0)
(1.03896 5.19984e-08 0)
(1.03896 5.65548e-08 0)
(1.03896 6.63869e-08 0)
(1.03896 5.87954e-08 0)
(1.03896 6.8738e-08 0)
(1.03896 8.57552e-08 0)
(1.03896 8.60638e-08 0)
(1.03896 5.7553e-08 0)
(1.03896 5.37982e-08 0)
(1.03896 5.7549e-08 0)
(1.03896 4.1701e-08 0)
(1.03896 -5.08624e-11 0)
(1.03896 -2.51029e-08 0)
(1.03896 -6.13285e-08 0)
(1.03896 -8.09276e-08 0)
(1.03896 -9.34299e-08 0)
(1.03896 -7.49135e-08 0)
(1.03896 -6.23139e-08 0)
(1.03896 -6.36325e-08 0)
(1.03896 -6.43535e-08 0)
(1.03896 -5.29019e-08 0)
(1.03896 -4.96031e-08 0)
(1.03896 -4.6763e-08 0)
(1.03896 -3.95864e-08 0)
(1.03896 -3.69754e-09 0)
(1.03896 1.23256e-08 0)
(1.03896 2.54733e-08 0)
(1.03896 4.53612e-08 0)
(1.03896 7.48086e-08 0)
(1.03896 7.06229e-08 0)
(1.03896 4.46047e-08 0)
(1.03896 4.3649e-08 0)
(1.03896 3.61245e-08 0)
(1.03896 -1.75051e-09 0)
(1.03896 -5.17177e-08 0)
(1.03896 -1.02738e-07 0)
(1.03896 -1.71217e-07 0)
(1.03896 -2.90218e-07 0)
(1.03896 -4.28428e-07 0)
(1.03896 -6.38377e-07 0)
(1.03897 -9.5562e-07 0)
(1.03897 -1.43703e-06 0)
(1.03897 -2.13365e-06 0)
(1.03897 -3.18036e-06 0)
(1.03898 -4.72769e-06 0)
(1.03899 -7.39254e-06 0)
(1.039 -1.14498e-05 0)
(1.03902 -2.05303e-05 0)
(1.03907 -3.50266e-05 0)
(1.0391 -8.97556e-05 0)
(1.0394 -0.000217634 0)
(1.03973 -0.000736846 0)
(1.04222 -0.00143169 0)
(0.96855 -0.0176189 0)
(1.04975 -0.0112467 0)
(1.0265 -0.00337666 0)
(1.04154 -0.000127945 0)
(1.03507 0.000196695 0)
(1.03784 -0.000102762 0)
(1.0368 -0.000228774 0)
(1.03763 -0.000275722 0)
(1.03767 -0.000248754 0)
(1.03802 -0.000219528 0)
(1.03819 -0.000183925 0)
(1.03838 -0.000152809 0)
(1.03851 -0.00012349 0)
(1.03863 -9.84197e-05 0)
(1.03872 -7.63638e-05 0)
(1.03879 -5.8406e-05 0)
(1.03884 -4.40795e-05 0)
(1.03887 -3.21879e-05 0)
(1.0389 -2.28393e-05 0)
(1.03892 -1.60626e-05 0)
(1.03893 -1.14353e-05 0)
(1.03894 -7.94781e-06 0)
(1.03895 -5.38645e-06 0)
(1.03895 -3.51631e-06 0)
(1.03896 -2.28536e-06 0)
(1.03896 -1.42528e-06 0)
(1.03896 -9.2464e-07 0)
(1.03896 -5.89202e-07 0)
(1.03896 -3.87961e-07 0)
(1.03896 -2.48431e-07 0)
(1.03896 -1.84394e-07 0)
(1.03896 -1.29984e-07 0)
(1.03896 -1.6426e-07 0)
(1.03896 -1.89704e-07 0)
(1.03896 -2.2606e-07 0)
(1.03896 -1.96302e-07 0)
(1.03896 -1.88681e-07 0)
(1.03896 -1.61135e-07 0)
(1.03896 -1.27108e-07 0)
(1.03896 -1.12768e-07 0)
(1.03896 -1.16619e-07 0)
(1.03896 -8.57666e-08 0)
(1.03896 -7.53717e-08 0)
(1.03896 -4.86562e-08 0)
(1.03896 -2.76133e-08 0)
(1.03896 6.61494e-09 0)
(1.03896 1.76778e-08 0)
(1.03896 4.75282e-08 0)
(1.03896 5.43006e-08 0)
(1.03896 6.59079e-08 0)
(1.03896 5.90943e-08 0)
(1.03896 6.29703e-08 0)
(1.03896 8.02697e-08 0)
(1.03896 8.81637e-08 0)
(1.03896 6.31941e-08 0)
(1.03896 5.28042e-08 0)
(1.03896 5.54552e-08 0)
(1.03896 4.82291e-08 0)
(1.03896 2.22804e-09 0)
(1.03896 -3.17212e-08 0)
(1.03896 -6.84278e-08 0)
(1.03896 -8.43113e-08 0)
(1.03896 -9.06839e-08 0)
(1.03896 -6.84984e-08 0)
(1.03896 -5.23135e-08 0)
(1.03896 -5.56298e-08 0)
(1.03896 -6.21907e-08 0)
(1.03896 -5.20309e-08 0)
(1.03896 -4.60072e-08 0)
(1.03896 -4.40128e-08 0)
(1.03896 -4.29453e-08 0)
(1.03896 -7.3252e-09 0)
(1.03896 1.40929e-08 0)
(1.03896 2.78995e-08 0)
(1.03896 4.14867e-08 0)
(1.03896 6.91733e-08 0)
(1.03896 7.21932e-08 0)
(1.03896 4.413e-08 0)
(1.03896 3.5823e-08 0)
(1.03896 2.7686e-08 0)
(1.03896 -1.17307e-08 0)
(1.03896 -7.30516e-08 0)
(1.03896 -1.4169e-07 0)
(1.03896 -2.29771e-07 0)
(1.03896 -3.83145e-07 0)
(1.03896 -5.77717e-07 0)
(1.03896 -8.66338e-07 0)
(1.03897 -1.29943e-06 0)
(1.03897 -1.95651e-06 0)
(1.03897 -2.91069e-06 0)
(1.03897 -4.33844e-06 0)
(1.03898 -6.43634e-06 0)
(1.03898 -1.00451e-05 0)
(1.039 -1.55208e-05 0)
(1.03901 -2.77525e-05 0)
(1.03906 -4.7338e-05 0)
(1.03909 -0.000121841 0)
(1.03936 -0.000297051 0)
(1.03967 -0.00100911 0)
(1.04199 -0.00196418 0)
(0.968962 -0.0229073 0)
(1.05041 -0.014334 0)
(1.02664 -0.00425595 0)
(1.04167 -0.000166579 0)
(1.0352 0.000244972 0)
(1.03799 -0.0001338 0)
(1.03695 -0.000288658 0)
(1.03775 -0.000347502 0)
(1.03777 -0.000312762 0)
(1.03811 -0.000275891 0)
(1.03825 -0.000230811 0)
(1.03843 -0.000191605 0)
(1.03856 -0.000154685 0)
(1.03866 -0.000123111 0)
(1.03874 -9.55187e-05 0)
(1.0388 -7.29602e-05 0)
(1.03885 -5.48908e-05 0)
(1.03888 -4.01008e-05 0)
(1.03891 -2.8524e-05 0)
(1.03892 -2.00661e-05 0)
(1.03894 -1.42204e-05 0)
(1.03894 -9.86557e-06 0)
(1.03895 -6.67895e-06 0)
(1.03895 -4.37556e-06 0)
(1.03896 -2.85927e-06 0)
(1.03896 -1.81567e-06 0)
(1.03896 -1.18263e-06 0)
(1.03896 -7.56274e-07 0)
(1.03896 -4.96398e-07 0)
(1.03896 -3.18605e-07 0)
(1.03896 -2.32285e-07 0)
(1.03896 -1.69659e-07 0)
(1.03896 -1.92175e-07 0)
(1.03896 -2.03677e-07 0)
(1.03896 -2.33451e-07 0)
(1.03896 -2.01631e-07 0)
(1.03896 -1.89998e-07 0)
(1.03896 -1.61053e-07 0)
(1.03896 -1.19895e-07 0)
(1.03896 -1.02261e-07 0)
(1.03896 -1.0892e-07 0)
(1.03896 -8.06608e-08 0)
(1.03896 -7.14164e-08 0)
(1.03896 -4.76099e-08 0)
(1.03896 -3.02546e-08 0)
(1.03896 3.63162e-09 0)
(1.03896 1.33172e-08 0)
(1.03896 4.24359e-08 0)
(1.03896 5.08224e-08 0)
(1.03896 6.48328e-08 0)
(1.03896 5.96575e-08 0)
(1.03896 5.771e-08 0)
(1.03896 7.30031e-08 0)
(1.03896 8.7021e-08 0)
(1.03896 6.9153e-08 0)
(1.03896 5.46643e-08 0)
(1.03896 5.23438e-08 0)
(1.03896 5.22675e-08 0)
(1.03896 5.03279e-09 0)
(1.03896 -3.7086e-08 0)
(1.03896 -7.4181e-08 0)
(1.03896 -8.56676e-08 0)
(1.03896 -8.65525e-08 0)
(1.03896 -6.25546e-08 0)
(1.03896 -4.3222e-08 0)
(1.03896 -4.64681e-08 0)
(1.03896 -5.88206e-08 0)
(1.03896 -5.16175e-08 0)
(1.03896 -4.26029e-08 0)
(1.03896 -3.94496e-08 0)
(1.03896 -4.40408e-08 0)
(1.03896 -1.13757e-08 0)
(1.03896 1.4406e-08 0)
(1.03896 3.126e-08 0)
(1.03896 3.93804e-08 0)
(1.03896 6.22684e-08 0)
(1.03896 7.15881e-08 0)
(1.03896 4.44365e-08 0)
(1.03896 2.91099e-08 0)
(1.03896 1.84983e-08 0)
(1.03896 -2.12541e-08 0)
(1.03896 -9.08605e-08 0)
(1.03896 -1.76713e-07 0)
(1.03896 -2.83926e-07 0)
(1.03896 -4.67597e-07 0)
(1.03896 -7.14039e-07 0)
(1.03896 -1.07607e-06 0)
(1.03896 -1.61582e-06 0)
(1.03897 -2.43321e-06 0)
(1.03897 -3.62322e-06 0)
(1.03897 -5.39798e-06 0)
(1.03898 -7.98773e-06 0)
(1.03898 -1.24229e-05 0)
(1.03899 -1.91185e-05 0)
(1.039 -3.40456e-05 0)
(1.03904 -5.80415e-05 0)
(1.03907 -0.000150251 0)
(1.03931 -0.000369017 0)
(1.03959 -0.0012591 0)
(1.04169 -0.0024566 0)
(0.969506 -0.0283942 0)
(1.05125 -0.017321 0)
(1.02683 -0.00507039 0)
(1.04182 -0.000206806 0)
(1.03538 0.000287829 0)
(1.03817 -0.000165589 0)
(1.03712 -0.00034418 0)
(1.0379 -0.000413844 0)
(1.0379 -0.000371399 0)
(1.03821 -0.000327405 0)
(1.03834 -0.000273465 0)
(1.0385 -0.000226782 0)
(1.03861 -0.000182871 0)
(1.0387 -0.000145345 0)
(1.03877 -0.000112712 0)
(1.03882 -8.59839e-05 0)
(1.03886 -6.45284e-05 0)
(1.03889 -4.71305e-05 0)
(1.03891 -3.3562e-05 0)
(1.03893 -2.36024e-05 0)
(1.03894 -1.66682e-05 0)
(1.03895 -1.15492e-05 0)
(1.03895 -7.81286e-06 0)
(1.03896 -5.12503e-06 0)
(1.03896 -3.35576e-06 0)
(1.03896 -2.15437e-06 0)
(1.03896 -1.4093e-06 0)
(1.03896 -9.04811e-07 0)
(1.03896 -5.92872e-07 0)
(1.03896 -3.80872e-07 0)
(1.03896 -2.74542e-07 0)
(1.03896 -2.06738e-07 0)
(1.03896 -2.19414e-07 0)
(1.03896 -2.1584e-07 0)
(1.03896 -2.36615e-07 0)
(1.03896 -2.019e-07 0)
(1.03896 -1.86939e-07 0)
(1.03896 -1.5995e-07 0)
(1.03896 -1.13653e-07 0)
(1.03896 -9.07029e-08 0)
(1.03896 -9.90975e-08 0)
(1.03896 -7.50522e-08 0)
(1.03896 -6.89414e-08 0)
(1.03896 -4.801e-08 0)
(1.03896 -3.35962e-08 0)
(1.03896 5.7347e-10 0)
(1.03896 1.05873e-08 0)
(1.03896 3.74312e-08 0)
(1.03896 4.58502e-08 0)
(1.03896 6.25925e-08 0)
(1.03896 6.01356e-08 0)
(1.03896 5.30771e-08 0)
(1.03896 6.46364e-08 0)
(1.03896 8.23514e-08 0)
(1.03896 7.39773e-08 0)
(1.03896 5.92655e-08 0)
(1.03896 4.93733e-08 0)
(1.03896 5.34827e-08 0)
(1.03896 7.74816e-09 0)
(1.03896 -4.09098e-08 0)
(1.03896 -7.85353e-08 0)
(1.03896 -8.53875e-08 0)
(1.03896 -8.12077e-08 0)
(1.03896 -5.73133e-08 0)
(1.03896 -3.61275e-08 0)
(1.03896 -3.71364e-08 0)
(1.03896 -5.38929e-08 0)
(1.03896 -5.12492e-08 0)
(1.03896 -4.00189e-08 0)
(1.03896 -3.40886e-08 0)
(1.03896 -4.28938e-08 0)
(1.03896 -1.5206e-08 0)
(1.03896 1.32068e-08 0)
(1.03896 3.45604e-08 0)
(1.03896 3.89361e-08 0)
(1.03896 5.47372e-08 0)
(1.03896 6.84049e-08 0)
(1.03896 4.48594e-08 0)
(1.03896 2.40016e-08 0)
(1.03896 9.33925e-09 0)
(1.03896 -3.04128e-08 0)
(1.03896 -1.05081e-07 0)
(1.03896 -2.06619e-07 0)
(1.03896 -3.32292e-07 0)
(1.03896 -5.41847e-07 0)
(1.03896 -8.34108e-07 0)
(1.03896 -1.26258e-06 0)
(1.03896 -1.89761e-06 0)
(1.03897 -2.85641e-06 0)
(1.03897 -4.25454e-06 0)
(1.03897 -6.3335e-06 0)
(1.03897 -9.34392e-06 0)
(1.03898 -1.44624e-05 0)
(1.03899 -2.21357e-05 0)
(1.039 -3.92005e-05 0)
(1.03903 -6.67691e-05 0)
(1.03905 -0.000174094 0)
(1.03925 -0.000431639 0)
(1.03949 -0.00148075 0)
(1.04131 -0.00289768 0)
(0.970202 -0.0341326 0)
(1.05229 -0.0201783 0)
(1.02705 -0.00580462 0)
(1.042 -0.000248946 0)
(1.03559 0.000324579 0)
(1.03839 -0.000197846 0)
(1.03733 -0.000394233 0)
(1.03808 -0.00047347 0)
(1.03805 -0.000423471 0)
(1.03833 -0.000373006 0)
(1.03844 -0.000310978 0)
(1.03858 -0.000257576 0)
(1.03867 -0.000207419 0)
(1.03875 -0.00016462 0)
(1.0388 -0.000127547 0)
(1.03885 -9.71698e-05 0)
(1.03888 -7.27624e-05 0)
(1.03891 -5.31082e-05 0)
(1.03892 -3.78305e-05 0)
(1.03894 -2.65853e-05 0)
(1.03894 -1.87184e-05 0)
(1.03895 -1.29556e-05 0)
(1.03895 -8.76039e-06 0)
(1.03896 -5.74873e-06 0)
(1.03896 -3.7644e-06 0)
(1.03896 -2.43243e-06 0)
(1.03896 -1.59793e-06 0)
(1.03896 -1.03156e-06 0)
(1.03896 -6.76924e-07 0)
(1.03896 -4.36051e-07 0)
(1.03896 -3.11621e-07 0)
(1.03896 -2.40157e-07 0)
(1.03896 -2.44908e-07 0)
(1.03896 -2.26645e-07 0)
(1.03896 -2.37382e-07 0)
(1.03896 -1.98944e-07 0)
(1.03896 -1.80295e-07 0)
(1.03896 -1.57705e-07 0)
(1.03896 -1.09483e-07 0)
(1.03896 -8.05072e-08 0)
(1.03896 -8.91958e-08 0)
(1.03896 -7.01691e-08 0)
(1.03896 -6.86586e-08 0)
(1.03896 -5.04807e-08 0)
(1.03896 -3.79161e-08 0)
(1.03896 -3.56402e-09 0)
(1.03896 8.50421e-09 0)
(1.03896 3.23478e-08 0)
(1.03896 3.85667e-08 0)
(1.03896 5.7663e-08 0)
(1.03896 5.89524e-08 0)
(1.03896 4.80124e-08 0)
(1.03896 5.49079e-08 0)
(1.03896 7.35021e-08 0)
(1.03896 7.53068e-08 0)
(1.03896 6.47217e-08 0)
(1.03896 4.64614e-08 0)
(1.03896 5.09324e-08 0)
(1.03896 8.63005e-09 0)
(1.03896 -4.40638e-08 0)
(1.03896 -8.25015e-08 0)
(1.03896 -8.50844e-08 0)
(1.03896 -7.60376e-08 0)
(1.03896 -5.36742e-08 0)
(1.03896 -3.25895e-08 0)
(1.03896 -2.97879e-08 0)
(1.03896 -4.85096e-08 0)
(1.03896 -5.13942e-08 0)
(1.03896 -3.96031e-08 0)
(1.03896 -2.9981e-08 0)
(1.03896 -4.09738e-08 0)
(1.03896 -1.92751e-08 0)
(1.03896 9.86515e-09 0)
(1.03896 3.59307e-08 0)
(1.03896 3.86389e-08 0)
(1.03896 4.62423e-08 0)
(1.03896 6.16303e-08 0)
(1.03896 4.36424e-08 0)
(1.03896 1.97169e-08 0)
(1.03896 8.44701e-11 0)
(1.03896 -4.01447e-08 0)
(1.03896 -1.16937e-07 0)
(1.03896 -2.31557e-07 0)
(1.03896 -3.74347e-07 0)
(1.03896 -6.05187e-07 0)
(1.03896 -9.35731e-07 0)
(1.03896 -1.42186e-06 0)
(1.03896 -2.13881e-06 0)
(1.03896 -3.21698e-06 0)
(1.03897 -4.7904e-06 0)
(1.03897 -7.1229e-06 0)
(1.03897 -1.04725e-05 0)
(1.03897 -1.61115e-05 0)
(1.03898 -2.44865e-05 0)
(1.03899 -4.30503e-05 0)
(1.03901 -7.32216e-05 0)
(1.03902 -0.000192599 0)
(1.03918 -0.000483208 0)
(1.03938 -0.00166821 0)
(1.04088 -0.00327632 0)
(0.971078 -0.0401815 0)
(1.05354 -0.0228717 0)
(1.02732 -0.00644264 0)
(1.04222 -0.000293194 0)
(1.03584 0.000354829 0)
(1.03864 -0.000230023 0)
(1.03758 -0.000437635 0)
(1.03828 -0.000525055 0)
(1.03822 -0.000467771 0)
(1.03847 -0.000411626 0)
(1.03855 -0.000342453 0)
(1.03866 -0.000283239 0)
(1.03873 -0.000227723 0)
(1.0388 -0.000180455 0)
(1.03884 -0.000139646 0)
(1.03888 -0.000106227 0)
(1.0389 -7.93763e-05 0)
(1.03892 -5.7876e-05 0)
(1.03893 -4.12165e-05 0)
(1.03894 -2.89369e-05 0)
(1.03895 -2.03173e-05 0)
(1.03895 -1.40457e-05 0)
(1.03895 -9.49548e-06 0)
(1.03896 -6.23205e-06 0)
(1.03896 -4.07698e-06 0)
(1.03896 -2.64353e-06 0)
(1.03896 -1.74368e-06 0)
(1.03896 -1.13374e-06 0)
(1.03896 -7.48316e-07 0)
(1.03896 -4.85824e-07 0)
(1.03896 -3.45668e-07 0)
(1.03896 -2.70372e-07 0)
(1.03896 -2.68857e-07 0)
(1.03896 -2.37504e-07 0)
(1.03896 -2.38653e-07 0)
(1.03896 -1.96246e-07 0)
(1.03896 -1.72987e-07 0)
(1.03896 -1.55762e-07 0)
(1.03896 -1.09202e-07 0)
(1.03896 -7.4955e-08 0)
(1.03896 -8.27686e-08 0)
(1.03896 -6.85324e-08 0)
(1.03896 -7.22251e-08 0)
(1.03896 -5.65654e-08 0)
(1.03896 -4.46019e-08 0)
(1.03896 -1.08168e-08 0)
(1.03896 4.24118e-09 0)
(1.03896 2.54605e-08 0)
(1.03896 2.7335e-08 0)
(1.03896 4.75226e-08 0)
(1.03896 5.31779e-08 0)
(1.03896 4.00145e-08 0)
(1.03896 4.2266e-08 0)
(1.03896 5.9169e-08 0)
(1.03896 6.99283e-08 0)
(1.03896 6.72634e-08 0)
(1.03896 4.17755e-08 0)
(1.03896 4.28008e-08 0)
(1.03896 4.82714e-09 0)
(1.03896 -4.88743e-08 0)
(1.03896 -8.836e-08 0)
(1.03896 -8.76688e-08 0)
(1.03896 -7.39602e-08 0)
(1.03896 -5.36426e-08 0)
(1.03896 -3.4804e-08 0)
(1.03896 -2.76189e-08 0)
(1.03896 -4.54221e-08 0)
(1.03896 -5.38478e-08 0)
(1.03896 -4.36134e-08 0)
(1.03896 -3.02035e-08 0)
(1.03896 -4.12925e-08 0)
(1.03896 -2.55079e-08 0)
(1.03896 2.76785e-09 0)
(1.03896 3.24807e-08 0)
(1.03896 3.53865e-08 0)
(1.03896 3.50224e-08 0)
(1.03896 4.93564e-08 0)
(1.03896 3.78628e-08 0)
(1.03896 1.39078e-08 0)
(1.03896 -1.07304e-08 0)
(1.03896 -5.24969e-08 0)
(1.03896 -1.29067e-07 0)
(1.03896 -2.53369e-07 0)
(1.03896 -4.1079e-07 0)
(1.03896 -6.57928e-07 0)
(1.03896 -1.01785e-06 0)
(1.03896 -1.55072e-06 0)
(1.03896 -2.33418e-06 0)
(1.03896 -3.50697e-06 0)
(1.03896 -5.21841e-06 0)
(1.03896 -7.74726e-06 0)
(1.03897 -1.13467e-05 0)
(1.03897 -1.73301e-05 0)
(1.03898 -2.61082e-05 0)
(1.03898 -4.54769e-05 0)
(1.03899 -7.71806e-05 0)
(1.03899 -0.000205145 0)
(1.0391 -0.000522234 0)
(1.03926 -0.00181595 0)
(1.04038 -0.00358161 0)
(0.972174 -0.0466075 0)
(1.05502 -0.025361 0)
(1.02765 -0.00696755 0)
(1.04248 -0.000339508 0)
(1.03614 0.000378509 0)
(1.03893 -0.000261265 0)
(1.03786 -0.000473113 0)
(1.03851 -0.000567214 0)
(1.03842 -0.000503078 0)
(1.03862 -0.000442197 0)
(1.03867 -0.000367001 0)
(1.03876 -0.00030304 0)
(1.03881 -0.000243194 0)
(1.03885 -0.000192387 0)
(1.03888 -0.000148654 0)
(1.03891 -0.000112883 0)
(1.03892 -8.41656e-05 0)
(1.03893 -6.1285e-05 0)
(1.03894 -4.36128e-05 0)
(1.03895 -3.05815e-05 0)
(1.03895 -2.1412e-05 0)
(1.03895 -1.47789e-05 0)
(1.03896 -9.98801e-06 0)
(1.03896 -6.55522e-06 0)
(1.03896 -4.28117e-06 0)
(1.03896 -2.77852e-06 0)
(1.03896 -1.83924e-06 0)
(1.03896 -1.20545e-06 0)
(1.03896 -8.0225e-07 0)
(1.03896 -5.272e-07 0)
(1.03896 -3.74776e-07 0)
(1.03896 -2.94175e-07 0)
(1.03896 -2.87488e-07 0)
(1.03896 -2.45459e-07 0)
(1.03896 -2.38611e-07 0)
(1.03896 -1.92988e-07 0)
(1.03896 -1.64246e-07 0)
(1.03896 -1.51876e-07 0)
(1.03896 -1.10072e-07 0)
(1.03896 -7.23333e-08 0)
(1.03896 -7.85925e-08 0)
(1.03896 -6.79671e-08 0)
(1.03896 -7.66031e-08 0)
(1.03896 -6.3088e-08 0)
(1.03896 -5.12642e-08 0)
(1.03896 -1.86527e-08 0)
(1.03896 -8.31715e-10 0)
(1.03896 1.90825e-08 0)
(1.03896 1.52915e-08 0)
(1.03896 3.44953e-08 0)
(1.03896 4.42877e-08 0)
(1.03896 3.07503e-08 0)
(1.03896 2.93382e-08 0)
(1.03896 4.28883e-08 0)
(1.03896 5.96532e-08 0)
(1.03896 6.72072e-08 0)
(1.03896 3.72017e-08 0)
(1.03896 3.19868e-08 0)
(1.03896 -1.75954e-09 0)
(1.03896 -5.35198e-08 0)
(1.03896 -9.38164e-08 0)
(1.03896 -9.142e-08 0)
(1.03896 -7.33351e-08 0)
(1.03896 -5.45494e-08 0)
(1.03896 -3.98581e-08 0)
(1.03896 -2.87766e-08 0)
(1.03896 -4.29456e-08 0)
(1.03896 -5.5975e-08 0)
(1.03896 -4.94229e-08 0)
(1.03896 -3.28742e-08 0)
(1.03896 -4.2359e-08 0)
(1.03896 -3.15764e-08 0)
(1.03896 -5.95862e-09 0)
(1.03896 2.61048e-08 0)
(1.03896 3.05938e-08 0)
(1.03896 2.36379e-08 0)
(1.03896 3.46257e-08 0)
(1.03896 2.93953e-08 0)
(1.03896 8.02033e-09 0)
(1.03896 -2.07069e-08 0)
(1.03896 -6.50566e-08 0)
(1.03896 -1.39837e-07 0)
(1.03896 -2.70012e-07 0)
(1.03896 -4.38505e-07 0)
(1.03896 -6.96672e-07 0)
(1.03896 -1.07618e-06 0)
(1.03896 -1.64209e-06 0)
(1.03896 -2.47393e-06 0)
(1.03896 -3.71361e-06 0)
(1.03896 -5.52158e-06 0)
(1.03896 -8.18409e-06 0)
(1.03896 -1.19381e-05 0)
(1.03896 -1.80832e-05 0)
(1.03897 -2.69565e-05 0)
(1.03897 -4.64097e-05 0)
(1.03897 -7.85148e-05 0)
(1.03896 -0.000211282 0)
(1.03901 -0.000547482 0)
(1.03912 -0.00191884 0)
(1.03982 -0.00380294 0)
(0.973539 -0.0534872 0)
(1.05675 -0.0275972 0)
(1.02802 -0.00736136 0)
(1.04276 -0.000387457 0)
(1.03647 0.000395861 0)
(1.03924 -0.000290394 0)
(1.03816 -0.000499323 0)
(1.03876 -0.000598515 0)
(1.03863 -0.00052817 0)
(1.03879 -0.000463666 0)
(1.0388 -0.000383766 0)
(1.03886 -0.000316289 0)
(1.03888 -0.000253288 0)
(1.03891 -0.000199994 0)
(1.03892 -0.000154248 0)
(1.03893 -0.000116896 0)
(1.03894 -8.69536e-05 0)
(1.03894 -6.32073e-05 0)
(1.03895 -4.49285e-05 0)
(1.03895 -3.14553e-05 0)
(1.03895 -2.19585e-05 0)
(1.03895 -1.51221e-05 0)
(1.03895 -1.02115e-05 0)
(1.03895 -6.69961e-06 0)
(1.03895 -4.3659e-06 0)
(1.03895 -2.83068e-06 0)
(1.03895 -1.8793e-06 0)
(1.03895 -1.24034e-06 0)
(1.03895 -8.30368e-07 0)
(1.03895 -5.50568e-07 0)
(1.03895 -3.88438e-07 0)
(1.03895 -3.00498e-07 0)
(1.03895 -2.89081e-07 0)
(1.03895 -2.39212e-07 0)
(1.03895 -2.26493e-07 0)
(1.03895 -1.7939e-07 0)
(1.03895 -1.44856e-07 0)
(1.03895 -1.35798e-07 0)
(1.03895 -1.00785e-07 0)
(1.03895 -6.15347e-08 0)
(1.03895 -6.64108e-08 0)
(1.03895 -5.73271e-08 0)
(1.03895 -6.97636e-08 0)
(1.03895 -5.78831e-08 0)
(1.03895 -4.66791e-08 0)
(1.03895 -1.53908e-08 0)
(1.03895 3.59778e-09 0)
(1.03895 2.35817e-08 0)
(1.03895 1.42275e-08 0)
(1.03895 3.01234e-08 0)
(1.03895 4.28456e-08 0)
(1.03895 3.06992e-08 0)
(1.03895 2.74037e-08 0)
(1.03895 3.71732e-08 0)
(1.03895 5.5768e-08 0)
(1.03895 7.37238e-08 0)
(1.03895 4.27691e-08 0)
(1.03895 3.032e-08 0)
(1.03895 4.92979e-10 0)
(1.03895 -4.69362e-08 0)
(1.03895 -8.78908e-08 0)
(1.03895 -8.56062e-08 0)
(1.03895 -6.37915e-08 0)
(1.03895 -4.50264e-08 0)
(1.03895 -3.51746e-08 0)
(1.03895 -2.16837e-08 0)
(1.03895 -3.0269e-08 0)
(1.03895 -4.64664e-08 0)
(1.03895 -4.50304e-08 0)
(1.03895 -2.64279e-08 0)
(1.03895 -3.32308e-08 0)
(1.03895 -2.60606e-08 0)
(1.03895 -5.13239e-09 0)
(1.03895 2.82684e-08 0)
(1.03895 3.46946e-08 0)
(1.03895 2.36193e-08 0)
(1.03895 2.9686e-08 0)
(1.03895 2.98044e-08 0)
(1.03895 1.24269e-08 0)
(1.03895 -1.83628e-08 0)
(1.03895 -6.63376e-08 0)
(1.03895 -1.38753e-07 0)
(1.03895 -2.71122e-07 0)
(1.03895 -4.48666e-07 0)
(1.03895 -7.14523e-07 0)
(1.03895 -1.10502e-06 0)
(1.03895 -1.68917e-06 0)
(1.03895 -2.54892e-06 0)
(1.03895 -3.82474e-06 0)
(1.03895 -5.68377e-06 0)
(1.03895 -8.41287e-06 0)
(1.03895 -1.22229e-05 0)
(1.03895 -1.8347e-05 0)
(1.03895 -2.70124e-05 0)
(1.03895 -4.58363e-05 0)
(1.03894 -7.71961e-05 0)
(1.03893 -0.000210766 0)
(1.03892 -0.000558023 0)
(1.03898 -0.00197231 0)
(1.03921 -0.00393008 0)
(0.975241 -0.0609102 0)
(1.05874 -0.0295211 0)
(1.02845 -0.00760477 0)
(1.04306 -0.000436119 0)
(1.03684 0.000407284 0)
(1.03958 -0.000315992 0)
(1.03849 -0.000514965 0)
(1.03902 -0.00061758 0)
(1.03884 -0.000541936 0)
(1.03895 -0.000475109 0)
(1.03893 -0.00039204 0)
(1.03895 -0.00032245 0)
(1.03895 -0.000257615 0)
(1.03895 -0.000203004 0)
(1.03895 -0.000156256 0)
(1.03895 -0.000118173 0)
(1.03895 -8.77034e-05 0)
(1.03894 -6.36496e-05 0)
(1.03894 -4.52022e-05 0)
(1.03894 -3.1621e-05 0)
(1.03894 -2.20365e-05 0)
(1.03894 -1.51621e-05 0)
(1.03894 -1.02536e-05 0)
(1.03894 -6.75334e-06 0)
(1.03894 -4.42016e-06 0)
(1.03893 -2.88657e-06 0)
(1.03893 -1.94221e-06 0)
(1.03893 -1.30644e-06 0)
(1.03893 -8.96089e-07 0)
(1.03893 -6.15044e-07 0)
(1.03893 -4.41463e-07 0)
(1.03893 -3.45089e-07 0)
(1.03893 -3.2893e-07 0)
(1.03893 -2.74463e-07 0)
(1.03893 -2.57913e-07 0)
(1.03893 -2.11561e-07 0)
(1.03893 -1.72469e-07 0)
(1.03893 -1.64449e-07 0)
(1.03893 -1.37484e-07 0)
(1.03893 -9.94318e-08 0)
(1.03893 -1.0422e-07 0)
(1.03893 -9.69535e-08 0)
(1.03893 -1.11463e-07 0)
(1.03893 -1.00966e-07 0)
(1.03893 -9.04329e-08 0)
(1.03893 -6.11476e-08 0)
(1.03893 -4.1865e-08 0)
(1.03893 -2.03124e-08 0)
(1.03893 -3.36057e-08 0)
(1.03893 -2.27029e-08 0)
(1.03893 -8.19113e-09 0)
(1.03893 -1.82786e-08 0)
(1.03893 -2.21055e-08 0)
(1.03893 -1.54607e-08 0)
(1.03893 2.15893e-09 0)
(1.03893 2.88121e-08 0)
(1.03893 1.39537e-10 0)
(1.03893 -1.95301e-08 0)
(1.03893 -4.83139e-08 0)
(1.03893 -8.97227e-08 0)
(1.03893 -1.28488e-07 0)
(1.03893 -1.27156e-07 0)
(1.03893 -1.03924e-07 0)
(1.03893 -8.45037e-08 0)
(1.03893 -8.01639e-08 0)
(1.03893 -6.6426e-08 0)
(1.03893 -6.87111e-08 0)
(1.03893 -8.53011e-08 0)
(1.03893 -9.00655e-08 0)
(1.03893 -7.1107e-08 0)
(1.03893 -7.47071e-08 0)
(1.03893 -6.95798e-08 0)
(1.03893 -5.37946e-08 0)
(1.03893 -2.06046e-08 0)
(1.03893 -1.17461e-08 0)
(1.03893 -2.55419e-08 0)
(1.03893 -2.42108e-08 0)
(1.03893 -2.08298e-08 0)
(1.03893 -3.34801e-08 0)
(1.03893 -6.36588e-08 0)
(1.03893 -1.1339e-07 0)
(1.03893 -1.81884e-07 0)
(1.03893 -3.12309e-07 0)
(1.03893 -5.00672e-07 0)
(1.03893 -7.75076e-07 0)
(1.03893 -1.17129e-06 0)
(1.03893 -1.76699e-06 0)
(1.03893 -2.64067e-06 0)
(1.03893 -3.92594e-06 0)
(1.03893 -5.79258e-06 0)
(1.03893 -8.5219e-06 0)
(1.03893 -1.22915e-05 0)
(1.03893 -1.82207e-05 0)
(1.03893 -2.63957e-05 0)
(1.03892 -4.39177e-05 0)
(1.03891 -7.34179e-05 0)
(1.03888 -0.000203696 0)
(1.03882 -0.000553382 0)
(1.03882 -0.00197259 0)
(1.03856 -0.00395349 0)
(0.977357 -0.0689838 0)
(1.06102 -0.0310595 0)
(1.02892 -0.00767674 0)
(1.04336 -0.0004839 0)
(1.03723 0.000413082 0)
(1.03992 -0.000336547 0)
(1.03881 -0.000518937 0)
(1.03927 -0.000623214 0)
(1.03904 -0.000543513 0)
(1.0391 -0.000475879 0)
(1.03903 -0.000391424 0)
(1.03902 -0.000321311 0)
(1.03899 -0.000256132 0)
(1.03897 -0.0002015 0)
(1.03895 -0.000154862 0)
(1.03893 -0.000116971 0)
(1.03892 -8.67283e-05 0)
(1.03891 -6.29648e-05 0)
(1.0389 -4.48181e-05 0)
(1.0389 -3.14888e-05 0)
(1.03889 -2.20739e-05 0)
(1.03889 -1.53282e-05 0)
(1.03889 -1.05349e-05 0)
(1.03888 -7.12336e-06 0)
(1.03888 -4.8342e-06 0)
(1.03888 -3.31459e-06 0)
(1.03888 -2.37615e-06 0)
(1.03888 -1.73612e-06 0)
(1.03888 -1.33857e-06 0)
(1.03888 -1.07154e-06 0)
(1.03888 -9.04828e-07 0)
(1.03888 -8.01731e-07 0)
(1.03888 -7.804e-07 0)
(1.03888 -7.24394e-07 0)
(1.03888 -7.05728e-07 0)
(1.03888 -6.62367e-07 0)
(1.03888 -6.20969e-07 0)
(1.03888 -6.11971e-07 0)
(1.03888 -5.93164e-07 0)
(1.03888 -5.58348e-07 0)
(1.03888 -5.64136e-07 0)
(1.03888 -5.59512e-07 0)
(1.03888 -5.74255e-07 0)
(1.03888 -5.64748e-07 0)
(1.03888 -5.5455e-07 0)
(1.03888 -5.28167e-07 0)
(1.03888 -5.09803e-07 0)
(1.03888 -4.8604e-07 0)
(1.03888 -5.00931e-07 0)
(1.03888 -4.95963e-07 0)
(1.03888 -4.8132e-07 0)
(1.03888 -4.89254e-07 0)
(1.03888 -4.92476e-07 0)
(1.03888 -4.87405e-07 0)
(1.03888 -4.728e-07 0)
(1.03888 -4.40675e-07 0)
(1.03888 -4.64767e-07 0)
(1.03888 -4.89916e-07 0)
(1.03888 -5.19678e-07 0)
(1.03888 -5.54321e-07 0)
(1.03888 -5.88291e-07 0)
(1.03888 -5.88366e-07 0)
(1.03888 -5.66218e-07 0)
(1.03888 -5.45805e-07 0)
(1.03888 -5.46501e-07 0)
(1.03888 -5.34594e-07 0)
(1.03888 -5.31109e-07 0)
(1.03888 -5.45471e-07 0)
(1.03888 -5.56471e-07 0)
(1.03888 -5.38801e-07 0)
(1.03888 -5.39089e-07 0)
(1.03888 -5.34661e-07 0)
(1.03888 -5.23296e-07 0)
(1.03888 -4.92353e-07 0)
(1.03888 -4.8116e-07 0)
(1.03888 -4.96313e-07 0)
(1.03888 -4.98715e-07 0)
(1.03888 -4.94001e-07 0)
(1.03888 -5.01988e-07 0)
(1.03888 -5.29222e-07 0)
(1.03888 -5.78453e-07 0)
(1.03888 -6.41951e-07 0)
(1.03888 -7.66065e-07 0)
(1.03888 -9.5138e-07 0)
(1.03888 -1.21921e-06 0)
(1.03888 -1.60637e-06 0)
(1.03888 -2.21825e-06 0)
(1.03888 -3.10946e-06 0)
(1.03888 -4.40003e-06 0)
(1.03888 -6.24812e-06 0)
(1.03888 -8.92372e-06 0)
(1.03888 -1.25679e-05 0)
(1.03887 -1.81495e-05 0)
(1.03887 -2.55897e-05 0)
(1.03886 -4.12115e-05 0)
(1.03884 -6.78155e-05 0)
(1.03881 -0.000190738 0)
(1.03869 -0.000533715 0)
(1.03863 -0.00191709 0)
(1.03784 -0.00386455 0)
(0.979966 -0.077829 0)
(1.06355 -0.0321183 0)
(1.02936 -0.00755313 0)
(1.04358 -0.00052751 0)
(1.03755 0.000413818 0)
(1.04017 -0.000349936 0)
(1.03905 -0.000509814 0)
(1.03943 -0.000613836 0)
(1.03914 -0.000531739 0)
(1.03914 -0.000465068 0)
(1.03903 -0.000381316 0)
(1.03898 -0.000312512 0)
(1.03892 -0.000248699 0)
(1.03888 -0.000195529 0)
(1.03884 -0.000150204 0)
(1.03881 -0.000113495 0)
(1.03879 -8.42779e-05 0)
(1.03877 -6.14305e-05 0)
(1.03875 -4.40704e-05 0)
(1.03874 -3.13659e-05 0)
(1.03874 -2.2387e-05 0)
(1.03873 -1.59402e-05 0)
(1.03873 -1.13722e-05 0)
(1.03873 -8.12077e-06 0)
(1.03873 -5.91499e-06 0)
(1.03872 -4.41921e-06 0)
(1.03872 -3.50831e-06 0)
(1.03872 -2.91438e-06 0)
(1.03872 -2.54428e-06 0)
(1.03872 -2.30312e-06 0)
(1.03872 -2.16024e-06 0)
(1.03872 -2.05442e-06 0)
(1.03872 -2.02745e-06 0)
(1.03872 -1.97221e-06 0)
(1.03872 -1.95296e-06 0)
(1.03872 -1.91435e-06 0)
(1.03872 -1.87291e-06 0)
(1.03872 -1.86203e-06 0)
(1.03872 -1.85043e-06 0)
(1.03872 -1.8194e-06 0)
(1.03872 -1.8262e-06 0)
(1.03872 -1.8236e-06 0)
(1.03872 -1.83725e-06 0)
(1.03872 -1.82781e-06 0)
(1.03872 -1.81808e-06 0)
(1.03872 -1.79493e-06 0)
(1.03872 -1.77976e-06 0)
(1.03872 -1.75459e-06 0)
(1.03872 -1.76878e-06 0)
(1.03872 -1.7698e-06 0)
(1.03872 -1.7573e-06 0)
(1.03872 -1.76302e-06 0)
(1.03872 -1.76456e-06 0)
(1.03872 -1.7592e-06 0)
(1.03872 -1.74952e-06 0)
(1.03872 -1.71587e-06 0)
(1.03872 -1.73427e-06 0)
(1.03872 -1.76146e-06 0)
(1.03872 -1.79091e-06 0)
(1.03872 -1.81885e-06 0)
(1.03872 -1.84825e-06 0)
(1.03872 -1.85029e-06 0)
(1.03872 -1.83059e-06 0)
(1.03872 -1.80873e-06 0)
(1.03872 -1.81219e-06 0)
(1.03872 -1.80343e-06 0)
(1.03872 -1.79558e-06 0)
(1.03872 -1.80652e-06 0)
(1.03872 -1.8224e-06 0)
(1.03872 -1.80704e-06 0)
(1.03872 -1.80416e-06 0)
(1.03872 -1.79955e-06 0)
(1.03872 -1.79216e-06 0)
(1.03872 -1.76507e-06 0)
(1.03872 -1.75279e-06 0)
(1.03872 -1.76714e-06 0)
(1.03872 -1.77237e-06 0)
(1.03872 -1.76707e-06 0)
(1.03872 -1.77145e-06 0)
(1.03872 -1.79422e-06 0)
(1.03872 -1.84237e-06 0)
(1.03872 -1.90119e-06 0)
(1.03872 -2.0158e-06 0)
(1.03872 -2.18513e-06 0)
(1.03872 -2.43178e-06 0)
(1.03872 -2.79371e-06 0)
(1.03872 -3.37552e-06 0)
(1.03872 -4.25634e-06 0)
(1.03872 -5.54972e-06 0)
(1.03872 -7.35598e-06 0)
(1.03872 -9.92636e-06 0)
(1.03872 -1.33657e-05 0)
(1.03871 -1.84683e-05 0)
(1.0387 -2.49781e-05 0)
(1.03869 -3.8217e-05 0)
(1.03866 -6.1039e-05 0)
(1.03863 -0.000172751 0)
(1.03847 -0.000499322 0)
(1.03833 -0.00180392 0)
(1.037 -0.00365524 0)
(0.983077 -0.0875427 0)
(1.06618 -0.03257 0)
(1.02959 -0.00720488 0)
(1.04348 -0.000560206 0)
(1.03761 0.000411339 0)
(1.04014 -0.000352066 0)
(1.039 -0.000484526 0)
(1.03928 -0.000586167 0)
(1.03894 -0.000503814 0)
(1.03888 -0.000440123 0)
(1.03872 -0.000359461 0)
(1.03863 -0.000294001 0)
(1.03854 -0.000233441 0)
(1.03847 -0.000183342 0)
(1.03841 -0.00014059 0)
(1.03837 -0.00010607 0)
(1.03833 -7.86663e-05 0)
(1.03831 -5.73148e-05 0)
(1.03829 -4.11431e-05 0)
(1.03828 -2.93211e-05 0)
(1.03827 -2.09766e-05 0)
(1.03826 -1.50156e-05 0)
(1.03826 -1.08104e-05 0)
(1.03825 -7.82856e-06 0)
(1.03825 -5.80567e-06 0)
(1.03825 -4.4231e-06 0)
(1.03825 -3.58448e-06 0)
(1.03825 -3.07278e-06 0)
(1.03825 -2.73635e-06 0)
(1.03825 -2.51791e-06 0)
(1.03825 -2.3954e-06 0)
(1.03825 -2.2923e-06 0)
(1.03825 -2.26007e-06 0)
(1.03825 -2.20719e-06 0)
(1.03825 -2.18891e-06 0)
(1.03825 -2.15613e-06 0)
(1.03825 -2.11676e-06 0)
(1.03825 -2.10402e-06 0)
(1.03825 -2.09865e-06 0)
(1.03825 -2.07205e-06 0)
(1.03825 -2.0795e-06 0)
(1.03825 -2.07902e-06 0)
(1.03825 -2.09128e-06 0)
(1.03825 -2.08105e-06 0)
(1.03825 -2.07205e-06 0)
(1.03825 -2.05225e-06 0)
(1.03825 -2.04137e-06 0)
(1.03825 -2.016e-06 0)
(1.03825 -2.0275e-06 0)
(1.03825 -2.03331e-06 0)
(1.03825 -2.02426e-06 0)
(1.03825 -2.02821e-06 0)
(1.03825 -2.02803e-06 0)
(1.03825 -2.02115e-06 0)
(1.03825 -2.01637e-06 0)
(1.03825 -1.98462e-06 0)
(1.03825 -1.99761e-06 0)
(1.03825 -2.0238e-06 0)
(1.03825 -2.05191e-06 0)
(1.03825 -2.07354e-06 0)
(1.03825 -2.09816e-06 0)
(1.03825 -2.10196e-06 0)
(1.03825 -2.08592e-06 0)
(1.03825 -2.06351e-06 0)
(1.03825 -2.06792e-06 0)
(1.03825 -2.06269e-06 0)
(1.03825 -2.05235e-06 0)
(1.03825 -2.05898e-06 0)
(1.03825 -2.07815e-06 0)
(1.03825 -2.06595e-06 0)
(1.03825 -2.06013e-06 0)
(1.03825 -2.05479e-06 0)
(1.03825 -2.05109e-06 0)
(1.03825 -2.02872e-06 0)
(1.03825 -2.01617e-06 0)
(1.03825 -2.0287e-06 0)
(1.03825 -2.03541e-06 0)
(1.03825 -2.03007e-06 0)
(1.03825 -2.0321e-06 0)
(1.03825 -2.04987e-06 0)
(1.03825 -2.09497e-06 0)
(1.03825 -2.14833e-06 0)
(1.03825 -2.25099e-06 0)
(1.03825 -2.40631e-06 0)
(1.03825 -2.63209e-06 0)
(1.03825 -2.96233e-06 0)
(1.03825 -3.47768e-06 0)
(1.03825 -4.30841e-06 0)
(1.03824 -5.52361e-06 0)
(1.03824 -7.20453e-06 0)
(1.03824 -9.57624e-06 0)
(1.03824 -1.27072e-05 0)
(1.03823 -1.72014e-05 0)
(1.03822 -2.26356e-05 0)
(1.03821 -3.3243e-05 0)
(1.03818 -5.17598e-05 0)
(1.03814 -0.000149032 0)
(1.03794 -0.00044922 0)
(1.03774 -0.00163081 0)
(1.03586 -0.00331733 0)
(0.986403 -0.0981602 0)
(1.06831 -0.0322529 0)
(1.02896 -0.0066066 0)
(1.04243 -0.000578531 0)
(1.03677 0.000402355 0)
(1.03917 -0.000342604 0)
(1.03802 -0.000444268 0)
(1.0382 -0.000541365 0)
(1.0378 -0.000461232 0)
(1.03767 -0.00040256 0)
(1.03746 -0.000327294 0)
(1.03733 -0.000266957 0)
(1.03721 -0.000211086 0)
(1.03711 -0.000165082 0)
(1.03704 -0.000126142 0)
(1.03698 -9.47927e-05 0)
(1.03693 -6.9921e-05 0)
(1.0369 -5.05238e-05 0)
(1.03688 -3.5752e-05 0)
(1.03686 -2.48073e-05 0)
(1.03685 -1.71055e-05 0)
(1.03684 -1.18149e-05 0)
(1.03683 -8.11505e-06 0)
(1.03683 -5.5166e-06 0)
(1.03683 -3.78468e-06 0)
(1.03683 -2.62119e-06 0)
(1.03682 -1.91563e-06 0)
(1.03682 -1.47883e-06 0)
(1.03682 -1.18376e-06 0)
(1.03682 -9.8927e-07 0)
(1.03682 -8.88347e-07 0)
(1.03682 -7.94576e-07 0)
(1.03682 -7.58881e-07 0)
(1.03682 -7.09242e-07 0)
(1.03682 -6.93506e-07 0)
(1.03682 -6.67453e-07 0)
(1.03682 -6.3147e-07 0)
(1.03682 -6.17444e-07 0)
(1.03682 -6.17566e-07 0)
(1.03682 -5.96102e-07 0)
(1.03682 -6.03658e-07 0)
(1.03682 -6.0483e-07 0)
(1.03682 -6.16102e-07 0)
(1.03682 -6.04733e-07 0)
(1.03682 -5.96542e-07 0)
(1.03682 -5.80027e-07 0)
(1.03682 -5.73832e-07 0)
(1.03682 -5.49872e-07 0)
(1.03682 -5.57414e-07 0)
(1.03682 -5.66031e-07 0)
(1.03682 -5.60695e-07 0)
(1.03682 -5.63316e-07 0)
(1.03682 -5.6199e-07 0)
(1.03682 -5.53467e-07 0)
(1.03682 -5.5249e-07 0)
(1.03682 -5.24883e-07 0)
(1.03682 -5.33553e-07 0)
(1.03682 -5.56559e-07 0)
(1.03682 -5.8216e-07 0)
(1.03682 -5.97895e-07 0)
(1.03682 -6.1775e-07 0)
(1.03682 -6.22863e-07 0)
(1.03682 -6.11215e-07 0)
(1.03682 -5.89661e-07 0)
(1.03682 -5.93593e-07 0)
(1.03682 -5.91547e-07 0)
(1.03682 -5.80729e-07 0)
(1.03682 -5.82873e-07 0)
(1.03682 -6.03445e-07 0)
(1.03682 -5.95019e-07 0)
(1.03682 -5.86627e-07 0)
(1.03682 -5.80255e-07 0)
(1.03682 -5.79992e-07 0)
(1.03682 -5.62773e-07 0)
(1.03682 -5.50547e-07 0)
(1.03682 -5.60766e-07 0)
(1.03682 -5.67938e-07 0)
(1.03682 -5.62656e-07 0)
(1.03682 -5.63228e-07 0)
(1.03682 -5.76361e-07 0)
(1.03682 -6.16521e-07 0)
(1.03682 -6.63083e-07 0)
(1.03682 -7.5123e-07 0)
(1.03682 -8.89001e-07 0)
(1.03682 -1.08885e-06 0)
(1.03682 -1.37917e-06 0)
(1.03682 -1.8336e-06 0)
(1.03682 -2.55422e-06 0)
(1.03682 -3.59209e-06 0)
(1.03682 -5.05205e-06 0)
(1.03681 -7.12594e-06 0)
(1.03681 -9.84622e-06 0)
(1.0368 -1.36255e-05 0)
(1.03679 -1.791e-05 0)
(1.03678 -2.60158e-05 0)
(1.03674 -4.02904e-05 0)
(1.0367 -0.000121082 0)
(1.03647 -0.000386691 0)
(1.03621 -0.00140318 0)
(1.03381 -0.00285081 0)
(0.988613 -0.109856 0)
(1.06805 -0.031019 0)
(1.02558 -0.00577146 0)
(1.03848 -0.000616581 0)
(1.03311 0.000345274 0)
(1.03536 -0.000357367 0)
(1.0342 -0.000426671 0)
(1.03427 -0.000517142 0)
(1.0338 -0.000441821 0)
(1.03361 -0.000390016 0)
(1.03335 -0.000322039 0)
(1.03318 -0.000267939 0)
(1.03302 -0.000217174 0)
(1.0329 -0.000174992 0)
(1.0328 -0.000141265 0)
(1.03273 -0.000114315 0)
(1.03268 -9.30079e-05 0)
(1.03264 -7.6454e-05 0)
(1.03261 -6.38919e-05 0)
(1.03259 -5.46061e-05 0)
(1.03258 -4.80916e-05 0)
(1.03257 -4.36485e-05 0)
(1.03256 -4.05575e-05 0)
(1.03255 -3.84018e-05 0)
(1.03255 -3.69899e-05 0)
(1.03255 -3.60565e-05 0)
(1.03255 -3.55054e-05 0)
(1.03255 -3.51552e-05 0)
(1.03255 -3.49106e-05 0)
(1.03255 -3.47436e-05 0)
(1.03255 -3.46652e-05 0)
(1.03255 -3.45869e-05 0)
(1.03255 -3.45509e-05 0)
(1.03255 -3.45051e-05 0)
(1.03255 -3.44929e-05 0)
(1.03255 -3.44748e-05 0)
(1.03255 -3.44431e-05 0)
(1.03255 -3.44283e-05 0)
(1.03255 -3.44331e-05 0)
(1.03255 -3.44172e-05 0)
(1.03255 -3.44242e-05 0)
(1.03255 -3.44261e-05 0)
(1.03255 -3.44369e-05 0)
(1.03255 -3.44249e-05 0)
(1.03255 -3.44175e-05 0)
(1.03255 -3.44039e-05 0)
(1.03255 -3.44022e-05 0)
(1.03255 -3.43814e-05 0)
(1.03255 -3.43846e-05 0)
(1.03255 -3.43938e-05 0)
(1.03255 -3.43919e-05 0)
(1.03255 -3.43934e-05 0)
(1.03255 -3.43915e-05 0)
(1.03255 -3.43821e-05 0)
(1.03255 -3.43836e-05 0)
(1.03255 -3.43612e-05 0)
(1.03255 -3.43668e-05 0)
(1.03255 -3.43855e-05 0)
(1.03255 -3.44075e-05 0)
(1.03255 -3.44175e-05 0)
(1.03255 -3.44328e-05 0)
(1.03255 -3.44389e-05 0)
(1.03255 -3.44316e-05 0)
(1.03255 -3.44124e-05 0)
(1.03255 -3.4415e-05 0)
(1.03255 -3.44155e-05 0)
(1.03255 -3.44059e-05 0)
(1.03255 -3.4404e-05 0)
(1.03255 -3.44237e-05 0)
(1.03255 -3.44196e-05 0)
(1.03255 -3.44095e-05 0)
(1.03255 -3.44017e-05 0)
(1.03255 -3.44043e-05 0)
(1.03255 -3.43924e-05 0)
(1.03255 -3.43812e-05 0)
(1.03255 -3.43889e-05 0)
(1.03255 -3.43958e-05 0)
(1.03255 -3.43905e-05 0)
(1.03255 -3.439e-05 0)
(1.03255 -3.43995e-05 0)
(1.03255 -3.44337e-05 0)
(1.03255 -3.4472e-05 0)
(1.03255 -3.45429e-05 0)
(1.03255 -3.46579e-05 0)
(1.03255 -3.48259e-05 0)
(1.03255 -3.5067e-05 0)
(1.03255 -3.5447e-05 0)
(1.03254 -3.60229e-05 0)
(1.03254 -3.68725e-05 0)
(1.03254 -3.80845e-05 0)
(1.03254 -3.98139e-05 0)
(1.03253 -4.20631e-05 0)
(1.03252 -4.50738e-05 0)
(1.03251 -4.82023e-05 0)
(1.0325 -5.35721e-05 0)
(1.03246 -6.30956e-05 0)
(1.03242 -0.000125061 0)
(1.03218 -0.000351667 0)
(1.03185 -0.0011722 0)
(1.02901 -0.00230046 0)
(0.985044 -0.123202 0)
(1.0596 -0.0286997 0)
(1.01374 -0.00475227 0)
(1.02588 -0.000760401 0)
(1.0209 0.000136914 0)
(1.02297 -0.000492409 0)
(1.02181 -0.000527673 0)
(1.02177 -0.000606801 0)
(1.02124 -0.0005407 0)
(1.02098 -0.000499022 0)
(1.02067 -0.000442792 0)
(1.02046 -0.00039888 0)
(1.02027 -0.000357441 0)
(1.02013 -0.000323207 0)
(1.02002 -0.000296284 0)
(1.01993 -0.000274947 0)
(1.01987 -0.000258206 0)
(1.01982 -0.000245341 0)
(1.01979 -0.000235742 0)
(1.01977 -0.000228827 0)
(1.01975 -0.000223994 0)
(1.01974 -0.000220558 0)
(1.01973 -0.000218166 0)
(1.01973 -0.000216497 0)
(1.01973 -0.000215416 0)
(1.01972 -0.000214703 0)
(1.01972 -0.000214283 0)
(1.01972 -0.00021402 0)
(1.01972 -0.000213832 0)
(1.01972 -0.000213697 0)
(1.01972 -0.000213641 0)
(1.01972 -0.000213583 0)
(1.01972 -0.000213549 0)
(1.01972 -0.000213509 0)
(1.01972 -0.000213501 0)
(1.01972 -0.000213493 0)
(1.01972 -0.000213466 0)
(1.01972 -0.00021345 0)
(1.01972 -0.000213458 0)
(1.01972 -0.000213449 0)
(1.01972 -0.000213455 0)
(1.01972 -0.000213455 0)
(1.01972 -0.000213465 0)
(1.01972 -0.000213454 0)
(1.01972 -0.000213449 0)
(1.01972 -0.000213438 0)
(1.01972 -0.000213439 0)
(1.01972 -0.000213423 0)
(1.01972 -0.000213423 0)
(1.01972 -0.000213431 0)
(1.01972 -0.000213431 0)
(1.01972 -0.000213431 0)
(1.01972 -0.00021343 0)
(1.01972 -0.000213421 0)
(1.01972 -0.000213424 0)
(1.01972 -0.000213406 0)
(1.01972 -0.000213409 0)
(1.01972 -0.000213423 0)
(1.01972 -0.000213442 0)
(1.01972 -0.000213447 0)
(1.01972 -0.000213457 0)
(1.01972 -0.000213463 0)
(1.01972 -0.00021346 0)
(1.01972 -0.000213445 0)
(1.01972 -0.000213445 0)
(1.01972 -0.000213447 0)
(1.01972 -0.000213441 0)
(1.01972 -0.000213436 0)
(1.01972 -0.000213452 0)
(1.01972 -0.000213453 0)
(1.01972 -0.000213443 0)
(1.01972 -0.000213433 0)
(1.01972 -0.000213438 0)
(1.01972 -0.000213431 0)
(1.01972 -0.000213421 0)
(1.01972 -0.000213426 0)
(1.01972 -0.000213433 0)
(1.01972 -0.000213428 0)
(1.01972 -0.000213426 0)
(1.01972 -0.000213433 0)
(1.01972 -0.00021346 0)
(1.01972 -0.000213489 0)
(1.01972 -0.000213541 0)
(1.01972 -0.000213628 0)
(1.01972 -0.000213759 0)
(1.01972 -0.000213943 0)
(1.01972 -0.000214237 0)
(1.01972 -0.000214686 0)
(1.01971 -0.000215351 0)
(1.01971 -0.000216297 0)
(1.01971 -0.000217644 0)
(1.0197 -0.000219372 0)
(1.01969 -0.000221588 0)
(1.01968 -0.00022363 0)
(1.01966 -0.000226303 0)
(1.01963 -0.000231061 0)
(1.0196 -0.000272671 0)
(1.01935 -0.000446058 0)
(1.01899 -0.00105291 0)
(1.01588 -0.00177205 0)
(0.960422 -0.135842 0)
(1.02546 -0.0244573 0)
(0.976313 -0.003386 0)
(0.987363 -0.000868275 0)
(0.982976 -0.000137018 0)
(0.984823 -0.000643216 0)
(0.983691 -0.000646637 0)
(0.983542 -0.000707817 0)
(0.982966 -0.000656024 0)
(0.982642 -0.00062703 0)
(0.982301 -0.000586421 0)
(0.982055 -0.000555732 0)
(0.981845 -0.00052672 0)
(0.981686 -0.000503482 0)
(0.981561 -0.000484694 0)
(0.981468 -0.000469888 0)
(0.9814 -0.000458328 0)
(0.98135 -0.000449502 0)
(0.981315 -0.000442962 0)
(0.981291 -0.000438296 0)
(0.981274 -0.000435053 0)
(0.981262 -0.00043274 0)
(0.981254 -0.000431131 0)
(0.981249 -0.000430001 0)
(0.981246 -0.000429279 0)
(0.981244 -0.000428805 0)
(0.981242 -0.000428521 0)
(0.981242 -0.000428349 0)
(0.981241 -0.000428225 0)
(0.981241 -0.000428126 0)
(0.98124 -0.000428092 0)
(0.98124 -0.000428055 0)
(0.98124 -0.000428028 0)
(0.98124 -0.000427996 0)
(0.98124 -0.000427992 0)
(0.98124 -0.000427992 0)
(0.98124 -0.000427974 0)
(0.98124 -0.000427957 0)
(0.98124 -0.000427966 0)
(0.98124 -0.000427964 0)
(0.98124 -0.000427967 0)
(0.98124 -0.000427967 0)
(0.98124 -0.000427975 0)
(0.98124 -0.000427967 0)
(0.98124 -0.000427963 0)
(0.98124 -0.000427955 0)
(0.98124 -0.000427958 0)
(0.98124 -0.000427948 0)
(0.98124 -0.000427946 0)
(0.98124 -0.000427951 0)
(0.98124 -0.000427952 0)
(0.98124 -0.000427952 0)
(0.98124 -0.00042795 0)
(0.98124 -0.000427942 0)
(0.98124 -0.000427946 0)
(0.98124 -0.000427934 0)
(0.98124 -0.000427935 0)
(0.98124 -0.000427945 0)
(0.98124 -0.000427958 0)
(0.98124 -0.000427959 0)
(0.98124 -0.000427964 0)
(0.98124 -0.000427969 0)
(0.98124 -0.000427971 0)
(0.98124 -0.000427961 0)
(0.98124 -0.000427959 0)
(0.98124 -0.000427962 0)
(0.98124 -0.000427958 0)
(0.98124 -0.000427953 0)
(0.98124 -0.000427964 0)
(0.98124 -0.000427967 0)
(0.98124 -0.000427959 0)
(0.98124 -0.000427949 0)
(0.98124 -0.000427953 0)
(0.98124 -0.000427951 0)
(0.98124 -0.000427944 0)
(0.98124 -0.000427946 0)
(0.98124 -0.000427951 0)
(0.98124 -0.000427947 0)
(0.98124 -0.000427945 0)
(0.98124 -0.00042795 0)
(0.98124 -0.00042797 0)
(0.98124 -0.000427989 0)
(0.98124 -0.00042802 0)
(0.98124 -0.000428077 0)
(0.98124 -0.000428166 0)
(0.981239 -0.000428288 0)
(0.981238 -0.000428483 0)
(0.981237 -0.00042879 0)
(0.981235 -0.000429245 0)
(0.981232 -0.000429887 0)
(0.981227 -0.000430796 0)
(0.98122 -0.000431948 0)
(0.981211 -0.000433359 0)
(0.981198 -0.000434469 0)
(0.981183 -0.000435317 0)
(0.981156 -0.000436711 0)
(0.981135 -0.00045957 0)
(0.98091 -0.000570426 0)
(0.98054 -0.000945407 0)
(0.977588 -0.00117999 0)
(0.865011 -0.128421 0)
(0.911693 -0.0160122 0)
(0.861958 -0.0010086 0)
(0.871298 4.86202e-05 0)
(0.867828 0.000485432 0)
(0.869353 0.00017154 0)
(0.86833 0.00018447 0)
(0.868103 0.000148504 0)
(0.867536 0.000180294 0)
(0.867193 0.000195968 0)
(0.866852 0.000218874 0)
(0.866601 0.000235628 0)
(0.866392 0.00025167 0)
(0.866234 0.000264279 0)
(0.866111 0.000274278 0)
(0.86602 0.000282081 0)
(0.865953 0.000288148 0)
(0.865905 0.000292759 0)
(0.865871 0.000296161 0)
(0.865848 0.000298583 0)
(0.865832 0.000300252 0)
(0.865821 0.000301417 0)
(0.865814 0.00030223 0)
(0.865809 0.000302817 0)
(0.865806 0.000303178 0)
(0.865804 0.000303411 0)
(0.865802 0.000303558 0)
(0.865802 0.000303635 0)
(0.865801 0.000303697 0)
(0.865801 0.000303761 0)
(0.8658 0.000303776 0)
(0.8658 0.000303785 0)
(0.8658 0.000303806 0)
(0.8658 0.00030383 0)
(0.8658 0.000303828 0)
(0.8658 0.000303817 0)
(0.8658 0.000303827 0)
(0.8658 0.000303846 0)
(0.8658 0.000303842 0)
(0.8658 0.000303836 0)
(0.8658 0.000303833 0)
(0.8658 0.000303835 0)
(0.8658 0.000303832 0)
(0.8658 0.000303836 0)
(0.8658 0.000303837 0)
(0.8658 0.00030384 0)
(0.8658 0.000303838 0)
(0.8658 0.000303844 0)
(0.8658 0.000303846 0)
(0.8658 0.000303842 0)
(0.8658 0.000303839 0)
(0.8658 0.000303842 0)
(0.8658 0.000303845 0)
(0.8658 0.000303849 0)
(0.8658 0.000303845 0)
(0.8658 0.000303852 0)
(0.8658 0.000303855 0)
(0.8658 0.000303849 0)
(0.8658 0.000303838 0)
(0.8658 0.000303839 0)
(0.8658 0.000303839 0)
(0.8658 0.000303837 0)
(0.8658 0.000303831 0)
(0.8658 0.000303833 0)
(0.8658 0.000303838 0)
(0.8658 0.000303835 0)
(0.8658 0.000303836 0)
(0.8658 0.000303841 0)
(0.8658 0.000303838 0)
(0.8658 0.00030383 0)
(0.8658 0.000303836 0)
(0.8658 0.000303847 0)
(0.8658 0.000303845 0)
(0.8658 0.000303841 0)
(0.8658 0.000303845 0)
(0.8658 0.000303848 0)
(0.8658 0.000303844 0)
(0.8658 0.000303847 0)
(0.8658 0.00030385 0)
(0.8658 0.000303846 0)
(0.8658 0.000303832 0)
(0.8658 0.000303823 0)
(0.8658 0.000303812 0)
(0.8658 0.000303783 0)
(0.8658 0.000303736 0)
(0.865799 0.000303675 0)
(0.865798 0.000303579 0)
(0.865797 0.000303418 0)
(0.865795 0.000303177 0)
(0.865792 0.00030285 0)
(0.865788 0.000302389 0)
(0.865781 0.000301803 0)
(0.865772 0.000301125 0)
(0.86576 0.000300717 0)
(0.865748 0.000300833 0)
(0.865729 0.000301259 0)
(0.865722 0.000292911 0)
(0.865548 0.000238817 0)
(0.865251 7.22224e-05 0)
(0.863181 0.000218108 0)
(0.53758 -0.0563866 0)
(0.552258 -0.00359612 0)
(0.517064 0.00175869 0)
(0.522849 0.00199557 0)
(0.520976 0.00212528 0)
(0.521863 0.00203296 0)
(0.521211 0.00204073 0)
(0.52102 0.00203145 0)
(0.52064 0.00204147 0)
(0.520401 0.0020461 0)
(0.520172 0.00205267 0)
(0.520003 0.00205724 0)
(0.519864 0.0020615 0)
(0.51976 0.00206477 0)
(0.519679 0.00206744 0)
(0.51962 0.00206951 0)
(0.519577 0.0020711 0)
(0.519546 0.0020723 0)
(0.519525 0.00207316 0)
(0.51951 0.00207377 0)
(0.5195 0.0020742 0)
(0.519493 0.00207449 0)
(0.519489 0.00207469 0)
(0.519485 0.00207484 0)
(0.519484 0.00207493 0)
(0.519482 0.00207498 0)
(0.519481 0.00207502 0)
(0.519481 0.00207504 0)
(0.519481 0.00207505 0)
(0.51948 0.00207507 0)
(0.51948 0.00207508 0)
(0.51948 0.00207508 0)
(0.51948 0.00207508 0)
(0.51948 0.00207509 0)
(0.51948 0.00207509 0)
(0.51948 0.00207508 0)
(0.51948 0.00207508 0)
(0.51948 0.00207509 0)
(0.51948 0.00207509 0)
(0.51948 0.00207509 0)
(0.51948 0.00207509 0)
(0.51948 0.00207509 0)
(0.51948 0.00207508 0)
(0.51948 0.00207509 0)
(0.51948 0.00207509 0)
(0.51948 0.00207509 0)
(0.51948 0.00207509 0)
(0.51948 0.00207509 0)
(0.51948 0.00207509 0)
(0.51948 0.00207509 0)
(0.51948 0.00207509 0)
(0.51948 0.00207509 0)
(0.51948 0.00207509 0)
(0.51948 0.00207509 0)
(0.51948 0.00207509 0)
(0.51948 0.00207509 0)
(0.51948 0.00207509 0)
(0.51948 0.00207509 0)
(0.51948 0.00207509 0)
(0.51948 0.00207509 0)
(0.51948 0.00207509 0)
(0.51948 0.00207509 0)
(0.51948 0.00207509 0)
(0.51948 0.00207509 0)
(0.51948 0.00207509 0)
(0.51948 0.00207509 0)
(0.51948 0.00207509 0)
(0.51948 0.00207509 0)
(0.51948 0.00207509 0)
(0.51948 0.00207508 0)
(0.51948 0.00207509 0)
(0.51948 0.00207509 0)
(0.51948 0.00207509 0)
(0.51948 0.00207509 0)
(0.51948 0.00207509 0)
(0.51948 0.00207509 0)
(0.51948 0.00207509 0)
(0.51948 0.00207509 0)
(0.51948 0.00207509 0)
(0.51948 0.00207509 0)
(0.51948 0.00207508 0)
(0.51948 0.00207508 0)
(0.51948 0.00207508 0)
(0.51948 0.00207507 0)
(0.51948 0.00207506 0)
(0.519479 0.00207504 0)
(0.519479 0.00207501 0)
(0.519478 0.00207497 0)
(0.519477 0.0020749 0)
(0.519475 0.00207481 0)
(0.519472 0.00207469 0)
(0.519468 0.00207454 0)
(0.519462 0.00207438 0)
(0.519455 0.00207434 0)
(0.519448 0.0020746 0)
(0.51944 0.0020752 0)
(0.519446 0.00207423 0)
(0.519363 0.00206095 0)
(0.519228 0.00202081 0)
(0.518635 0.00215125 0)
)
;

boundaryField
{
    inlet
    {
        type            fixedValue;
        value           uniform (1 0 0);
    }
    outlet
    {
        type            zeroGradient;
    }
    lowerWall
    {
        type            fixedValue;
        value           uniform (0 0 0);
    }
    upperWall
    {
        type            fixedValue;
        value           uniform (0 0 0);
    }
    frontAndBack
    {
        type            empty;
    }
}


// ************************************************************************* //
