/*--------------------------------*- C++ -*----------------------------------*\
| =========                 |                                                 |
| \\      /  F ield         | OpenFOAM: The Open Source CFD Toolbox           |
|  \\    /   O peration     | Version:  2.3.0                                 |
|   \\  /    A nd           | Web:      www.OpenFOAM.org                      |
|    \\/     M anipulation  |                                                 |
\*---------------------------------------------------------------------------*/
FoamFile
{
    version     2.0;
    format      ascii;
    class       volScalarField;
    location    "0.15";
    object      T;
}
// * * * * * * * * * * * * * * * * * * * * * * * * * * * * * * * * * * * * * //

dimensions      [0 0 0 1 0 0 0];

internalField   nonuniform List<scalar> 
2268
(
270
270
270
270
270
270
270
270
270
270
270
270
270
270
270
270
270
270
270
270
270
270
269.999
270
270
270
270
270
270
270
270
270
270
270
270
270
270
270
270
270
270
270
270
270
270
270
270
270
270
270
270
270
270
270
270
270
270
270
270
270
270
270
270
270
270
270
270
269.999
269.999
270
270
270
270
270
270
270
270
270
270
270
270
270
270
270
270
270
270
270
270
269.999
269.999
269.999
270
270
270
270
270
270
270
270
270
270
270
270
270
270
270
270
270
270
270
269.999
269.998
269.998
269.999
270
270
270
270
270
270
270
270
270
270
270
270
270
270
270
270
270
270
270
269.999
269.998
269.999
269.999
270
270
270
270
270
270
270
270
270
270
270
270
270
270
270
270
270
270
269.999
269.999
269.999
270
269.999
270
270
270
270
270
270
270
270
270
270
270
270
270
270
270
270
270
269.999
269.999
269.999
270
270.001
270
270
269.998
269.998
269.998
269.998
269.998
270
270.001
270.001
270.001
270.001
270.001
270.002
270.002
269.999
269.998
269.999
270.001
269.999
269.999
269.997
269.997
269.997
269.999
269.999
270
270.001
270.001
270.001
270.002
270.003
270.001
269.999
269.999
270
269.999
270
269.999
269.998
269.997
269.997
269.998
269.999
269.999
270
270
270.001
270.001
270.002
270.002
270.001
269.999
269.999
270
269.999
270
269.999
269.998
269.997
269.998
269.998
269.999
269.999
270
270
270.002
270.002
270.002
270.001
270
269.999
270
270
269.999
269.999
269.999
269.998
269.997
269.997
269.998
269.999
269.999
270
270.001
270.002
270.002
270.001
270.001
270
270
270
270
269.999
269.999
270
269.998
269.997
269.998
269.998
269.999
270
270.001
270.001
270.002
270.001
270.001
270.001
270.001
270.001
270
270
269.999
269.999
270
269.998
269.998
269.998
269.999
269.999
270
270.001
270.001
270.001
270.001
270.001
270.001
270.001
270
269.999
269.999
269.999
269.999
270
269.998
269.999
269.999
269.999
270
270
270
270.001
270.001
270.001
270.001
270.001
270.001
270
269.999
269.999
270
270
270
270
270
270
270
270
270
270
270
270
270
270
270
270
270
270
270
270
269.999
270
270.003
270.002
270.002
270.001
270
270
270
270
270
270
270
270
270
270
270
270
270
270
270
270
270
270
270.006
270.01
270.01
270.005
270.004
270
270
270
270
270
270
270
270
270
270
270
270
270
270
270
270
269.999
270.004
270.031
270.046
270.036
270.017
270.009
270
270
270
270
270
270
270
270
270
270
270
270
270
270
270
270
270
270.019
270.055
270.068
270.061
270.035
270.016
270
270
270
270
270
270
270
270
270
270
270
270
270
270
270
269.999
270.003
270.035
270.057
270.056
270.069
270.051
270.03
270
270
270
270
270
270
270
270
270
270
270
270
270
270.001
270
269.993
270.011
270.046
270.037
270.034
270.055
270.066
270.049
270
270
270
270
270
270
270
270
270
270
270
270
270.001
270
269.996
269.982
270.018
270.029
270.016
270.014
270.03
270.058
270.059
270
270
270
270
270
270
270
270
270
270
270
270
269.998
269.994
269.986
269.974
270.031
270.012
270.004
270.003
270.009
270.024
270.042
270
270
270
270
270
270
270
270
270
270
269.999
269.995
269.986
269.983
269.984
269.984
270.018
270.002
270
269.999
270
270.003
270.014
270
270
270
270
270
270
270
270
270
270
269.995
269.984
269.976
269.988
269.995
269.999
270.005
270
269.999
269.999
269.999
269.999
270
270
270
270
270
270
270
270
270
270.001
270
269.99
269.996
270.04
270.036
269.994
270.002
270
270
270
270
270
270
269.999
270
270
270
270
270
270
270
270
270
269.998
270.023
270.131
270.319
270.075
269.986
269.996
269.999
270
270.001
270.001
270.001
270
270
270
270
270
270
270
270
270
270
269.995
270.002
270.238
270.537
270.837
270.161
269.995
269.985
269.998
270
270.001
270.001
270.001
270.001
270
270
269.998
270
269.999
269.999
269.999
270
269.998
269.975
270.044
270.614
271.148
271.178
270.38
270.015
269.946
269.985
270
270.001
270.001
270.001
270
270
270.001
269.997
269.999
269.999
269.999
269.999
270
269.987
269.974
270.569
271.876
272.044
271.487
270.753
270.028
269.924
269.985
270.002
270.002
270.002
270.002
270.001
270
270.001
269.997
269.999
269.999
270
270
269.992
269.94
270.219
272.036
273.451
272.044
271.027
270.524
270.018
269.932
269.99
269.999
269.998
269.997
269.996
269.996
269.997
270.001
269.998
269.999
270
270.001
270.001
269.954
269.895
271.012
274.099
274.051
270.733
270.105
270.099
269.997
269.95
269.999
270.006
270.009
270.013
270.015
270.015
270.01
270
269.999
269.999
270
270.003
269.996
269.868
269.936
272.268
275.755
273.592
269.829
269.891
270.075
269.989
269.973
270.003
269.996
269.986
269.973
269.96
269.955
269.972
270
270
270
270
270.007
269.986
269.773
269.999
273.185
276.967
274.028
269.734
269.712
270.109
269.932
269.957
269.975
269.976
269.991
270.017
270.05
270.07
270.045
270
270.001
270
270
270.009
269.987
269.725
269.829
273.171
278.403
276.749
270.292
268.998
270.257
270.133
270.13
270.174
270.193
270.211
270.212
270.183
270.118
270.037
270
270.001
270.001
270
270.01
270.005
269.749
269.48
272.077
279.016
281.73
274.885
269.023
269.218
269.736
269.588
269.579
269.474
269.328
269.155
269.045
269.183
269.67
270
270.001
270
270
270.008
270.024
269.854
269.299
270.341
277.019
285.868
285.391
276.262
270.342
269.551
269.342
269.148
269.147
269.264
269.483
269.799
270.073
270.096
270
270.001
270
270
270.003
270.027
269.973
269.467
269.156
272.988
283.697
293.8
293.427
286.114
280.76
278.475
277.367
277.164
277.722
278.417
278.44
276.347
271.994
270
270.001
270
270
270
270.017
270.03
269.758
269.055
270.039
277.073
289.733
299.499
300.617
296.964
293.714
292.181
291.837
292.334
292.663
290.829
284.175
273.768
270
270
270
270
269.999
270.008
270.035
269.933
269.373
269.126
272.573
282.35
294.373
301.275
301.888
300.583
300.102
300.533
301.213
301.116
297.634
287.805
274.148
270
270
270
270
269.999
270.002
270.024
270.012
269.68
269.052
270.205
276.809
288.51
298.523
301.727
300.82
300.474
301.357
302.405
302.327
298.479
287.929
273.859
270
270
270
270
269.999
270
270.009
270.025
269.91
269.431
269.333
272.62
281.973
294.092
301.258
301.301
299.725
300.205
301.241
301.258
297.75
287.603
273.826
270
270
270
270
270
270
270
270.008
270.006
269.875
269.575
270.13
274.199
283.354
294.128
300.604
301.894
302.13
303.486
303.82
300.729
290.288
274.914
270
270
270
270
270
270
269.999
269.998
270.005
270.046
270.065
269.829
269.268
269.189
271
275.122
280.479
285.754
289.885
292.899
292.9
286.503
274.614
270
270
270
270
270
270
270
270.001
270
269.995
269.997
270.025
270.052
269.967
269.722
269.519
269.797
271.021
273.177
275.435
276.843
275.776
271.906
270
270.001
270
270.001
270
270
270
270
270.001
270.001
270.001
269.999
270
270.011
270.018
269.971
269.799
269.484
269.191
269.219
269.459
269.767
269.956
270.001
270.001
270.001
270.001
270
270
270
270
270
270
270.001
270.001
270
269.999
270
270.005
270.004
269.963
269.812
269.578
269.38
269.398
269.747
270.001
270.001
270.001
270.001
270
270.001
270.001
270
270
270
270.001
270.001
270
270
270
270
270.001
270.004
270.007
269.992
269.951
269.921
269.955
270.001
270.001
270.001
270.001
270.001
270.001
270.001
270
270
270.001
270.001
270.001
270.001
270.001
270.001
270.001
270
270
270.002
270.009
270.017
270.019
270.009
270.001
270.001
270.001
270.001
270.001
270.001
270.001
270.001
270.001
270.001
270.001
270.001
270.001
270.001
270.001
270.001
270.001
270
270
270
270.002
270.004
270.003
270.001
270.001
270.001
270.001
270.001
270.001
270.001
270.001
270.001
270.001
270.001
270.001
270.001
270.001
270.001
270.001
270.001
270
270
270
270
270
269.999
270.001
270.001
270.001
270.001
270.001
270.001
270.001
270.001
270.001
270.001
270.001
270.001
270.001
270.001
270.001
270.001
270.001
270
270
270
270
270
269.999
270.001
270.001
270.001
270.001
270.001
270.001
270.001
270.001
270.001
270
270
270.001
270.001
270.001
270.001
270.001
270
270
270
270
270
270
270
270
270
270
270
270
270.001
270.001
270.001
270
270
270
270.001
270.001
270.001
270.001
270.001
270
270
270
270
270
270
270
270
270
270
270
270
270.001
270
270
270
270
270
270.001
270.001
270.001
270.001
270
270
270
270
270
270
270
270
270
270
270
270
270
270
270
270
270
270
270
270.001
270.001
270.001
270
270
270
270
270
270
270
270
270
270
270
270
270
270
270
270
270
270
270
270
270
270.001
270
270
270
270
270
270
270
270
270
270
270.004
269.995
269.999
269.998
270.006
270.003
269.998
270
270.008
270.007
270.003
270.001
270.011
270.01
270.006
270.003
270.016
270.016
270.014
270.003
270.03
270.022
270.022
270.021
270.046
270.035
270.029
270.032
270.048
270.043
270.037
270.037
270.024
270.029
270.03
270.032
270.003
270.006
270.008
270.009
269.999
269.999
269.999
269.998
269.999
269.998
269.998
269.997
270
269.999
269.998
269.998
269.999
269.999
269.999
269.999
270
270
270
270
269.999
270
270
270
270.002
269.999
270
270
269.999
270.003
269.999
270
269.999
269.994
270.002
270
270
270
269.999
270
270.055
270.029
269.985
270.003
269.961
269.981
270.014
269.995
269.44
269.88
270.109
269.966
268.804
269.865
270.191
269.933
268.509
269.939
270.206
269.918
268.503
270
270.19
269.917
268.554
270.002
270.181
269.92
268.402
269.932
270.214
269.915
268.721
269.874
270.187
269.932
269.525
269.93
270.076
269.974
269.988
270.005
270.001
269.999
270.038
270.015
269.991
270.002
270.007
270.003
269.997
270
269.999
269.999
270
270
269.999
269.999
269.999
270
269.999
269.999
269.999
270
269.999
269.999
269.999
270
269.999
269.999
269.999
270
269.999
269.999
269.999
270
270
270
270
270
270
270
270
270
270
270
270
270
269.998
269.999
269.999
269.999
270
270
270
270
270.001
270.001
270.001
270
270
270
270
270
270
270
270
269.999
270
269.999
269.999
270
270
270.001
270.001
270.001
270.001
270
270
270
270
270
270
270
270
270
270.003
270.004
270.001
269.999
269.999
270
270.001
270.001
270.001
270
270
270
270
270
270
270
270
270
270
269.999
270.009
270.007
270
269.999
270
270.001
270.001
270.001
270.001
270
270
270
270
270
270
270
270
270
269.991
270.012
270.013
270.003
269.999
270
270.001
270.001
270.001
270.001
270.001
270
270
270
270
270
270
270
270
270.019
270.024
270.019
270.005
269.999
270
270.001
270.001
270.001
270.001
270.001
270
270
270
270
270
270
270
270
270.041
270.038
270.023
270.004
269.999
270
270
270.001
270.001
270.001
270
270
270
270
270
270
270
270
270
270.047
270.042
270.014
270.001
269.999
270
270
270.001
270.001
270.001
270
270
269.999
270
270
270
270
270
270
270.028
270.016
270.002
270
270
270
270
270.001
270.001
270.001
270
270
270
270
270
270
270
270
270
270.005
270.001
269.999
270
270
270
270
270.001
270.001
270.001
270
270
270
270
270
270
270
270
270
269.998
269.999
270
270
270
270
270.001
270.001
270.001
270
270
270
270
270
270
270
270
270
270
269.998
270
270
270
270
270
270.001
270.001
270.001
270
270
270
270
270
270
269.999
269.999
270
270
269.999
270
270
269.999
270
270
270.001
270.001
270.001
270
270
270
270
270
269.999
269.999
270
270
270
270
270
269.999
270
270
270.001
270.001
270.001
270
270
270
270
270
269.999
269.999
269.999
270
270
270
270
270
270
270
270
270.001
270
270
270
270
270
270
270
269.999
269.999
269.999
270
270
270
270
270
270
270
270.001
270
270
270
270
270
270
270
269.999
269.999
269.999
270
270
270
270
270
270
270
270
270
270
270
270
270
270
270
270
269.999
269.999
269.999
270
270
270
270
270
270
270
270
270
270
270
270
270
270
270
270
269.999
269.999
270
270
270
270
270
270
270
270
270
270
270
270
270
270
270
270
270
269.999
270
270
270
270
270
270
270
270
269.999
269.999
269.999
270
270
270
270
270
270
270
270
270
270
270
270
270
270
269.999
269.999
269.999
269.999
269.999
270
270
270
270
270
270
270
270
270
270.001
270
270
270
270
270
269.999
269.999
269.999
269.999
270
270
270
270
270
270
270
270.001
270.001
270.001
270
270
270
270
270.003
269.999
269.999
269.999
269.999
269.999
270
270
270
270
270.001
270.001
270.001
270.001
270.001
270
270
270
270
270.008
269.999
269.999
269.999
269.999
269.999
270
270
270
270.001
270.001
270.001
270.001
270.001
270.001
270
270
270
270
270.011
269.999
269.999
269.999
269.999
270
270
270
270.001
270.001
270.001
270.001
270.001
270.001
270.001
270.001
270
270
270
270.012
269.999
269.999
269.999
270
270
270
270.001
270.001
270.001
270.001
270.001
270.001
270.001
270.001
270.001
270.001
270.001
270
270.012
269.999
270
270
270
270
270.001
270.001
270.001
270.001
270.001
270.001
270.001
270.001
270.001
270.001
270.001
270.001
270
270.012
269.999
270
270
270
270.001
270.001
270.001
270.001
270.001
270.001
270.001
270.001
270.001
270.001
270.001
270.001
270.001
270
270.009
269.999
270
270
270
270.001
270.001
270.001
270.001
270.001
270.001
270.001
270.001
270.001
270.001
270.001
270.001
270.001
270
270.004
270
270
270
270.001
270.001
270.001
270.001
270.002
270.001
270.001
270.001
270.001
270.001
270.001
270.001
270.001
270.001
270
270
270
270
270
270.001
270.001
270.001
270.002
270.002
270.001
270.001
270.001
270.001
270.001
270.001
270.001
270.001
270.001
270.001
270
270
270
270
270.001
270.001
270.001
270.001
270.001
270.001
270.001
270.001
270.001
270.001
270.001
270.001
270.001
270.001
270.001
270
270
270
270.001
270.001
270.001
270.001
270.001
270.001
270.001
270.001
270.001
270.001
270.001
270.001
270.001
270.001
270.001
270.001
270
270
270
270.001
270.001
270.001
270.001
270.001
270.001
270.001
270.001
270.001
270.001
270.001
270.001
270.001
270.001
270.001
270.001
270
270
270
270
270.001
270.001
270.001
270
270.001
270.001
270.001
270.001
270.001
270.001
270.001
270.001
270.001
270.001
270.001
270
270
270
270
270
270
270
270
270
270.001
270.001
270.001
270.001
270.001
270.001
270.001
270.001
270.001
270.001
270
270
270
270
270
270
270
270
270
270.001
270.001
270.001
270.001
270.001
270.001
270.001
270.001
270.001
270.001
270
270
270
270
270
270
270
270
270
270.001
270.001
270.001
270.001
270.001
270.001
270.001
270.001
270.001
270
270
270
270
270
270
270
270
270
270
270.001
270.001
270.001
270.001
270.001
270.001
270.001
270.001
270.001
270
270
270
270
270
270
270
270
270
270
270.001
270.001
270.001
270.001
270.001
270.001
270.001
270.001
270.001
270
270
270
270
270
270
270
270
270
270
270.001
270.001
270.001
270.001
270.001
270.001
270.001
270
270
270
270
270
270
270
270
270
270
270
270
270
270
270
270
270
270
270
270
270
270
)
;

boundaryField
{
    leftWall
    {
        type            zeroGradient;
    }
    rightWall
    {
        type            zeroGradient;
    }
    lowerWall
    {
        type            zeroGradient;
    }
    atmosphere
    {
        type            zeroGradient;
    }
    defaultFaces
    {
        type            empty;
    }
}


// ************************************************************************* //
