/*--------------------------------*- C++ -*----------------------------------*\
| =========                 |                                                 |
| \\      /  F ield         | OpenFOAM: The Open Source CFD Toolbox           |
|  \\    /   O peration     | Version:  2.3.0                                 |
|   \\  /    A nd           | Web:      www.OpenFOAM.org                      |
|    \\/     M anipulation  |                                                 |
\*---------------------------------------------------------------------------*/
FoamFile
{
    version     2.0;
    format      ascii;
    class       volVectorField;
    location    "1";
    object      B;
}
// * * * * * * * * * * * * * * * * * * * * * * * * * * * * * * * * * * * * * //

dimensions      [1 0 -2 0 0 -1 0];

internalField   nonuniform List<vector> 
4000
(
(0.473661 20.031 0)
(0.499805 19.9956 0)
(0.486494 19.9897 0)
(0.492139 19.9903 0)
(0.491846 19.9918 0)
(0.493106 19.9936 0)
(0.493153 19.9951 0)
(0.493409 19.9962 0)
(0.493453 19.9971 0)
(0.493529 19.9978 0)
(0.49356 19.9983 0)
(0.493589 19.9987 0)
(0.493601 19.999 0)
(0.493607 19.9993 0)
(0.493606 19.9995 0)
(0.493601 19.9996 0)
(0.493593 19.9997 0)
(0.493583 19.9998 0)
(0.493573 19.9998 0)
(0.493563 19.9999 0)
(0.493553 19.9999 0)
(0.493545 19.9999 0)
(0.493537 20 0)
(0.493531 20 0)
(0.493526 20 0)
(0.493521 20 0)
(0.493518 20 0)
(0.493515 20 0)
(0.493513 20 0)
(0.493511 20 0)
(0.49351 20 0)
(0.493509 20 0)
(0.493508 20 0)
(0.493508 20 0)
(0.493507 20 0)
(0.493507 20 0)
(0.493507 20 0)
(0.493507 20 0)
(0.493507 20 0)
(0.493506 20 0)
(0.493506 20 0)
(0.493506 20 0)
(0.493506 20 0)
(0.493506 20 0)
(0.493506 20 0)
(0.493506 20 0)
(0.493506 20 0)
(0.493506 20 0)
(0.493506 20 0)
(0.493506 20 0)
(0.493506 20 0)
(0.493506 20 0)
(0.493506 20 0)
(0.493506 20 0)
(0.493506 20 0)
(0.493506 20 0)
(0.493506 20 0)
(0.493506 20 0)
(0.493506 20 0)
(0.493506 20 0)
(0.493506 20 0)
(0.493506 20 0)
(0.493506 20 0)
(0.493506 20 0)
(0.493506 20 0)
(0.493506 20 0)
(0.493506 20 0)
(0.493506 20 0)
(0.493506 20 0)
(0.493506 20 0)
(0.493506 20 0)
(0.493506 20 0)
(0.493506 20 0)
(0.493506 20 0)
(0.493506 20 0)
(0.493506 20 0)
(0.493506 20 0)
(0.493506 20 0)
(0.493506 20 0)
(0.493506 20 0)
(0.493506 20 0)
(0.493506 20 0)
(0.493506 20 0)
(0.493506 20 0)
(0.493506 20 0)
(0.493506 20 0)
(0.493506 20 0)
(0.493506 20 0)
(0.493506 20 0)
(0.493506 20 0)
(0.493506 20 0)
(0.493507 20 0)
(0.49351 20 0)
(0.493516 20 0)
(0.493527 20 0)
(0.493548 19.9999 0)
(0.49359 20 0)
(0.493595 20.0001 0)
(0.493551 20.0004 0)
(0.492788 20.0007 0)
(0.720702 20.0024 0)
(0.770276 19.9753 0)
(0.768888 19.969 0)
(0.779702 19.9717 0)
(0.780938 19.9767 0)
(0.783623 19.9821 0)
(0.784455 19.9864 0)
(0.785412 19.9898 0)
(0.785962 19.9924 0)
(0.78646 19.9944 0)
(0.786818 19.996 0)
(0.787109 19.9973 0)
(0.787327 19.9982 0)
(0.787494 19.999 0)
(0.787618 19.9995 0)
(0.787708 20 0)
(0.787772 20.0003 0)
(0.787816 20.0005 0)
(0.787846 20.0007 0)
(0.787865 20.0009 0)
(0.787877 20.001 0)
(0.787883 20.001 0)
(0.787886 20.0011 0)
(0.787888 20.0011 0)
(0.787887 20.0011 0)
(0.787887 20.0011 0)
(0.787886 20.0012 0)
(0.787884 20.0012 0)
(0.787883 20.0012 0)
(0.787882 20.0012 0)
(0.787882 20.0012 0)
(0.787881 20.0012 0)
(0.78788 20.0012 0)
(0.78788 20.0012 0)
(0.78788 20.0012 0)
(0.787879 20.0012 0)
(0.787879 20.0012 0)
(0.787879 20.0012 0)
(0.787879 20.0012 0)
(0.787879 20.0012 0)
(0.787879 20.0012 0)
(0.787879 20.0012 0)
(0.787879 20.0012 0)
(0.787879 20.0012 0)
(0.787879 20.0012 0)
(0.787879 20.0012 0)
(0.787879 20.0012 0)
(0.787879 20.0012 0)
(0.787879 20.0012 0)
(0.787879 20.0012 0)
(0.787879 20.0012 0)
(0.787879 20.0012 0)
(0.787879 20.0012 0)
(0.787879 20.0012 0)
(0.787879 20.0012 0)
(0.787879 20.0012 0)
(0.787879 20.0012 0)
(0.787879 20.0012 0)
(0.787879 20.0012 0)
(0.787879 20.0012 0)
(0.787879 20.0012 0)
(0.787879 20.0012 0)
(0.787879 20.0012 0)
(0.787879 20.0012 0)
(0.787879 20.0012 0)
(0.787879 20.0012 0)
(0.787879 20.0012 0)
(0.787879 20.0012 0)
(0.787879 20.0012 0)
(0.787879 20.0012 0)
(0.787879 20.0012 0)
(0.787879 20.0012 0)
(0.787879 20.0012 0)
(0.787879 20.0012 0)
(0.787879 20.0012 0)
(0.787879 20.0012 0)
(0.787879 20.0012 0)
(0.787879 20.0012 0)
(0.787879 20.0012 0)
(0.787879 20.0012 0)
(0.787879 20.0012 0)
(0.787879 20.0012 0)
(0.787879 20.0012 0)
(0.787879 20.0012 0)
(0.787879 20.0012 0)
(0.78788 20.0012 0)
(0.78788 20.0012 0)
(0.787882 20.0012 0)
(0.787884 20.0012 0)
(0.787887 20.0012 0)
(0.787893 20.0012 0)
(0.787902 20.0011 0)
(0.787918 20.0011 0)
(0.787945 20.0011 0)
(0.78799 20.001 0)
(0.788064 20.001 0)
(0.788193 20.0011 0)
(0.788336 20.0014 0)
(0.788456 20.0022 0)
(0.7874 20.0032 0)
(0.755203 19.9351 0)
(0.807989 19.9434 0)
(0.821252 19.9453 0)
(0.83573 19.9517 0)
(0.839001 19.9605 0)
(0.842786 19.9693 0)
(0.844493 19.9764 0)
(0.846139 19.982 0)
(0.847255 19.9864 0)
(0.848211 19.9898 0)
(0.84894 19.9925 0)
(0.849529 19.9945 0)
(0.849985 19.9961 0)
(0.850342 19.9974 0)
(0.850615 19.9983 0)
(0.850823 19.9991 0)
(0.850978 19.9996 0)
(0.851093 20 0)
(0.851177 20.0003 0)
(0.851238 20.0006 0)
(0.851281 20.0007 0)
(0.851311 20.0008 0)
(0.851332 20.0009 0)
(0.851346 20.001 0)
(0.851355 20.001 0)
(0.851361 20.0011 0)
(0.851365 20.0011 0)
(0.851368 20.0011 0)
(0.851369 20.0011 0)
(0.85137 20.0011 0)
(0.85137 20.0011 0)
(0.851371 20.0011 0)
(0.851371 20.0011 0)
(0.851371 20.0011 0)
(0.851371 20.0011 0)
(0.851371 20.0011 0)
(0.851371 20.0011 0)
(0.851371 20.0011 0)
(0.851371 20.0011 0)
(0.851371 20.0011 0)
(0.851371 20.0011 0)
(0.851371 20.0011 0)
(0.851371 20.0011 0)
(0.851371 20.0011 0)
(0.851371 20.0011 0)
(0.851371 20.0011 0)
(0.851371 20.0011 0)
(0.851371 20.0011 0)
(0.851371 20.0011 0)
(0.851371 20.0011 0)
(0.851371 20.0011 0)
(0.851371 20.0011 0)
(0.851371 20.0011 0)
(0.851371 20.0011 0)
(0.851371 20.0011 0)
(0.851371 20.0011 0)
(0.851371 20.0011 0)
(0.851371 20.0011 0)
(0.851371 20.0011 0)
(0.851371 20.0011 0)
(0.851371 20.0011 0)
(0.851371 20.0011 0)
(0.851371 20.0011 0)
(0.851371 20.0011 0)
(0.851371 20.0011 0)
(0.851371 20.0011 0)
(0.851371 20.0011 0)
(0.851371 20.0011 0)
(0.851371 20.0011 0)
(0.851371 20.0011 0)
(0.851371 20.0011 0)
(0.851371 20.0011 0)
(0.851371 20.0011 0)
(0.851371 20.0011 0)
(0.851371 20.0011 0)
(0.851371 20.0011 0)
(0.851371 20.0011 0)
(0.851371 20.0011 0)
(0.851371 20.0011 0)
(0.851371 20.0011 0)
(0.851371 20.0011 0)
(0.851371 20.0011 0)
(0.851371 20.0011 0)
(0.851372 20.0011 0)
(0.851372 20.0011 0)
(0.851374 20.0011 0)
(0.851375 20.0011 0)
(0.851378 20.0011 0)
(0.851383 20.0011 0)
(0.851391 20.0011 0)
(0.851403 20.0011 0)
(0.851422 20.001 0)
(0.851452 20.001 0)
(0.851503 20.0009 0)
(0.851585 20.0009 0)
(0.851721 20.0008 0)
(0.851955 20.0009 0)
(0.852309 20.0014 0)
(0.852784 20.0026 0)
(0.852462 20.0042 0)
(0.726909 19.8691 0)
(0.774748 19.9063 0)
(0.798086 19.9196 0)
(0.815312 19.9312 0)
(0.820592 19.9442 0)
(0.825325 19.9564 0)
(0.827837 19.9662 0)
(0.830094 19.9741 0)
(0.831729 19.9802 0)
(0.833102 19.9849 0)
(0.834173 19.9886 0)
(0.835038 19.9915 0)
(0.835716 19.9938 0)
(0.836251 19.9955 0)
(0.836665 19.9969 0)
(0.836985 19.9979 0)
(0.837227 19.9987 0)
(0.837411 19.9992 0)
(0.837547 19.9997 0)
(0.837648 20 0)
(0.837722 20.0002 0)
(0.837776 20.0004 0)
(0.837814 20.0005 0)
(0.837841 20.0006 0)
(0.83786 20.0007 0)
(0.837874 20.0007 0)
(0.837883 20.0007 0)
(0.83789 20.0007 0)
(0.837894 20.0008 0)
(0.837897 20.0008 0)
(0.837899 20.0008 0)
(0.8379 20.0008 0)
(0.837901 20.0008 0)
(0.837902 20.0008 0)
(0.837902 20.0008 0)
(0.837902 20.0008 0)
(0.837902 20.0008 0)
(0.837902 20.0008 0)
(0.837903 20.0008 0)
(0.837903 20.0008 0)
(0.837903 20.0008 0)
(0.837903 20.0008 0)
(0.837903 20.0008 0)
(0.837903 20.0008 0)
(0.837903 20.0008 0)
(0.837903 20.0008 0)
(0.837903 20.0008 0)
(0.837903 20.0008 0)
(0.837903 20.0008 0)
(0.837903 20.0008 0)
(0.837903 20.0008 0)
(0.837903 20.0008 0)
(0.837903 20.0008 0)
(0.837903 20.0008 0)
(0.837903 20.0008 0)
(0.837903 20.0008 0)
(0.837903 20.0008 0)
(0.837903 20.0008 0)
(0.837903 20.0008 0)
(0.837903 20.0008 0)
(0.837903 20.0008 0)
(0.837903 20.0008 0)
(0.837903 20.0008 0)
(0.837903 20.0008 0)
(0.837903 20.0008 0)
(0.837903 20.0008 0)
(0.837903 20.0008 0)
(0.837903 20.0008 0)
(0.837903 20.0008 0)
(0.837903 20.0008 0)
(0.837903 20.0008 0)
(0.837903 20.0008 0)
(0.837903 20.0008 0)
(0.837903 20.0008 0)
(0.837903 20.0008 0)
(0.837903 20.0008 0)
(0.837903 20.0008 0)
(0.837903 20.0008 0)
(0.837903 20.0008 0)
(0.837903 20.0008 0)
(0.837903 20.0008 0)
(0.837903 20.0008 0)
(0.837904 20.0008 0)
(0.837905 20.0008 0)
(0.837906 20.0008 0)
(0.837908 20.0008 0)
(0.837911 20.0008 0)
(0.837915 20.0008 0)
(0.837922 20.0008 0)
(0.837934 20.0007 0)
(0.837952 20.0007 0)
(0.83798 20.0007 0)
(0.838025 20.0006 0)
(0.838099 20.0005 0)
(0.838219 20.0005 0)
(0.838422 20.0004 0)
(0.838775 20.0005 0)
(0.839379 20.001 0)
(0.84031 20.0024 0)
(0.84116 20.0043 0)
(0.681468 19.8132 0)
(0.722124 19.868 0)
(0.75111 19.8931 0)
(0.770226 19.911 0)
(0.777259 19.9284 0)
(0.782798 19.9439 0)
(0.786002 19.9564 0)
(0.788773 19.9664 0)
(0.790845 19.9741 0)
(0.792571 19.9802 0)
(0.793933 19.985 0)
(0.795033 19.9887 0)
(0.795901 19.9916 0)
(0.796588 19.9939 0)
(0.797124 19.9956 0)
(0.797539 19.9969 0)
(0.797857 19.9979 0)
(0.7981 19.9986 0)
(0.798282 19.9992 0)
(0.798419 19.9996 0)
(0.79852 19.9999 0)
(0.798594 20.0001 0)
(0.798648 20.0003 0)
(0.798687 20.0004 0)
(0.798715 20.0005 0)
(0.798735 20.0005 0)
(0.798749 20.0006 0)
(0.798759 20.0006 0)
(0.798766 20.0006 0)
(0.798771 20.0006 0)
(0.798774 20.0006 0)
(0.798776 20.0006 0)
(0.798778 20.0006 0)
(0.798779 20.0007 0)
(0.79878 20.0007 0)
(0.79878 20.0007 0)
(0.798781 20.0007 0)
(0.798781 20.0007 0)
(0.798781 20.0007 0)
(0.798781 20.0007 0)
(0.798781 20.0007 0)
(0.798781 20.0007 0)
(0.798781 20.0007 0)
(0.798781 20.0007 0)
(0.798781 20.0007 0)
(0.798781 20.0007 0)
(0.798781 20.0007 0)
(0.798781 20.0007 0)
(0.798781 20.0007 0)
(0.798781 20.0007 0)
(0.798781 20.0007 0)
(0.798781 20.0007 0)
(0.798781 20.0007 0)
(0.798781 20.0007 0)
(0.798781 20.0007 0)
(0.798781 20.0007 0)
(0.798781 20.0007 0)
(0.798781 20.0007 0)
(0.798781 20.0007 0)
(0.798781 20.0007 0)
(0.798781 20.0007 0)
(0.798781 20.0007 0)
(0.798781 20.0007 0)
(0.798781 20.0007 0)
(0.798781 20.0007 0)
(0.798781 20.0007 0)
(0.798781 20.0007 0)
(0.798781 20.0007 0)
(0.798781 20.0007 0)
(0.798781 20.0007 0)
(0.798781 20.0007 0)
(0.798781 20.0007 0)
(0.798781 20.0007 0)
(0.798781 20.0007 0)
(0.798781 20.0007 0)
(0.798781 20.0007 0)
(0.798781 20.0007 0)
(0.798781 20.0007 0)
(0.798782 20.0007 0)
(0.798782 20.0007 0)
(0.798782 20.0007 0)
(0.798782 20.0007 0)
(0.798783 20.0007 0)
(0.798784 20.0007 0)
(0.798786 20.0006 0)
(0.798788 20.0006 0)
(0.798792 20.0006 0)
(0.798798 20.0006 0)
(0.798807 20.0006 0)
(0.798822 20.0006 0)
(0.798846 20.0006 0)
(0.798882 20.0005 0)
(0.798941 20.0004 0)
(0.799037 20.0003 0)
(0.799194 20.0002 0)
(0.799466 20.0001 0)
(0.799942 20.0002 0)
(0.800809 20.0006 0)
(0.802212 20.002 0)
(0.804218 20.0039 0)
(0.632569 19.766 0)
(0.666151 19.8307 0)
(0.697576 19.8664 0)
(0.717767 19.891 0)
(0.726196 19.913 0)
(0.732383 19.9317 0)
(0.73615 19.9469 0)
(0.739329 19.9589 0)
(0.741751 19.9683 0)
(0.743759 19.9757 0)
(0.745353 19.9815 0)
(0.746642 19.986 0)
(0.747664 19.9896 0)
(0.748473 19.9923 0)
(0.749107 19.9944 0)
(0.7496 19.996 0)
(0.74998 19.9972 0)
(0.75027 19.9981 0)
(0.75049 19.9988 0)
(0.750656 19.9993 0)
(0.750779 19.9997 0)
(0.75087 20 0)
(0.750937 20.0002 0)
(0.750986 20.0003 0)
(0.751022 20.0004 0)
(0.751047 20.0005 0)
(0.751065 20.0005 0)
(0.751078 20.0006 0)
(0.751088 20.0006 0)
(0.751094 20.0006 0)
(0.751099 20.0006 0)
(0.751102 20.0006 0)
(0.751104 20.0006 0)
(0.751105 20.0006 0)
(0.751107 20.0006 0)
(0.751107 20.0006 0)
(0.751108 20.0006 0)
(0.751108 20.0006 0)
(0.751108 20.0006 0)
(0.751108 20.0006 0)
(0.751109 20.0006 0)
(0.751109 20.0006 0)
(0.751109 20.0006 0)
(0.751109 20.0006 0)
(0.751109 20.0006 0)
(0.751109 20.0006 0)
(0.751109 20.0006 0)
(0.751109 20.0006 0)
(0.751109 20.0006 0)
(0.751109 20.0006 0)
(0.751109 20.0006 0)
(0.751109 20.0006 0)
(0.751109 20.0006 0)
(0.751109 20.0006 0)
(0.751109 20.0006 0)
(0.751109 20.0006 0)
(0.751109 20.0006 0)
(0.751109 20.0006 0)
(0.751109 20.0006 0)
(0.751109 20.0006 0)
(0.751109 20.0006 0)
(0.751109 20.0006 0)
(0.751109 20.0006 0)
(0.751109 20.0006 0)
(0.751109 20.0006 0)
(0.751109 20.0006 0)
(0.751109 20.0006 0)
(0.751109 20.0006 0)
(0.751109 20.0006 0)
(0.751109 20.0006 0)
(0.751109 20.0006 0)
(0.751109 20.0006 0)
(0.751109 20.0006 0)
(0.751109 20.0006 0)
(0.751109 20.0006 0)
(0.751109 20.0006 0)
(0.751109 20.0006 0)
(0.751109 20.0006 0)
(0.751109 20.0006 0)
(0.751109 20.0006 0)
(0.75111 20.0006 0)
(0.75111 20.0006 0)
(0.751111 20.0006 0)
(0.751112 20.0006 0)
(0.751114 20.0006 0)
(0.751117 20.0006 0)
(0.751122 20.0006 0)
(0.751129 20.0006 0)
(0.75114 20.0006 0)
(0.751158 20.0006 0)
(0.751186 20.0005 0)
(0.75123 20.0005 0)
(0.7513 20.0004 0)
(0.751416 20.0002 0)
(0.751609 20.0001 0)
(0.751947 19.9999 0)
(0.752543 19.9999 0)
(0.753663 20.0002 0)
(0.755503 20.0015 0)
(0.758456 20.0032 0)
(0.584067 19.7258 0)
(0.611452 19.7952 0)
(0.643156 19.8402 0)
(0.663701 19.8715 0)
(0.673136 19.8981 0)
(0.679794 19.92 0)
(0.683989 19.9377 0)
(0.687471 19.9517 0)
(0.690153 19.9627 0)
(0.692371 19.9714 0)
(0.694141 19.9781 0)
(0.695571 19.9834 0)
(0.696709 19.9876 0)
(0.697611 19.9908 0)
(0.69832 19.9933 0)
(0.698872 19.9951 0)
(0.699298 19.9966 0)
(0.699626 19.9977 0)
(0.699874 19.9985 0)
(0.700062 19.9991 0)
(0.700203 19.9995 0)
(0.700307 19.9998 0)
(0.700384 20.0001 0)
(0.700441 20.0002 0)
(0.700482 20.0004 0)
(0.700512 20.0004 0)
(0.700534 20.0005 0)
(0.700549 20.0005 0)
(0.70056 20.0006 0)
(0.700568 20.0006 0)
(0.700573 20.0006 0)
(0.700577 20.0006 0)
(0.70058 20.0006 0)
(0.700582 20.0006 0)
(0.700583 20.0006 0)
(0.700584 20.0006 0)
(0.700585 20.0006 0)
(0.700585 20.0006 0)
(0.700585 20.0006 0)
(0.700585 20.0006 0)
(0.700586 20.0006 0)
(0.700586 20.0006 0)
(0.700586 20.0006 0)
(0.700586 20.0006 0)
(0.700586 20.0006 0)
(0.700586 20.0006 0)
(0.700586 20.0006 0)
(0.700586 20.0006 0)
(0.700586 20.0006 0)
(0.700586 20.0006 0)
(0.700586 20.0006 0)
(0.700586 20.0006 0)
(0.700586 20.0006 0)
(0.700586 20.0006 0)
(0.700586 20.0006 0)
(0.700586 20.0006 0)
(0.700586 20.0006 0)
(0.700586 20.0006 0)
(0.700586 20.0006 0)
(0.700586 20.0006 0)
(0.700586 20.0006 0)
(0.700586 20.0006 0)
(0.700586 20.0006 0)
(0.700586 20.0006 0)
(0.700586 20.0006 0)
(0.700586 20.0006 0)
(0.700586 20.0006 0)
(0.700586 20.0006 0)
(0.700586 20.0006 0)
(0.700586 20.0006 0)
(0.700586 20.0006 0)
(0.700586 20.0006 0)
(0.700586 20.0006 0)
(0.700586 20.0006 0)
(0.700586 20.0006 0)
(0.700586 20.0006 0)
(0.700586 20.0006 0)
(0.700586 20.0006 0)
(0.700586 20.0006 0)
(0.700587 20.0006 0)
(0.700587 20.0006 0)
(0.700588 20.0006 0)
(0.700588 20.0006 0)
(0.70059 20.0006 0)
(0.700592 20.0006 0)
(0.700596 20.0006 0)
(0.700601 20.0006 0)
(0.700609 20.0006 0)
(0.700622 20.0006 0)
(0.700642 20.0005 0)
(0.700673 20.0005 0)
(0.700723 20.0004 0)
(0.700804 20.0003 0)
(0.700937 20.0001 0)
(0.701162 20 0)
(0.70156 19.9997 0)
(0.702268 19.9996 0)
(0.703614 19.9998 0)
(0.705821 20.0007 0)
(0.709477 20.002 0)
(0.536813 19.6912 0)
(0.559017 19.7622 0)
(0.589625 19.8149 0)
(0.609919 19.8527 0)
(0.619973 19.8837 0)
(0.62692 19.9087 0)
(0.631407 19.9288 0)
(0.635089 19.9447 0)
(0.637946 19.9573 0)
(0.640304 19.9671 0)
(0.642191 19.9749 0)
(0.643718 19.9809 0)
(0.644934 19.9856 0)
(0.6459 19.9893 0)
(0.64666 19.9921 0)
(0.647253 19.9943 0)
(0.647712 19.9959 0)
(0.648065 19.9972 0)
(0.648334 19.9981 0)
(0.648537 19.9988 0)
(0.64869 19.9993 0)
(0.648804 19.9997 0)
(0.648889 20 0)
(0.648951 20.0002 0)
(0.648997 20.0003 0)
(0.64903 20.0004 0)
(0.649054 20.0005 0)
(0.649071 20.0005 0)
(0.649083 20.0005 0)
(0.649092 20.0006 0)
(0.649098 20.0006 0)
(0.649103 20.0006 0)
(0.649106 20.0006 0)
(0.649108 20.0006 0)
(0.649109 20.0006 0)
(0.649111 20.0006 0)
(0.649111 20.0006 0)
(0.649112 20.0006 0)
(0.649112 20.0006 0)
(0.649112 20.0006 0)
(0.649113 20.0006 0)
(0.649113 20.0006 0)
(0.649113 20.0006 0)
(0.649113 20.0006 0)
(0.649113 20.0006 0)
(0.649113 20.0006 0)
(0.649113 20.0006 0)
(0.649113 20.0006 0)
(0.649113 20.0006 0)
(0.649113 20.0006 0)
(0.649113 20.0006 0)
(0.649113 20.0006 0)
(0.649113 20.0006 0)
(0.649113 20.0006 0)
(0.649113 20.0006 0)
(0.649113 20.0006 0)
(0.649113 20.0006 0)
(0.649113 20.0006 0)
(0.649113 20.0006 0)
(0.649113 20.0006 0)
(0.649113 20.0006 0)
(0.649113 20.0006 0)
(0.649113 20.0006 0)
(0.649113 20.0006 0)
(0.649113 20.0006 0)
(0.649113 20.0006 0)
(0.649113 20.0006 0)
(0.649113 20.0006 0)
(0.649113 20.0006 0)
(0.649113 20.0006 0)
(0.649113 20.0006 0)
(0.649113 20.0006 0)
(0.649113 20.0006 0)
(0.649113 20.0006 0)
(0.649113 20.0006 0)
(0.649113 20.0006 0)
(0.649113 20.0006 0)
(0.649113 20.0006 0)
(0.649113 20.0006 0)
(0.649114 20.0006 0)
(0.649114 20.0006 0)
(0.649115 20.0006 0)
(0.649116 20.0006 0)
(0.649117 20.0006 0)
(0.64912 20.0006 0)
(0.649123 20.0006 0)
(0.649129 20.0006 0)
(0.649138 20.0006 0)
(0.649152 20.0005 0)
(0.649174 20.0005 0)
(0.649208 20.0005 0)
(0.649263 20.0004 0)
(0.649351 20.0002 0)
(0.649499 20.0001 0)
(0.64975 19.9998 0)
(0.650201 19.9995 0)
(0.651003 19.9993 0)
(0.652538 19.9992 0)
(0.65503 19.9997 0)
(0.659156 20.0005 0)
(0.490795 19.6615 0)
(0.508756 19.732 0)
(0.537435 19.791 0)
(0.557 19.8348 0)
(0.567314 19.87 0)
(0.574369 19.898 0)
(0.579017 19.9204 0)
(0.582799 19.9381 0)
(0.585748 19.9521 0)
(0.588179 19.9631 0)
(0.59013 19.9717 0)
(0.591709 19.9785 0)
(0.592969 19.9838 0)
(0.59397 19.9879 0)
(0.594759 19.9911 0)
(0.595375 19.9935 0)
(0.595853 19.9953 0)
(0.596221 19.9967 0)
(0.596502 19.9978 0)
(0.596715 19.9986 0)
(0.596875 19.9991 0)
(0.596995 19.9996 0)
(0.597084 19.9999 0)
(0.59715 20.0001 0)
(0.597198 20.0002 0)
(0.597234 20.0004 0)
(0.597259 20.0004 0)
(0.597278 20.0005 0)
(0.597291 20.0005 0)
(0.5973 20.0006 0)
(0.597307 20.0006 0)
(0.597312 20.0006 0)
(0.597315 20.0006 0)
(0.597318 20.0006 0)
(0.597319 20.0006 0)
(0.597321 20.0006 0)
(0.597321 20.0006 0)
(0.597322 20.0006 0)
(0.597322 20.0006 0)
(0.597323 20.0006 0)
(0.597323 20.0006 0)
(0.597323 20.0006 0)
(0.597323 20.0006 0)
(0.597323 20.0006 0)
(0.597323 20.0006 0)
(0.597323 20.0006 0)
(0.597323 20.0006 0)
(0.597323 20.0006 0)
(0.597323 20.0006 0)
(0.597323 20.0006 0)
(0.597323 20.0006 0)
(0.597323 20.0006 0)
(0.597323 20.0006 0)
(0.597323 20.0006 0)
(0.597323 20.0006 0)
(0.597323 20.0006 0)
(0.597323 20.0006 0)
(0.597323 20.0006 0)
(0.597323 20.0006 0)
(0.597323 20.0006 0)
(0.597323 20.0006 0)
(0.597323 20.0006 0)
(0.597323 20.0006 0)
(0.597323 20.0006 0)
(0.597323 20.0006 0)
(0.597323 20.0006 0)
(0.597323 20.0006 0)
(0.597323 20.0006 0)
(0.597323 20.0006 0)
(0.597323 20.0006 0)
(0.597323 20.0006 0)
(0.597323 20.0006 0)
(0.597323 20.0006 0)
(0.597323 20.0006 0)
(0.597323 20.0006 0)
(0.597323 20.0006 0)
(0.597324 20.0006 0)
(0.597324 20.0006 0)
(0.597324 20.0006 0)
(0.597324 20.0006 0)
(0.597325 20.0006 0)
(0.597325 20.0006 0)
(0.597326 20.0006 0)
(0.597328 20.0006 0)
(0.59733 20.0006 0)
(0.597334 20.0006 0)
(0.59734 20.0006 0)
(0.59735 20.0006 0)
(0.597365 20.0005 0)
(0.597387 20.0005 0)
(0.597423 20.0004 0)
(0.597481 20.0003 0)
(0.597575 20.0002 0)
(0.597734 20 0)
(0.598006 19.9997 0)
(0.598498 19.9993 0)
(0.599374 19.9989 0)
(0.60105 19.9985 0)
(0.603737 19.9986 0)
(0.608131 19.9988 0)
(0.445804 19.6358 0)
(0.460317 19.7046 0)
(0.486601 19.7686 0)
(0.505072 19.8179 0)
(0.515329 19.8571 0)
(0.52232 19.8879 0)
(0.527002 19.9124 0)
(0.530789 19.9318 0)
(0.533754 19.9471 0)
(0.536195 19.9592 0)
(0.538158 19.9688 0)
(0.539747 19.9762 0)
(0.541017 19.982 0)
(0.542028 19.9865 0)
(0.542824 19.99 0)
(0.543447 19.9927 0)
(0.543931 19.9947 0)
(0.544303 19.9963 0)
(0.544588 19.9974 0)
(0.544805 19.9983 0)
(0.544968 19.9989 0)
(0.54509 19.9994 0)
(0.545181 19.9998 0)
(0.545249 20 0)
(0.545298 20.0002 0)
(0.545335 20.0003 0)
(0.545361 20.0004 0)
(0.54538 20.0005 0)
(0.545394 20.0005 0)
(0.545404 20.0005 0)
(0.545411 20.0006 0)
(0.545416 20.0006 0)
(0.54542 20.0006 0)
(0.545422 20.0006 0)
(0.545424 20.0006 0)
(0.545425 20.0006 0)
(0.545426 20.0006 0)
(0.545427 20.0006 0)
(0.545427 20.0006 0)
(0.545427 20.0006 0)
(0.545428 20.0006 0)
(0.545428 20.0006 0)
(0.545428 20.0006 0)
(0.545428 20.0006 0)
(0.545428 20.0006 0)
(0.545428 20.0006 0)
(0.545428 20.0006 0)
(0.545428 20.0006 0)
(0.545428 20.0006 0)
(0.545428 20.0006 0)
(0.545428 20.0006 0)
(0.545428 20.0006 0)
(0.545428 20.0006 0)
(0.545428 20.0006 0)
(0.545428 20.0006 0)
(0.545428 20.0006 0)
(0.545428 20.0006 0)
(0.545428 20.0006 0)
(0.545428 20.0006 0)
(0.545428 20.0006 0)
(0.545428 20.0006 0)
(0.545428 20.0006 0)
(0.545428 20.0006 0)
(0.545428 20.0006 0)
(0.545428 20.0006 0)
(0.545428 20.0006 0)
(0.545428 20.0006 0)
(0.545428 20.0006 0)
(0.545428 20.0006 0)
(0.545428 20.0006 0)
(0.545428 20.0006 0)
(0.545428 20.0006 0)
(0.545428 20.0006 0)
(0.545428 20.0006 0)
(0.545428 20.0006 0)
(0.545428 20.0006 0)
(0.545428 20.0006 0)
(0.545428 20.0006 0)
(0.545429 20.0006 0)
(0.545429 20.0006 0)
(0.545429 20.0006 0)
(0.54543 20.0006 0)
(0.545431 20.0006 0)
(0.545433 20.0006 0)
(0.545435 20.0006 0)
(0.545439 20.0006 0)
(0.545446 20.0006 0)
(0.545455 20.0005 0)
(0.54547 20.0005 0)
(0.545494 20.0005 0)
(0.54553 20.0004 0)
(0.54559 20.0003 0)
(0.545687 20.0001 0)
(0.545853 19.9999 0)
(0.546139 19.9995 0)
(0.546659 19.9991 0)
(0.547584 19.9985 0)
(0.54935 19.9978 0)
(0.552142 19.9973 0)
(0.556627 19.997 0)
(0.401629 19.6136 0)
(0.413342 19.6802 0)
(0.436999 19.748 0)
(0.454108 19.8022 0)
(0.464035 19.845 0)
(0.470804 19.8785 0)
(0.475402 19.905 0)
(0.479105 19.926 0)
(0.482014 19.9426 0)
(0.484407 19.9556 0)
(0.486333 19.966 0)
(0.487895 19.9741 0)
(0.489144 19.9804 0)
(0.490138 19.9853 0)
(0.490922 19.9891 0)
(0.491536 19.992 0)
(0.492013 19.9942 0)
(0.492381 19.9959 0)
(0.492663 19.9971 0)
(0.492877 19.9981 0)
(0.493039 19.9988 0)
(0.49316 19.9993 0)
(0.493251 19.9997 0)
(0.493318 19.9999 0)
(0.493367 20.0001 0)
(0.493403 20.0003 0)
(0.49343 20.0004 0)
(0.493449 20.0004 0)
(0.493463 20.0005 0)
(0.493473 20.0005 0)
(0.49348 20.0005 0)
(0.493485 20.0006 0)
(0.493489 20.0006 0)
(0.493491 20.0006 0)
(0.493493 20.0006 0)
(0.493495 20.0006 0)
(0.493496 20.0006 0)
(0.493496 20.0006 0)
(0.493497 20.0006 0)
(0.493497 20.0006 0)
(0.493497 20.0006 0)
(0.493497 20.0006 0)
(0.493497 20.0006 0)
(0.493497 20.0006 0)
(0.493497 20.0006 0)
(0.493498 20.0006 0)
(0.493498 20.0006 0)
(0.493498 20.0006 0)
(0.493498 20.0006 0)
(0.493498 20.0006 0)
(0.493498 20.0006 0)
(0.493498 20.0006 0)
(0.493498 20.0006 0)
(0.493498 20.0006 0)
(0.493498 20.0006 0)
(0.493498 20.0006 0)
(0.493498 20.0006 0)
(0.493498 20.0006 0)
(0.493498 20.0006 0)
(0.493498 20.0006 0)
(0.493498 20.0006 0)
(0.493498 20.0006 0)
(0.493498 20.0006 0)
(0.493498 20.0006 0)
(0.493498 20.0006 0)
(0.493498 20.0006 0)
(0.493498 20.0006 0)
(0.493498 20.0006 0)
(0.493498 20.0006 0)
(0.493498 20.0006 0)
(0.493498 20.0006 0)
(0.493498 20.0006 0)
(0.493498 20.0006 0)
(0.493498 20.0006 0)
(0.493498 20.0006 0)
(0.493498 20.0006 0)
(0.493498 20.0006 0)
(0.493498 20.0006 0)
(0.493498 20.0006 0)
(0.493498 20.0006 0)
(0.493499 20.0006 0)
(0.4935 20.0006 0)
(0.493501 20.0006 0)
(0.493502 20.0006 0)
(0.493505 20.0006 0)
(0.493509 20.0006 0)
(0.493515 20.0006 0)
(0.493525 20.0005 0)
(0.49354 20.0005 0)
(0.493563 20.0004 0)
(0.4936 20.0004 0)
(0.493659 20.0002 0)
(0.493757 20.0001 0)
(0.493926 19.9998 0)
(0.494218 19.9994 0)
(0.494751 19.9988 0)
(0.4957 19.998 0)
(0.497499 19.9971 0)
(0.50031 19.996 0)
(0.504738 19.995 0)
(0.35809 19.5945 0)
(0.367525 19.6585 0)
(0.388469 19.7293 0)
(0.404026 19.7878 0)
(0.413395 19.834 0)
(0.4198 19.8698 0)
(0.424205 19.8982 0)
(0.427743 19.9206 0)
(0.43053 19.9383 0)
(0.43282 19.9523 0)
(0.434667 19.9634 0)
(0.436164 19.9721 0)
(0.437363 19.9788 0)
(0.438318 19.9841 0)
(0.439071 19.9882 0)
(0.439662 19.9913 0)
(0.440121 19.9937 0)
(0.440475 19.9955 0)
(0.440747 19.9968 0)
(0.440953 19.9978 0)
(0.44111 19.9986 0)
(0.441227 19.9992 0)
(0.441315 19.9996 0)
(0.44138 19.9999 0)
(0.441428 20.0001 0)
(0.441463 20.0002 0)
(0.441489 20.0003 0)
(0.441508 20.0004 0)
(0.441521 20.0005 0)
(0.441531 20.0005 0)
(0.441538 20.0005 0)
(0.441543 20.0006 0)
(0.441547 20.0006 0)
(0.441549 20.0006 0)
(0.441551 20.0006 0)
(0.441552 20.0006 0)
(0.441553 20.0006 0)
(0.441554 20.0006 0)
(0.441554 20.0006 0)
(0.441555 20.0006 0)
(0.441555 20.0006 0)
(0.441555 20.0006 0)
(0.441555 20.0006 0)
(0.441555 20.0006 0)
(0.441555 20.0006 0)
(0.441555 20.0006 0)
(0.441555 20.0006 0)
(0.441555 20.0006 0)
(0.441555 20.0006 0)
(0.441555 20.0006 0)
(0.441555 20.0006 0)
(0.441555 20.0006 0)
(0.441555 20.0006 0)
(0.441555 20.0006 0)
(0.441556 20.0006 0)
(0.441556 20.0006 0)
(0.441556 20.0006 0)
(0.441556 20.0006 0)
(0.441556 20.0006 0)
(0.441556 20.0006 0)
(0.441556 20.0006 0)
(0.441555 20.0006 0)
(0.441555 20.0006 0)
(0.441555 20.0006 0)
(0.441555 20.0006 0)
(0.441555 20.0006 0)
(0.441555 20.0006 0)
(0.441555 20.0006 0)
(0.441555 20.0006 0)
(0.441555 20.0006 0)
(0.441556 20.0006 0)
(0.441556 20.0006 0)
(0.441556 20.0006 0)
(0.441556 20.0006 0)
(0.441556 20.0006 0)
(0.441556 20.0006 0)
(0.441556 20.0006 0)
(0.441556 20.0006 0)
(0.441556 20.0006 0)
(0.441556 20.0006 0)
(0.441557 20.0006 0)
(0.441557 20.0006 0)
(0.441558 20.0006 0)
(0.44156 20.0006 0)
(0.441563 20.0006 0)
(0.441566 20.0006 0)
(0.441572 20.0006 0)
(0.441582 20.0005 0)
(0.441596 20.0005 0)
(0.441619 20.0004 0)
(0.441655 20.0003 0)
(0.441713 20.0002 0)
(0.441809 20 0)
(0.441976 19.9997 0)
(0.442266 19.9992 0)
(0.442798 19.9986 0)
(0.443741 19.9976 0)
(0.445521 19.9963 0)
(0.448267 19.9946 0)
(0.452513 19.9931 0)
(0.315048 19.578 0)
(0.322618 19.6396 0)
(0.340853 19.7126 0)
(0.354728 19.7748 0)
(0.36335 19.8239 0)
(0.369268 19.862 0)
(0.373383 19.892 0)
(0.376682 19.9157 0)
(0.379286 19.9345 0)
(0.381425 19.9493 0)
(0.383152 19.961 0)
(0.384552 19.9702 0)
(0.385674 19.9774 0)
(0.386569 19.983 0)
(0.387274 19.9873 0)
(0.387828 19.9907 0)
(0.388259 19.9932 0)
(0.388591 19.9951 0)
(0.388846 19.9966 0)
(0.389041 19.9976 0)
(0.389188 19.9984 0)
(0.389298 19.999 0)
(0.389381 19.9995 0)
(0.389443 19.9998 0)
(0.389488 20 0)
(0.389521 20.0002 0)
(0.389546 20.0003 0)
(0.389564 20.0004 0)
(0.389577 20.0005 0)
(0.389586 20.0005 0)
(0.389593 20.0005 0)
(0.389598 20.0005 0)
(0.389601 20.0006 0)
(0.389603 20.0006 0)
(0.389605 20.0006 0)
(0.389606 20.0006 0)
(0.389607 20.0006 0)
(0.389608 20.0006 0)
(0.389608 20.0006 0)
(0.389609 20.0006 0)
(0.389609 20.0006 0)
(0.389609 20.0006 0)
(0.389609 20.0006 0)
(0.389609 20.0006 0)
(0.389609 20.0006 0)
(0.389609 20.0006 0)
(0.389609 20.0006 0)
(0.389609 20.0006 0)
(0.389609 20.0006 0)
(0.389609 20.0006 0)
(0.389609 20.0006 0)
(0.389609 20.0006 0)
(0.389609 20.0006 0)
(0.389609 20.0006 0)
(0.389609 20.0006 0)
(0.389609 20.0006 0)
(0.389609 20.0006 0)
(0.389609 20.0006 0)
(0.389609 20.0006 0)
(0.389609 20.0006 0)
(0.389609 20.0006 0)
(0.389609 20.0006 0)
(0.389609 20.0006 0)
(0.389609 20.0006 0)
(0.389609 20.0006 0)
(0.389609 20.0006 0)
(0.389609 20.0006 0)
(0.389609 20.0006 0)
(0.389609 20.0006 0)
(0.389609 20.0006 0)
(0.389609 20.0006 0)
(0.389609 20.0006 0)
(0.389609 20.0006 0)
(0.389609 20.0006 0)
(0.38961 20.0006 0)
(0.38961 20.0006 0)
(0.38961 20.0006 0)
(0.38961 20.0006 0)
(0.38961 20.0006 0)
(0.38961 20.0006 0)
(0.389611 20.0006 0)
(0.389611 20.0006 0)
(0.389612 20.0006 0)
(0.389614 20.0006 0)
(0.389616 20.0006 0)
(0.38962 20.0006 0)
(0.389625 20.0005 0)
(0.389634 20.0005 0)
(0.389648 20.0005 0)
(0.389669 20.0004 0)
(0.389703 20.0003 0)
(0.389759 20.0002 0)
(0.389851 19.9999 0)
(0.390011 19.9996 0)
(0.390291 19.9991 0)
(0.390806 19.9983 0)
(0.391715 19.9972 0)
(0.393423 19.9955 0)
(0.39603 19.9933 0)
(0.399991 19.9913 0)
(0.272395 19.564 0)
(0.278425 19.6232 0)
(0.294002 19.698 0)
(0.306111 19.7634 0)
(0.313834 19.815 0)
(0.31916 19.855 0)
(0.322898 19.8865 0)
(0.325892 19.9113 0)
(0.32826 19.931 0)
(0.330204 19.9466 0)
(0.331775 19.9589 0)
(0.333049 19.9686 0)
(0.334071 19.9762 0)
(0.334885 19.9821 0)
(0.335529 19.9866 0)
(0.336033 19.9901 0)
(0.336426 19.9928 0)
(0.33673 19.9948 0)
(0.336963 19.9963 0)
(0.33714 19.9975 0)
(0.337275 19.9983 0)
(0.337376 19.9989 0)
(0.337452 19.9994 0)
(0.337508 19.9997 0)
(0.33755 20 0)
(0.337581 20.0002 0)
(0.337603 20.0003 0)
(0.33762 20.0004 0)
(0.337632 20.0004 0)
(0.33764 20.0005 0)
(0.337647 20.0005 0)
(0.337651 20.0005 0)
(0.337654 20.0006 0)
(0.337656 20.0006 0)
(0.337658 20.0006 0)
(0.337659 20.0006 0)
(0.33766 20.0006 0)
(0.337661 20.0006 0)
(0.337661 20.0006 0)
(0.337661 20.0006 0)
(0.337662 20.0006 0)
(0.337662 20.0006 0)
(0.337662 20.0006 0)
(0.337662 20.0006 0)
(0.337662 20.0006 0)
(0.337662 20.0006 0)
(0.337662 20.0006 0)
(0.337662 20.0006 0)
(0.337662 20.0006 0)
(0.337662 20.0006 0)
(0.337662 20.0006 0)
(0.337662 20.0006 0)
(0.337662 20.0006 0)
(0.337662 20.0006 0)
(0.337662 20.0006 0)
(0.337662 20.0006 0)
(0.337662 20.0006 0)
(0.337662 20.0006 0)
(0.337662 20.0006 0)
(0.337662 20.0006 0)
(0.337662 20.0006 0)
(0.337662 20.0006 0)
(0.337662 20.0006 0)
(0.337662 20.0006 0)
(0.337662 20.0006 0)
(0.337662 20.0006 0)
(0.337662 20.0006 0)
(0.337662 20.0006 0)
(0.337662 20.0006 0)
(0.337662 20.0006 0)
(0.337662 20.0006 0)
(0.337662 20.0006 0)
(0.337662 20.0006 0)
(0.337662 20.0006 0)
(0.337662 20.0006 0)
(0.337662 20.0006 0)
(0.337662 20.0006 0)
(0.337662 20.0006 0)
(0.337662 20.0006 0)
(0.337663 20.0006 0)
(0.337663 20.0006 0)
(0.337664 20.0006 0)
(0.337665 20.0006 0)
(0.337666 20.0006 0)
(0.337668 20.0006 0)
(0.337672 20.0006 0)
(0.337677 20.0005 0)
(0.337685 20.0005 0)
(0.337697 20.0005 0)
(0.337717 20.0004 0)
(0.337748 20.0003 0)
(0.3378 20.0001 0)
(0.337885 19.9999 0)
(0.338035 19.9995 0)
(0.338297 19.999 0)
(0.338778 19.9981 0)
(0.339628 19.9968 0)
(0.341215 19.9948 0)
(0.343614 19.9921 0)
(0.347204 19.9896 0)
(0.230046 19.5523 0)
(0.234787 19.6094 0)
(0.247783 19.6854 0)
(0.258072 19.7534 0)
(0.264778 19.8073 0)
(0.269424 19.8489 0)
(0.27271 19.8817 0)
(0.275341 19.9075 0)
(0.277426 19.928 0)
(0.279137 19.9443 0)
(0.28052 19.9571 0)
(0.281643 19.9672 0)
(0.282543 19.9751 0)
(0.283261 19.9812 0)
(0.283829 19.9859 0)
(0.284274 19.9896 0)
(0.284621 19.9924 0)
(0.284889 19.9945 0)
(0.285095 19.9961 0)
(0.285252 19.9973 0)
(0.285371 19.9982 0)
(0.28546 19.9988 0)
(0.285527 19.9993 0)
(0.285577 19.9997 0)
(0.285614 19.9999 0)
(0.285642 20.0001 0)
(0.285662 20.0003 0)
(0.285676 20.0004 0)
(0.285687 20.0004 0)
(0.285695 20.0005 0)
(0.2857 20.0005 0)
(0.285704 20.0005 0)
(0.285707 20.0005 0)
(0.285709 20.0006 0)
(0.285711 20.0006 0)
(0.285712 20.0006 0)
(0.285712 20.0006 0)
(0.285713 20.0006 0)
(0.285713 20.0006 0)
(0.285714 20.0006 0)
(0.285714 20.0006 0)
(0.285714 20.0006 0)
(0.285714 20.0006 0)
(0.285714 20.0006 0)
(0.285714 20.0006 0)
(0.285714 20.0006 0)
(0.285714 20.0006 0)
(0.285714 20.0006 0)
(0.285714 20.0006 0)
(0.285714 20.0006 0)
(0.285714 20.0006 0)
(0.285714 20.0006 0)
(0.285714 20.0006 0)
(0.285714 20.0006 0)
(0.285714 20.0006 0)
(0.285714 20.0006 0)
(0.285714 20.0006 0)
(0.285714 20.0006 0)
(0.285714 20.0006 0)
(0.285714 20.0006 0)
(0.285714 20.0006 0)
(0.285714 20.0006 0)
(0.285714 20.0006 0)
(0.285714 20.0006 0)
(0.285714 20.0006 0)
(0.285714 20.0006 0)
(0.285714 20.0006 0)
(0.285714 20.0006 0)
(0.285714 20.0006 0)
(0.285714 20.0006 0)
(0.285714 20.0006 0)
(0.285714 20.0006 0)
(0.285714 20.0006 0)
(0.285714 20.0006 0)
(0.285714 20.0006 0)
(0.285714 20.0006 0)
(0.285714 20.0006 0)
(0.285714 20.0006 0)
(0.285715 20.0006 0)
(0.285715 20.0006 0)
(0.285715 20.0006 0)
(0.285716 20.0006 0)
(0.285716 20.0006 0)
(0.285718 20.0006 0)
(0.28572 20.0006 0)
(0.285723 20.0006 0)
(0.285727 20.0005 0)
(0.285734 20.0005 0)
(0.285746 20.0005 0)
(0.285763 20.0004 0)
(0.285791 20.0003 0)
(0.285837 20.0001 0)
(0.285914 19.9998 0)
(0.286048 19.9995 0)
(0.286284 19.9988 0)
(0.286719 19.9979 0)
(0.287484 19.9964 0)
(0.288906 19.9942 0)
(0.291038 19.9909 0)
(0.294185 19.988 0)
(0.187932 19.5428 0)
(0.191579 19.5981 0)
(0.202075 19.675 0)
(0.210513 19.7451 0)
(0.21611 19.8008 0)
(0.220003 19.8438 0)
(0.222776 19.8776 0)
(0.224995 19.9043 0)
(0.226756 19.9255 0)
(0.228201 19.9423 0)
(0.22937 19.9556 0)
(0.230319 19.966 0)
(0.23108 19.9741 0)
(0.231688 19.9805 0)
(0.232168 19.9854 0)
(0.232545 19.9892 0)
(0.232839 19.9921 0)
(0.233066 19.9943 0)
(0.23324 19.9959 0)
(0.233373 19.9972 0)
(0.233474 19.9981 0)
(0.23355 19.9988 0)
(0.233607 19.9993 0)
(0.23365 19.9996 0)
(0.233681 19.9999 0)
(0.233704 20.0001 0)
(0.233721 20.0002 0)
(0.233734 20.0003 0)
(0.233743 20.0004 0)
(0.23375 20.0005 0)
(0.233754 20.0005 0)
(0.233758 20.0005 0)
(0.23376 20.0005 0)
(0.233762 20.0006 0)
(0.233763 20.0006 0)
(0.233764 20.0006 0)
(0.233765 20.0006 0)
(0.233765 20.0006 0)
(0.233765 20.0006 0)
(0.233766 20.0006 0)
(0.233766 20.0006 0)
(0.233766 20.0006 0)
(0.233766 20.0006 0)
(0.233766 20.0006 0)
(0.233766 20.0006 0)
(0.233766 20.0006 0)
(0.233766 20.0006 0)
(0.233766 20.0006 0)
(0.233766 20.0006 0)
(0.233766 20.0006 0)
(0.233766 20.0006 0)
(0.233766 20.0006 0)
(0.233766 20.0006 0)
(0.233766 20.0006 0)
(0.233766 20.0006 0)
(0.233766 20.0006 0)
(0.233766 20.0006 0)
(0.233766 20.0006 0)
(0.233766 20.0006 0)
(0.233766 20.0006 0)
(0.233766 20.0006 0)
(0.233766 20.0006 0)
(0.233766 20.0006 0)
(0.233766 20.0006 0)
(0.233766 20.0006 0)
(0.233766 20.0006 0)
(0.233766 20.0006 0)
(0.233766 20.0006 0)
(0.233766 20.0006 0)
(0.233766 20.0006 0)
(0.233766 20.0006 0)
(0.233766 20.0006 0)
(0.233766 20.0006 0)
(0.233766 20.0006 0)
(0.233766 20.0006 0)
(0.233766 20.0006 0)
(0.233766 20.0006 0)
(0.233766 20.0006 0)
(0.233767 20.0006 0)
(0.233767 20.0006 0)
(0.233767 20.0006 0)
(0.233767 20.0006 0)
(0.233768 20.0006 0)
(0.233769 20.0006 0)
(0.233771 20.0006 0)
(0.233773 20.0005 0)
(0.233777 20.0005 0)
(0.233783 20.0005 0)
(0.233793 20.0004 0)
(0.233808 20.0004 0)
(0.233832 20.0003 0)
(0.233871 20.0001 0)
(0.233937 19.9998 0)
(0.234052 19.9994 0)
(0.234256 19.9987 0)
(0.234631 19.9977 0)
(0.235289 19.9961 0)
(0.236507 19.9936 0)
(0.238322 19.99 0)
(0.240969 19.9866 0)
(0.145997 19.5353 0)
(0.148696 19.5891 0)
(0.156771 19.6666 0)
(0.163341 19.7384 0)
(0.167758 19.7955 0)
(0.170843 19.8397 0)
(0.173051 19.8743 0)
(0.174819 19.9017 0)
(0.176223 19.9235 0)
(0.177375 19.9407 0)
(0.178307 19.9543 0)
(0.179064 19.965 0)
(0.179672 19.9734 0)
(0.180157 19.9799 0)
(0.18054 19.985 0)
(0.180842 19.9888 0)
(0.181076 19.9918 0)
(0.181257 19.9941 0)
(0.181397 19.9958 0)
(0.181503 19.997 0)
(0.181584 19.998 0)
(0.181645 19.9987 0)
(0.181691 19.9992 0)
(0.181725 19.9996 0)
(0.18175 19.9999 0)
(0.181769 20.0001 0)
(0.181782 20.0002 0)
(0.181792 20.0003 0)
(0.181799 20.0004 0)
(0.181805 20.0005 0)
(0.181809 20.0005 0)
(0.181811 20.0005 0)
(0.181813 20.0005 0)
(0.181815 20.0006 0)
(0.181816 20.0006 0)
(0.181816 20.0006 0)
(0.181817 20.0006 0)
(0.181817 20.0006 0)
(0.181818 20.0006 0)
(0.181818 20.0006 0)
(0.181818 20.0006 0)
(0.181818 20.0006 0)
(0.181818 20.0006 0)
(0.181818 20.0006 0)
(0.181818 20.0006 0)
(0.181818 20.0006 0)
(0.181818 20.0006 0)
(0.181818 20.0006 0)
(0.181818 20.0006 0)
(0.181818 20.0006 0)
(0.181818 20.0006 0)
(0.181818 20.0006 0)
(0.181818 20.0006 0)
(0.181818 20.0006 0)
(0.181818 20.0006 0)
(0.181818 20.0006 0)
(0.181818 20.0006 0)
(0.181818 20.0006 0)
(0.181818 20.0006 0)
(0.181818 20.0006 0)
(0.181818 20.0006 0)
(0.181818 20.0006 0)
(0.181818 20.0006 0)
(0.181818 20.0006 0)
(0.181818 20.0006 0)
(0.181818 20.0006 0)
(0.181818 20.0006 0)
(0.181818 20.0006 0)
(0.181818 20.0006 0)
(0.181818 20.0006 0)
(0.181818 20.0006 0)
(0.181818 20.0006 0)
(0.181818 20.0006 0)
(0.181818 20.0006 0)
(0.181818 20.0006 0)
(0.181818 20.0006 0)
(0.181818 20.0006 0)
(0.181818 20.0006 0)
(0.181818 20.0006 0)
(0.181819 20.0006 0)
(0.181819 20.0006 0)
(0.181819 20.0006 0)
(0.18182 20.0006 0)
(0.181821 20.0006 0)
(0.181822 20.0006 0)
(0.181824 20.0005 0)
(0.181827 20.0005 0)
(0.181832 20.0005 0)
(0.18184 20.0004 0)
(0.181851 20.0004 0)
(0.181871 20.0002 0)
(0.181902 20.0001 0)
(0.181955 19.9998 0)
(0.182049 19.9993 0)
(0.182214 19.9987 0)
(0.182518 19.9976 0)
(0.18305 19.9958 0)
(0.184032 19.9931 0)
(0.185487 19.9891 0)
(0.18759 19.9855 0)
(0.104194 19.5297 0)
(0.106052 19.5824 0)
(0.111769 19.6604 0)
(0.116464 19.7333 0)
(0.119653 19.7916 0)
(0.121885 19.8366 0)
(0.12349 19.8719 0)
(0.124775 19.8997 0)
(0.125796 19.9219 0)
(0.126634 19.9395 0)
(0.127313 19.9534 0)
(0.127864 19.9643 0)
(0.128306 19.9728 0)
(0.128659 19.9795 0)
(0.128939 19.9846 0)
(0.129158 19.9886 0)
(0.129329 19.9916 0)
(0.129461 19.9939 0)
(0.129563 19.9956 0)
(0.12964 19.997 0)
(0.129699 19.9979 0)
(0.129744 19.9987 0)
(0.129777 19.9992 0)
(0.129802 19.9996 0)
(0.12982 19.9999 0)
(0.129834 20.0001 0)
(0.129844 20.0002 0)
(0.129851 20.0003 0)
(0.129856 20.0004 0)
(0.12986 20.0005 0)
(0.129863 20.0005 0)
(0.129865 20.0005 0)
(0.129867 20.0005 0)
(0.129868 20.0006 0)
(0.129868 20.0006 0)
(0.129869 20.0006 0)
(0.129869 20.0006 0)
(0.12987 20.0006 0)
(0.12987 20.0006 0)
(0.12987 20.0006 0)
(0.12987 20.0006 0)
(0.12987 20.0006 0)
(0.12987 20.0006 0)
(0.12987 20.0006 0)
(0.12987 20.0006 0)
(0.12987 20.0006 0)
(0.12987 20.0006 0)
(0.12987 20.0006 0)
(0.12987 20.0006 0)
(0.12987 20.0006 0)
(0.12987 20.0006 0)
(0.12987 20.0006 0)
(0.12987 20.0006 0)
(0.12987 20.0006 0)
(0.12987 20.0006 0)
(0.12987 20.0006 0)
(0.12987 20.0006 0)
(0.12987 20.0006 0)
(0.12987 20.0006 0)
(0.12987 20.0006 0)
(0.12987 20.0006 0)
(0.12987 20.0006 0)
(0.12987 20.0006 0)
(0.12987 20.0006 0)
(0.12987 20.0006 0)
(0.12987 20.0006 0)
(0.12987 20.0006 0)
(0.12987 20.0006 0)
(0.12987 20.0006 0)
(0.12987 20.0006 0)
(0.12987 20.0006 0)
(0.12987 20.0006 0)
(0.12987 20.0006 0)
(0.12987 20.0006 0)
(0.12987 20.0006 0)
(0.12987 20.0006 0)
(0.12987 20.0006 0)
(0.12987 20.0006 0)
(0.12987 20.0006 0)
(0.12987 20.0006 0)
(0.129871 20.0006 0)
(0.129871 20.0006 0)
(0.129871 20.0006 0)
(0.129872 20.0006 0)
(0.129873 20.0006 0)
(0.129874 20.0005 0)
(0.129877 20.0005 0)
(0.12988 20.0005 0)
(0.129886 20.0004 0)
(0.129894 20.0004 0)
(0.129908 20.0002 0)
(0.129932 20 0)
(0.129971 19.9998 0)
(0.130039 19.9993 0)
(0.130161 19.9986 0)
(0.130385 19.9975 0)
(0.130776 19.9956 0)
(0.131496 19.9927 0)
(0.132559 19.9885 0)
(0.134084 19.9847 0)
(0.0624822 19.526 0)
(0.0635689 19.5779 0)
(0.0669789 19.6562 0)
(0.0697962 19.73 0)
(0.0717223 19.7889 0)
(0.0730734 19.8345 0)
(0.0740472 19.8702 0)
(0.0748268 19.8984 0)
(0.0754467 19.9209 0)
(0.0759554 19.9387 0)
(0.0763674 19.9527 0)
(0.076702 19.9638 0)
(0.0769707 19.9724 0)
(0.0771854 19.9792 0)
(0.0773552 19.9844 0)
(0.0774886 19.9884 0)
(0.0775926 19.9915 0)
(0.0776731 19.9938 0)
(0.0777349 19.9956 0)
(0.0777822 19.9969 0)
(0.077818 19.9979 0)
(0.077845 19.9986 0)
(0.0778653 19.9992 0)
(0.0778804 19.9996 0)
(0.0778917 19.9998 0)
(0.0779 20.0001 0)
(0.0779061 20.0002 0)
(0.0779105 20.0003 0)
(0.0779138 20.0004 0)
(0.0779161 20.0004 0)
(0.0779178 20.0005 0)
(0.077919 20.0005 0)
(0.0779199 20.0005 0)
(0.0779205 20.0005 0)
(0.077921 20.0006 0)
(0.0779213 20.0006 0)
(0.0779215 20.0006 0)
(0.0779217 20.0006 0)
(0.0779218 20.0006 0)
(0.0779219 20.0006 0)
(0.077922 20.0006 0)
(0.077922 20.0006 0)
(0.077922 20.0006 0)
(0.077922 20.0006 0)
(0.077922 20.0006 0)
(0.077922 20.0006 0)
(0.077922 20.0006 0)
(0.077922 20.0006 0)
(0.077922 20.0006 0)
(0.077922 20.0006 0)
(0.077922 20.0006 0)
(0.077922 20.0006 0)
(0.0779221 20.0006 0)
(0.0779221 20.0006 0)
(0.0779221 20.0006 0)
(0.0779221 20.0006 0)
(0.0779221 20.0006 0)
(0.0779221 20.0006 0)
(0.0779221 20.0006 0)
(0.0779221 20.0006 0)
(0.077922 20.0006 0)
(0.077922 20.0006 0)
(0.077922 20.0006 0)
(0.077922 20.0006 0)
(0.077922 20.0006 0)
(0.077922 20.0006 0)
(0.077922 20.0006 0)
(0.077922 20.0006 0)
(0.077922 20.0006 0)
(0.0779221 20.0006 0)
(0.0779221 20.0006 0)
(0.0779221 20.0006 0)
(0.0779221 20.0006 0)
(0.0779221 20.0006 0)
(0.0779221 20.0006 0)
(0.0779221 20.0006 0)
(0.0779222 20.0006 0)
(0.0779222 20.0006 0)
(0.0779222 20.0006 0)
(0.0779223 20.0006 0)
(0.0779224 20.0006 0)
(0.0779225 20.0006 0)
(0.0779228 20.0006 0)
(0.0779231 20.0006 0)
(0.0779237 20.0006 0)
(0.0779246 20.0005 0)
(0.077926 20.0005 0)
(0.0779282 20.0005 0)
(0.0779316 20.0004 0)
(0.0779369 20.0003 0)
(0.0779454 20.0002 0)
(0.0779596 20 0)
(0.0779835 19.9997 0)
(0.0780255 19.9993 0)
(0.0780999 19.9985 0)
(0.0782368 19.9974 0)
(0.0784764 19.9955 0)
(0.078916 19.9925 0)
(0.0795627 19.9881 0)
(0.0804873 19.9841 0)
(0.0208227 19.5242 0)
(0.0211805 19.5757 0)
(0.0223136 19.6541 0)
(0.0232527 19.7283 0)
(0.0238966 19.7876 0)
(0.0243486 19.8334 0)
(0.0246747 19.8694 0)
(0.0249357 19.8978 0)
(0.0251432 19.9204 0)
(0.0253135 19.9383 0)
(0.0254515 19.9524 0)
(0.0255637 19.9635 0)
(0.0256539 19.9722 0)
(0.025726 19.979 0)
(0.0257831 19.9843 0)
(0.0258281 19.9883 0)
(0.0258631 19.9914 0)
(0.0258902 19.9938 0)
(0.0259111 19.9955 0)
(0.025927 19.9969 0)
(0.0259391 19.9979 0)
(0.0259482 19.9986 0)
(0.025955 19.9991 0)
(0.0259601 19.9995 0)
(0.0259639 19.9998 0)
(0.0259667 20 0)
(0.0259687 20.0002 0)
(0.0259702 20.0003 0)
(0.0259713 20.0004 0)
(0.0259721 20.0004 0)
(0.0259726 20.0005 0)
(0.025973 20.0005 0)
(0.0259733 20.0005 0)
(0.0259735 20.0005 0)
(0.0259737 20.0006 0)
(0.0259738 20.0006 0)
(0.0259739 20.0006 0)
(0.0259739 20.0006 0)
(0.025974 20.0006 0)
(0.025974 20.0006 0)
(0.025974 20.0006 0)
(0.025974 20.0006 0)
(0.025974 20.0006 0)
(0.025974 20.0006 0)
(0.025974 20.0006 0)
(0.0259739 20.0006 0)
(0.0259739 20.0006 0)
(0.0259739 20.0006 0)
(0.0259739 20.0006 0)
(0.025974 20.0006 0)
(0.025974 20.0006 0)
(0.025974 20.0006 0)
(0.025974 20.0006 0)
(0.025974 20.0006 0)
(0.025974 20.0006 0)
(0.025974 20.0006 0)
(0.025974 20.0006 0)
(0.025974 20.0006 0)
(0.025974 20.0006 0)
(0.025974 20.0006 0)
(0.025974 20.0006 0)
(0.025974 20.0006 0)
(0.025974 20.0006 0)
(0.025974 20.0006 0)
(0.025974 20.0006 0)
(0.025974 20.0006 0)
(0.025974 20.0006 0)
(0.025974 20.0006 0)
(0.025974 20.0006 0)
(0.025974 20.0006 0)
(0.025974 20.0006 0)
(0.025974 20.0006 0)
(0.025974 20.0006 0)
(0.025974 20.0006 0)
(0.0259741 20.0006 0)
(0.0259741 20.0006 0)
(0.0259741 20.0006 0)
(0.0259741 20.0006 0)
(0.0259741 20.0006 0)
(0.0259741 20.0006 0)
(0.0259741 20.0006 0)
(0.0259742 20.0006 0)
(0.0259742 20.0006 0)
(0.0259744 20.0006 0)
(0.0259746 20.0006 0)
(0.0259749 20.0005 0)
(0.0259753 20.0005 0)
(0.0259761 20.0005 0)
(0.0259772 20.0004 0)
(0.025979 20.0003 0)
(0.0259819 20.0002 0)
(0.0259866 20 0)
(0.0259947 19.9997 0)
(0.0260088 19.9993 0)
(0.0260339 19.9985 0)
(0.02608 19.9973 0)
(0.0261606 19.9954 0)
(0.0263084 19.9924 0)
(0.0265256 19.9879 0)
(0.0268353 19.9838 0)
(-0.0208194 19.5242 0)
(-0.021177 19.5757 0)
(-0.0223103 19.6541 0)
(-0.0232497 19.7283 0)
(-0.0238942 19.7876 0)
(-0.0243471 19.8334 0)
(-0.0246742 19.8694 0)
(-0.0249363 19.8978 0)
(-0.0251448 19.9204 0)
(-0.025316 19.9383 0)
(-0.0254544 19.9524 0)
(-0.0255667 19.9635 0)
(-0.0256568 19.9722 0)
(-0.0257285 19.979 0)
(-0.0257852 19.9843 0)
(-0.0258296 19.9883 0)
(-0.0258642 19.9914 0)
(-0.025891 19.9938 0)
(-0.0259115 19.9955 0)
(-0.0259272 19.9969 0)
(-0.0259391 19.9979 0)
(-0.0259481 19.9986 0)
(-0.0259549 19.9991 0)
(-0.0259599 19.9995 0)
(-0.0259637 19.9998 0)
(-0.0259665 20 0)
(-0.0259685 20.0002 0)
(-0.02597 20.0003 0)
(-0.0259711 20.0004 0)
(-0.0259719 20.0004 0)
(-0.0259725 20.0005 0)
(-0.025973 20.0005 0)
(-0.0259733 20.0005 0)
(-0.0259735 20.0005 0)
(-0.0259736 20.0006 0)
(-0.0259737 20.0006 0)
(-0.0259738 20.0006 0)
(-0.0259739 20.0006 0)
(-0.0259739 20.0006 0)
(-0.0259739 20.0006 0)
(-0.0259739 20.0006 0)
(-0.025974 20.0006 0)
(-0.025974 20.0006 0)
(-0.025974 20.0006 0)
(-0.0259741 20.0006 0)
(-0.0259741 20.0006 0)
(-0.0259741 20.0006 0)
(-0.0259741 20.0006 0)
(-0.0259741 20.0006 0)
(-0.0259741 20.0006 0)
(-0.0259741 20.0006 0)
(-0.0259741 20.0006 0)
(-0.025974 20.0006 0)
(-0.025974 20.0006 0)
(-0.025974 20.0006 0)
(-0.025974 20.0006 0)
(-0.025974 20.0006 0)
(-0.025974 20.0006 0)
(-0.025974 20.0006 0)
(-0.0259741 20.0006 0)
(-0.0259741 20.0006 0)
(-0.0259741 20.0006 0)
(-0.0259741 20.0006 0)
(-0.0259741 20.0006 0)
(-0.0259741 20.0006 0)
(-0.0259741 20.0006 0)
(-0.0259741 20.0006 0)
(-0.0259741 20.0006 0)
(-0.0259741 20.0006 0)
(-0.0259741 20.0006 0)
(-0.025974 20.0006 0)
(-0.025974 20.0006 0)
(-0.025974 20.0006 0)
(-0.025974 20.0006 0)
(-0.025974 20.0006 0)
(-0.025974 20.0006 0)
(-0.025974 20.0006 0)
(-0.025974 20.0006 0)
(-0.025974 20.0006 0)
(-0.0259741 20.0006 0)
(-0.0259741 20.0006 0)
(-0.0259742 20.0006 0)
(-0.0259743 20.0006 0)
(-0.0259744 20.0006 0)
(-0.0259746 20.0006 0)
(-0.0259749 20.0005 0)
(-0.0259754 20.0005 0)
(-0.0259761 20.0005 0)
(-0.0259772 20.0004 0)
(-0.025979 20.0003 0)
(-0.0259819 20.0002 0)
(-0.0259866 20 0)
(-0.0259947 19.9997 0)
(-0.0260088 19.9993 0)
(-0.0260338 19.9985 0)
(-0.0260799 19.9973 0)
(-0.0261604 19.9954 0)
(-0.0263082 19.9924 0)
(-0.0265253 19.9879 0)
(-0.026835 19.9838 0)
(-0.062479 19.526 0)
(-0.0635655 19.5779 0)
(-0.0669756 19.6562 0)
(-0.0697932 19.73 0)
(-0.07172 19.7889 0)
(-0.0730719 19.8345 0)
(-0.0740468 19.8702 0)
(-0.0748274 19.8984 0)
(-0.0754483 19.9209 0)
(-0.0759578 19.9387 0)
(-0.0763702 19.9527 0)
(-0.076705 19.9638 0)
(-0.0769736 19.9724 0)
(-0.0771879 19.9792 0)
(-0.0773573 19.9844 0)
(-0.0774902 19.9884 0)
(-0.0775937 19.9915 0)
(-0.0776738 19.9938 0)
(-0.0777354 19.9956 0)
(-0.0777823 19.9969 0)
(-0.077818 19.9979 0)
(-0.0778449 19.9986 0)
(-0.0778652 19.9992 0)
(-0.0778803 19.9996 0)
(-0.0778915 19.9998 0)
(-0.0778998 20.0001 0)
(-0.0779059 20.0002 0)
(-0.0779103 20.0003 0)
(-0.0779136 20.0004 0)
(-0.077916 20.0004 0)
(-0.0779177 20.0005 0)
(-0.077919 20.0005 0)
(-0.0779199 20.0005 0)
(-0.0779205 20.0005 0)
(-0.077921 20.0006 0)
(-0.0779213 20.0006 0)
(-0.0779215 20.0006 0)
(-0.0779216 20.0006 0)
(-0.0779218 20.0006 0)
(-0.0779218 20.0006 0)
(-0.0779219 20.0006 0)
(-0.077922 20.0006 0)
(-0.077922 20.0006 0)
(-0.0779221 20.0006 0)
(-0.0779221 20.0006 0)
(-0.0779221 20.0006 0)
(-0.0779222 20.0006 0)
(-0.0779222 20.0006 0)
(-0.0779222 20.0006 0)
(-0.0779221 20.0006 0)
(-0.0779221 20.0006 0)
(-0.0779221 20.0006 0)
(-0.0779221 20.0006 0)
(-0.0779221 20.0006 0)
(-0.0779221 20.0006 0)
(-0.0779221 20.0006 0)
(-0.0779221 20.0006 0)
(-0.0779221 20.0006 0)
(-0.0779221 20.0006 0)
(-0.0779221 20.0006 0)
(-0.0779221 20.0006 0)
(-0.0779221 20.0006 0)
(-0.0779221 20.0006 0)
(-0.0779221 20.0006 0)
(-0.0779221 20.0006 0)
(-0.0779221 20.0006 0)
(-0.0779221 20.0006 0)
(-0.0779221 20.0006 0)
(-0.0779221 20.0006 0)
(-0.0779221 20.0006 0)
(-0.0779221 20.0006 0)
(-0.0779221 20.0006 0)
(-0.0779221 20.0006 0)
(-0.0779221 20.0006 0)
(-0.0779221 20.0006 0)
(-0.0779221 20.0006 0)
(-0.0779221 20.0006 0)
(-0.0779221 20.0006 0)
(-0.0779222 20.0006 0)
(-0.0779223 20.0006 0)
(-0.0779224 20.0006 0)
(-0.0779225 20.0006 0)
(-0.0779228 20.0006 0)
(-0.0779232 20.0006 0)
(-0.0779238 20.0006 0)
(-0.0779247 20.0005 0)
(-0.0779261 20.0005 0)
(-0.0779283 20.0005 0)
(-0.0779316 20.0004 0)
(-0.0779369 20.0003 0)
(-0.0779455 20.0002 0)
(-0.0779596 20 0)
(-0.0779834 19.9997 0)
(-0.0780255 19.9993 0)
(-0.0780998 19.9985 0)
(-0.0782367 19.9974 0)
(-0.0784762 19.9955 0)
(-0.0789158 19.9925 0)
(-0.0795625 19.9881 0)
(-0.080487 19.9841 0)
(-0.104191 19.5297 0)
(-0.106048 19.5824 0)
(-0.111766 19.6604 0)
(-0.116461 19.7333 0)
(-0.119651 19.7916 0)
(-0.121884 19.8366 0)
(-0.12349 19.8719 0)
(-0.124776 19.8997 0)
(-0.125798 19.9219 0)
(-0.126637 19.9395 0)
(-0.127316 19.9534 0)
(-0.127867 19.9643 0)
(-0.128309 19.9728 0)
(-0.128662 19.9795 0)
(-0.128941 19.9846 0)
(-0.129159 19.9886 0)
(-0.12933 19.9916 0)
(-0.129462 19.9939 0)
(-0.129563 19.9956 0)
(-0.12964 19.997 0)
(-0.129699 19.9979 0)
(-0.129743 19.9987 0)
(-0.129777 19.9992 0)
(-0.129802 19.9996 0)
(-0.12982 19.9999 0)
(-0.129834 20.0001 0)
(-0.129844 20.0002 0)
(-0.129851 20.0003 0)
(-0.129856 20.0004 0)
(-0.12986 20.0005 0)
(-0.129863 20.0005 0)
(-0.129865 20.0005 0)
(-0.129867 20.0005 0)
(-0.129868 20.0006 0)
(-0.129868 20.0006 0)
(-0.129869 20.0006 0)
(-0.129869 20.0006 0)
(-0.129869 20.0006 0)
(-0.12987 20.0006 0)
(-0.12987 20.0006 0)
(-0.12987 20.0006 0)
(-0.12987 20.0006 0)
(-0.12987 20.0006 0)
(-0.12987 20.0006 0)
(-0.12987 20.0006 0)
(-0.12987 20.0006 0)
(-0.12987 20.0006 0)
(-0.12987 20.0006 0)
(-0.12987 20.0006 0)
(-0.12987 20.0006 0)
(-0.12987 20.0006 0)
(-0.12987 20.0006 0)
(-0.12987 20.0006 0)
(-0.12987 20.0006 0)
(-0.12987 20.0006 0)
(-0.12987 20.0006 0)
(-0.12987 20.0006 0)
(-0.12987 20.0006 0)
(-0.12987 20.0006 0)
(-0.12987 20.0006 0)
(-0.12987 20.0006 0)
(-0.12987 20.0006 0)
(-0.12987 20.0006 0)
(-0.12987 20.0006 0)
(-0.12987 20.0006 0)
(-0.12987 20.0006 0)
(-0.12987 20.0006 0)
(-0.12987 20.0006 0)
(-0.12987 20.0006 0)
(-0.12987 20.0006 0)
(-0.12987 20.0006 0)
(-0.12987 20.0006 0)
(-0.12987 20.0006 0)
(-0.12987 20.0006 0)
(-0.12987 20.0006 0)
(-0.12987 20.0006 0)
(-0.12987 20.0006 0)
(-0.12987 20.0006 0)
(-0.12987 20.0006 0)
(-0.12987 20.0006 0)
(-0.129871 20.0006 0)
(-0.129871 20.0006 0)
(-0.129871 20.0006 0)
(-0.129872 20.0006 0)
(-0.129873 20.0006 0)
(-0.129874 20.0005 0)
(-0.129877 20.0005 0)
(-0.12988 20.0005 0)
(-0.129886 20.0004 0)
(-0.129894 20.0004 0)
(-0.129908 20.0002 0)
(-0.129932 20 0)
(-0.129971 19.9998 0)
(-0.130039 19.9993 0)
(-0.130161 19.9986 0)
(-0.130385 19.9975 0)
(-0.130776 19.9956 0)
(-0.131496 19.9927 0)
(-0.132559 19.9885 0)
(-0.134084 19.9847 0)
(-0.145994 19.5353 0)
(-0.148693 19.5891 0)
(-0.156767 19.6666 0)
(-0.163338 19.7384 0)
(-0.167756 19.7955 0)
(-0.170842 19.8397 0)
(-0.173051 19.8743 0)
(-0.17482 19.9017 0)
(-0.176225 19.9235 0)
(-0.177377 19.9407 0)
(-0.17831 19.9543 0)
(-0.179067 19.965 0)
(-0.179675 19.9734 0)
(-0.180159 19.9799 0)
(-0.180542 19.985 0)
(-0.180843 19.9888 0)
(-0.181077 19.9918 0)
(-0.181258 19.9941 0)
(-0.181397 19.9958 0)
(-0.181504 19.997 0)
(-0.181584 19.998 0)
(-0.181645 19.9987 0)
(-0.18169 19.9992 0)
(-0.181724 19.9996 0)
(-0.18175 19.9999 0)
(-0.181768 20.0001 0)
(-0.181782 20.0002 0)
(-0.181792 20.0003 0)
(-0.181799 20.0004 0)
(-0.181805 20.0005 0)
(-0.181808 20.0005 0)
(-0.181811 20.0005 0)
(-0.181813 20.0005 0)
(-0.181815 20.0006 0)
(-0.181816 20.0006 0)
(-0.181816 20.0006 0)
(-0.181817 20.0006 0)
(-0.181817 20.0006 0)
(-0.181818 20.0006 0)
(-0.181818 20.0006 0)
(-0.181818 20.0006 0)
(-0.181818 20.0006 0)
(-0.181818 20.0006 0)
(-0.181818 20.0006 0)
(-0.181818 20.0006 0)
(-0.181818 20.0006 0)
(-0.181818 20.0006 0)
(-0.181818 20.0006 0)
(-0.181818 20.0006 0)
(-0.181818 20.0006 0)
(-0.181818 20.0006 0)
(-0.181818 20.0006 0)
(-0.181818 20.0006 0)
(-0.181818 20.0006 0)
(-0.181818 20.0006 0)
(-0.181818 20.0006 0)
(-0.181818 20.0006 0)
(-0.181818 20.0006 0)
(-0.181818 20.0006 0)
(-0.181818 20.0006 0)
(-0.181818 20.0006 0)
(-0.181818 20.0006 0)
(-0.181818 20.0006 0)
(-0.181818 20.0006 0)
(-0.181818 20.0006 0)
(-0.181818 20.0006 0)
(-0.181818 20.0006 0)
(-0.181818 20.0006 0)
(-0.181818 20.0006 0)
(-0.181818 20.0006 0)
(-0.181818 20.0006 0)
(-0.181818 20.0006 0)
(-0.181818 20.0006 0)
(-0.181818 20.0006 0)
(-0.181818 20.0006 0)
(-0.181818 20.0006 0)
(-0.181818 20.0006 0)
(-0.181818 20.0006 0)
(-0.181818 20.0006 0)
(-0.181819 20.0006 0)
(-0.181819 20.0006 0)
(-0.181819 20.0006 0)
(-0.18182 20.0006 0)
(-0.181821 20.0006 0)
(-0.181822 20.0006 0)
(-0.181824 20.0005 0)
(-0.181827 20.0005 0)
(-0.181832 20.0005 0)
(-0.18184 20.0004 0)
(-0.181851 20.0004 0)
(-0.181871 20.0002 0)
(-0.181902 20.0001 0)
(-0.181955 19.9998 0)
(-0.182049 19.9993 0)
(-0.182214 19.9987 0)
(-0.182518 19.9976 0)
(-0.18305 19.9958 0)
(-0.184032 19.9931 0)
(-0.185487 19.9891 0)
(-0.18759 19.9855 0)
(-0.187929 19.5428 0)
(-0.191576 19.5981 0)
(-0.202073 19.675 0)
(-0.21051 19.7451 0)
(-0.216108 19.8008 0)
(-0.220002 19.8438 0)
(-0.222776 19.8776 0)
(-0.224996 19.9043 0)
(-0.226758 19.9255 0)
(-0.228204 19.9423 0)
(-0.229373 19.9556 0)
(-0.230322 19.966 0)
(-0.231083 19.9741 0)
(-0.23169 19.9805 0)
(-0.23217 19.9854 0)
(-0.232547 19.9892 0)
(-0.23284 19.9921 0)
(-0.233066 19.9943 0)
(-0.23324 19.9959 0)
(-0.233373 19.9972 0)
(-0.233474 19.9981 0)
(-0.23355 19.9988 0)
(-0.233607 19.9993 0)
(-0.233649 19.9996 0)
(-0.233681 19.9999 0)
(-0.233704 20.0001 0)
(-0.233721 20.0002 0)
(-0.233734 20.0003 0)
(-0.233743 20.0004 0)
(-0.233749 20.0005 0)
(-0.233754 20.0005 0)
(-0.233758 20.0005 0)
(-0.23376 20.0005 0)
(-0.233762 20.0006 0)
(-0.233763 20.0006 0)
(-0.233764 20.0006 0)
(-0.233765 20.0006 0)
(-0.233765 20.0006 0)
(-0.233765 20.0006 0)
(-0.233766 20.0006 0)
(-0.233766 20.0006 0)
(-0.233766 20.0006 0)
(-0.233766 20.0006 0)
(-0.233766 20.0006 0)
(-0.233766 20.0006 0)
(-0.233766 20.0006 0)
(-0.233766 20.0006 0)
(-0.233766 20.0006 0)
(-0.233766 20.0006 0)
(-0.233766 20.0006 0)
(-0.233766 20.0006 0)
(-0.233766 20.0006 0)
(-0.233766 20.0006 0)
(-0.233766 20.0006 0)
(-0.233766 20.0006 0)
(-0.233766 20.0006 0)
(-0.233766 20.0006 0)
(-0.233766 20.0006 0)
(-0.233766 20.0006 0)
(-0.233766 20.0006 0)
(-0.233766 20.0006 0)
(-0.233766 20.0006 0)
(-0.233766 20.0006 0)
(-0.233766 20.0006 0)
(-0.233766 20.0006 0)
(-0.233766 20.0006 0)
(-0.233766 20.0006 0)
(-0.233766 20.0006 0)
(-0.233766 20.0006 0)
(-0.233766 20.0006 0)
(-0.233766 20.0006 0)
(-0.233766 20.0006 0)
(-0.233766 20.0006 0)
(-0.233766 20.0006 0)
(-0.233766 20.0006 0)
(-0.233766 20.0006 0)
(-0.233766 20.0006 0)
(-0.233766 20.0006 0)
(-0.233767 20.0006 0)
(-0.233767 20.0006 0)
(-0.233767 20.0006 0)
(-0.233767 20.0006 0)
(-0.233768 20.0006 0)
(-0.233769 20.0006 0)
(-0.233771 20.0006 0)
(-0.233773 20.0005 0)
(-0.233777 20.0005 0)
(-0.233783 20.0005 0)
(-0.233793 20.0004 0)
(-0.233808 20.0004 0)
(-0.233832 20.0003 0)
(-0.233871 20.0001 0)
(-0.233937 19.9998 0)
(-0.234052 19.9994 0)
(-0.234256 19.9987 0)
(-0.234631 19.9977 0)
(-0.235289 19.9961 0)
(-0.236507 19.9936 0)
(-0.238321 19.99 0)
(-0.240969 19.9866 0)
(-0.230043 19.5524 0)
(-0.234784 19.6094 0)
(-0.24778 19.6854 0)
(-0.258069 19.7534 0)
(-0.264776 19.8073 0)
(-0.269423 19.8489 0)
(-0.27271 19.8817 0)
(-0.275342 19.9075 0)
(-0.277427 19.928 0)
(-0.279139 19.9443 0)
(-0.280523 19.9571 0)
(-0.281645 19.9672 0)
(-0.282545 19.9751 0)
(-0.283263 19.9812 0)
(-0.28383 19.9859 0)
(-0.284275 19.9896 0)
(-0.284622 19.9924 0)
(-0.284889 19.9945 0)
(-0.285095 19.9961 0)
(-0.285252 19.9973 0)
(-0.285371 19.9982 0)
(-0.28546 19.9988 0)
(-0.285527 19.9993 0)
(-0.285577 19.9997 0)
(-0.285614 19.9999 0)
(-0.285642 20.0001 0)
(-0.285662 20.0003 0)
(-0.285676 20.0004 0)
(-0.285687 20.0004 0)
(-0.285695 20.0005 0)
(-0.2857 20.0005 0)
(-0.285704 20.0005 0)
(-0.285707 20.0005 0)
(-0.285709 20.0006 0)
(-0.285711 20.0006 0)
(-0.285712 20.0006 0)
(-0.285712 20.0006 0)
(-0.285713 20.0006 0)
(-0.285713 20.0006 0)
(-0.285714 20.0006 0)
(-0.285714 20.0006 0)
(-0.285714 20.0006 0)
(-0.285714 20.0006 0)
(-0.285714 20.0006 0)
(-0.285714 20.0006 0)
(-0.285714 20.0006 0)
(-0.285714 20.0006 0)
(-0.285714 20.0006 0)
(-0.285714 20.0006 0)
(-0.285714 20.0006 0)
(-0.285714 20.0006 0)
(-0.285714 20.0006 0)
(-0.285714 20.0006 0)
(-0.285714 20.0006 0)
(-0.285714 20.0006 0)
(-0.285714 20.0006 0)
(-0.285714 20.0006 0)
(-0.285714 20.0006 0)
(-0.285714 20.0006 0)
(-0.285714 20.0006 0)
(-0.285714 20.0006 0)
(-0.285714 20.0006 0)
(-0.285714 20.0006 0)
(-0.285714 20.0006 0)
(-0.285714 20.0006 0)
(-0.285714 20.0006 0)
(-0.285714 20.0006 0)
(-0.285714 20.0006 0)
(-0.285714 20.0006 0)
(-0.285714 20.0006 0)
(-0.285714 20.0006 0)
(-0.285714 20.0006 0)
(-0.285714 20.0006 0)
(-0.285714 20.0006 0)
(-0.285714 20.0006 0)
(-0.285714 20.0006 0)
(-0.285714 20.0006 0)
(-0.285714 20.0006 0)
(-0.285715 20.0006 0)
(-0.285715 20.0006 0)
(-0.285715 20.0006 0)
(-0.285716 20.0006 0)
(-0.285716 20.0006 0)
(-0.285718 20.0006 0)
(-0.28572 20.0006 0)
(-0.285723 20.0006 0)
(-0.285727 20.0005 0)
(-0.285734 20.0005 0)
(-0.285746 20.0005 0)
(-0.285763 20.0004 0)
(-0.285791 20.0003 0)
(-0.285837 20.0001 0)
(-0.285914 19.9998 0)
(-0.286048 19.9995 0)
(-0.286284 19.9988 0)
(-0.286719 19.9979 0)
(-0.287484 19.9964 0)
(-0.288906 19.9942 0)
(-0.291038 19.9909 0)
(-0.294185 19.988 0)
(-0.272392 19.564 0)
(-0.278422 19.6232 0)
(-0.293999 19.698 0)
(-0.306108 19.7634 0)
(-0.313832 19.815 0)
(-0.31916 19.855 0)
(-0.322898 19.8865 0)
(-0.325893 19.9113 0)
(-0.328261 19.931 0)
(-0.330206 19.9466 0)
(-0.331777 19.9589 0)
(-0.333052 19.9686 0)
(-0.334073 19.9762 0)
(-0.334887 19.982 0)
(-0.33553 19.9866 0)
(-0.336035 19.9901 0)
(-0.336427 19.9928 0)
(-0.33673 19.9948 0)
(-0.336963 19.9963 0)
(-0.33714 19.9975 0)
(-0.337275 19.9983 0)
(-0.337376 19.9989 0)
(-0.337452 19.9994 0)
(-0.337508 19.9997 0)
(-0.33755 20 0)
(-0.337581 20.0002 0)
(-0.337603 20.0003 0)
(-0.33762 20.0004 0)
(-0.337632 20.0004 0)
(-0.33764 20.0005 0)
(-0.337646 20.0005 0)
(-0.337651 20.0005 0)
(-0.337654 20.0006 0)
(-0.337656 20.0006 0)
(-0.337658 20.0006 0)
(-0.337659 20.0006 0)
(-0.33766 20.0006 0)
(-0.337661 20.0006 0)
(-0.337661 20.0006 0)
(-0.337661 20.0006 0)
(-0.337661 20.0006 0)
(-0.337662 20.0006 0)
(-0.337662 20.0006 0)
(-0.337662 20.0006 0)
(-0.337662 20.0006 0)
(-0.337662 20.0006 0)
(-0.337662 20.0006 0)
(-0.337662 20.0006 0)
(-0.337662 20.0006 0)
(-0.337662 20.0006 0)
(-0.337662 20.0006 0)
(-0.337662 20.0006 0)
(-0.337662 20.0006 0)
(-0.337662 20.0006 0)
(-0.337662 20.0006 0)
(-0.337662 20.0006 0)
(-0.337662 20.0006 0)
(-0.337662 20.0006 0)
(-0.337662 20.0006 0)
(-0.337662 20.0006 0)
(-0.337662 20.0006 0)
(-0.337662 20.0006 0)
(-0.337662 20.0006 0)
(-0.337662 20.0006 0)
(-0.337662 20.0006 0)
(-0.337662 20.0006 0)
(-0.337662 20.0006 0)
(-0.337662 20.0006 0)
(-0.337662 20.0006 0)
(-0.337662 20.0006 0)
(-0.337662 20.0006 0)
(-0.337662 20.0006 0)
(-0.337662 20.0006 0)
(-0.337662 20.0006 0)
(-0.337662 20.0006 0)
(-0.337662 20.0006 0)
(-0.337662 20.0006 0)
(-0.337662 20.0006 0)
(-0.337662 20.0006 0)
(-0.337663 20.0006 0)
(-0.337663 20.0006 0)
(-0.337664 20.0006 0)
(-0.337665 20.0006 0)
(-0.337666 20.0006 0)
(-0.337668 20.0006 0)
(-0.337672 20.0006 0)
(-0.337677 20.0005 0)
(-0.337685 20.0005 0)
(-0.337697 20.0005 0)
(-0.337717 20.0004 0)
(-0.337748 20.0003 0)
(-0.3378 20.0001 0)
(-0.337885 19.9999 0)
(-0.338035 19.9995 0)
(-0.338296 19.999 0)
(-0.338778 19.9981 0)
(-0.339628 19.9968 0)
(-0.341215 19.9948 0)
(-0.343614 19.9921 0)
(-0.347203 19.9896 0)
(-0.315045 19.578 0)
(-0.322615 19.6396 0)
(-0.34085 19.7126 0)
(-0.354726 19.7748 0)
(-0.363348 19.8239 0)
(-0.369268 19.862 0)
(-0.373383 19.892 0)
(-0.376683 19.9157 0)
(-0.379288 19.9345 0)
(-0.381427 19.9493 0)
(-0.383154 19.961 0)
(-0.384555 19.9702 0)
(-0.385677 19.9774 0)
(-0.386571 19.983 0)
(-0.387276 19.9873 0)
(-0.387829 19.9907 0)
(-0.388259 19.9932 0)
(-0.388592 19.9951 0)
(-0.388847 19.9966 0)
(-0.389041 19.9976 0)
(-0.389188 19.9984 0)
(-0.389298 19.999 0)
(-0.389381 19.9995 0)
(-0.389442 19.9998 0)
(-0.389488 20 0)
(-0.389521 20.0002 0)
(-0.389546 20.0003 0)
(-0.389564 20.0004 0)
(-0.389577 20.0005 0)
(-0.389586 20.0005 0)
(-0.389593 20.0005 0)
(-0.389598 20.0005 0)
(-0.389601 20.0006 0)
(-0.389603 20.0006 0)
(-0.389605 20.0006 0)
(-0.389606 20.0006 0)
(-0.389607 20.0006 0)
(-0.389608 20.0006 0)
(-0.389608 20.0006 0)
(-0.389609 20.0006 0)
(-0.389609 20.0006 0)
(-0.389609 20.0006 0)
(-0.389609 20.0006 0)
(-0.389609 20.0006 0)
(-0.389609 20.0006 0)
(-0.389609 20.0006 0)
(-0.389609 20.0006 0)
(-0.389609 20.0006 0)
(-0.389609 20.0006 0)
(-0.389609 20.0006 0)
(-0.389609 20.0006 0)
(-0.389609 20.0006 0)
(-0.389609 20.0006 0)
(-0.389609 20.0006 0)
(-0.389609 20.0006 0)
(-0.389609 20.0006 0)
(-0.389609 20.0006 0)
(-0.389609 20.0006 0)
(-0.389609 20.0006 0)
(-0.389609 20.0006 0)
(-0.389609 20.0006 0)
(-0.389609 20.0006 0)
(-0.389609 20.0006 0)
(-0.389609 20.0006 0)
(-0.389609 20.0006 0)
(-0.389609 20.0006 0)
(-0.389609 20.0006 0)
(-0.389609 20.0006 0)
(-0.389609 20.0006 0)
(-0.389609 20.0006 0)
(-0.389609 20.0006 0)
(-0.389609 20.0006 0)
(-0.389609 20.0006 0)
(-0.389609 20.0006 0)
(-0.389609 20.0006 0)
(-0.38961 20.0006 0)
(-0.38961 20.0006 0)
(-0.38961 20.0006 0)
(-0.38961 20.0006 0)
(-0.38961 20.0006 0)
(-0.389611 20.0006 0)
(-0.389611 20.0006 0)
(-0.389612 20.0006 0)
(-0.389614 20.0006 0)
(-0.389616 20.0006 0)
(-0.38962 20.0006 0)
(-0.389626 20.0005 0)
(-0.389634 20.0005 0)
(-0.389648 20.0005 0)
(-0.389669 20.0004 0)
(-0.389703 20.0003 0)
(-0.389759 20.0002 0)
(-0.389851 19.9999 0)
(-0.390011 19.9996 0)
(-0.390291 19.9991 0)
(-0.390806 19.9983 0)
(-0.391715 19.9972 0)
(-0.393423 19.9955 0)
(-0.39603 19.9933 0)
(-0.399991 19.9913 0)
(-0.358087 19.5945 0)
(-0.367523 19.6585 0)
(-0.388467 19.7293 0)
(-0.404024 19.7878 0)
(-0.413393 19.834 0)
(-0.4198 19.8698 0)
(-0.424206 19.8982 0)
(-0.427744 19.9206 0)
(-0.430532 19.9383 0)
(-0.432822 19.9523 0)
(-0.434669 19.9634 0)
(-0.436167 19.9721 0)
(-0.437365 19.9788 0)
(-0.43832 19.9841 0)
(-0.439073 19.9882 0)
(-0.439663 19.9913 0)
(-0.440121 19.9937 0)
(-0.440475 19.9955 0)
(-0.440747 19.9968 0)
(-0.440953 19.9978 0)
(-0.441109 19.9986 0)
(-0.441227 19.9992 0)
(-0.441314 19.9996 0)
(-0.44138 19.9999 0)
(-0.441428 20.0001 0)
(-0.441463 20.0002 0)
(-0.441489 20.0003 0)
(-0.441508 20.0004 0)
(-0.441521 20.0005 0)
(-0.441531 20.0005 0)
(-0.441538 20.0005 0)
(-0.441543 20.0006 0)
(-0.441547 20.0006 0)
(-0.441549 20.0006 0)
(-0.441551 20.0006 0)
(-0.441552 20.0006 0)
(-0.441553 20.0006 0)
(-0.441554 20.0006 0)
(-0.441554 20.0006 0)
(-0.441555 20.0006 0)
(-0.441555 20.0006 0)
(-0.441555 20.0006 0)
(-0.441555 20.0006 0)
(-0.441555 20.0006 0)
(-0.441555 20.0006 0)
(-0.441555 20.0006 0)
(-0.441555 20.0006 0)
(-0.441555 20.0006 0)
(-0.441556 20.0006 0)
(-0.441556 20.0006 0)
(-0.441556 20.0006 0)
(-0.441556 20.0006 0)
(-0.441556 20.0006 0)
(-0.441556 20.0006 0)
(-0.441555 20.0006 0)
(-0.441555 20.0006 0)
(-0.441556 20.0006 0)
(-0.441556 20.0006 0)
(-0.441556 20.0006 0)
(-0.441556 20.0006 0)
(-0.441556 20.0006 0)
(-0.441556 20.0006 0)
(-0.441556 20.0006 0)
(-0.441556 20.0006 0)
(-0.441556 20.0006 0)
(-0.441556 20.0006 0)
(-0.441556 20.0006 0)
(-0.441556 20.0006 0)
(-0.441556 20.0006 0)
(-0.441556 20.0006 0)
(-0.441556 20.0006 0)
(-0.441556 20.0006 0)
(-0.441556 20.0006 0)
(-0.441556 20.0006 0)
(-0.441556 20.0006 0)
(-0.441556 20.0006 0)
(-0.441556 20.0006 0)
(-0.441556 20.0006 0)
(-0.441556 20.0006 0)
(-0.441556 20.0006 0)
(-0.441557 20.0006 0)
(-0.441557 20.0006 0)
(-0.441558 20.0006 0)
(-0.44156 20.0006 0)
(-0.441563 20.0006 0)
(-0.441567 20.0006 0)
(-0.441573 20.0006 0)
(-0.441582 20.0005 0)
(-0.441596 20.0005 0)
(-0.441619 20.0004 0)
(-0.441655 20.0003 0)
(-0.441713 20.0002 0)
(-0.441809 20 0)
(-0.441976 19.9997 0)
(-0.442266 19.9992 0)
(-0.442798 19.9986 0)
(-0.443741 19.9976 0)
(-0.44552 19.9963 0)
(-0.448267 19.9946 0)
(-0.452513 19.9931 0)
(-0.401626 19.6136 0)
(-0.41334 19.6802 0)
(-0.436997 19.748 0)
(-0.454106 19.8022 0)
(-0.464034 19.845 0)
(-0.470804 19.8785 0)
(-0.475402 19.905 0)
(-0.479106 19.926 0)
(-0.482016 19.9425 0)
(-0.484409 19.9556 0)
(-0.486336 19.966 0)
(-0.487897 19.974 0)
(-0.489146 19.9804 0)
(-0.49014 19.9853 0)
(-0.490923 19.9891 0)
(-0.491537 19.992 0)
(-0.492013 19.9942 0)
(-0.492381 19.9959 0)
(-0.492663 19.9971 0)
(-0.492877 19.9981 0)
(-0.493038 19.9988 0)
(-0.49316 19.9993 0)
(-0.49325 19.9997 0)
(-0.493318 19.9999 0)
(-0.493367 20.0001 0)
(-0.493403 20.0003 0)
(-0.49343 20.0004 0)
(-0.493449 20.0004 0)
(-0.493463 20.0005 0)
(-0.493473 20.0005 0)
(-0.49348 20.0005 0)
(-0.493485 20.0006 0)
(-0.493489 20.0006 0)
(-0.493491 20.0006 0)
(-0.493493 20.0006 0)
(-0.493495 20.0006 0)
(-0.493495 20.0006 0)
(-0.493496 20.0006 0)
(-0.493497 20.0006 0)
(-0.493497 20.0006 0)
(-0.493497 20.0006 0)
(-0.493497 20.0006 0)
(-0.493497 20.0006 0)
(-0.493497 20.0006 0)
(-0.493498 20.0006 0)
(-0.493498 20.0006 0)
(-0.493498 20.0006 0)
(-0.493498 20.0006 0)
(-0.493498 20.0006 0)
(-0.493498 20.0006 0)
(-0.493498 20.0006 0)
(-0.493498 20.0006 0)
(-0.493498 20.0006 0)
(-0.493498 20.0006 0)
(-0.493498 20.0006 0)
(-0.493498 20.0006 0)
(-0.493498 20.0006 0)
(-0.493498 20.0006 0)
(-0.493498 20.0006 0)
(-0.493498 20.0006 0)
(-0.493498 20.0006 0)
(-0.493498 20.0006 0)
(-0.493498 20.0006 0)
(-0.493498 20.0006 0)
(-0.493498 20.0006 0)
(-0.493498 20.0006 0)
(-0.493498 20.0006 0)
(-0.493498 20.0006 0)
(-0.493498 20.0006 0)
(-0.493498 20.0006 0)
(-0.493498 20.0006 0)
(-0.493498 20.0006 0)
(-0.493498 20.0006 0)
(-0.493498 20.0006 0)
(-0.493498 20.0006 0)
(-0.493498 20.0006 0)
(-0.493498 20.0006 0)
(-0.493498 20.0006 0)
(-0.493498 20.0006 0)
(-0.493498 20.0006 0)
(-0.493499 20.0006 0)
(-0.4935 20.0006 0)
(-0.493501 20.0006 0)
(-0.493502 20.0006 0)
(-0.493505 20.0006 0)
(-0.493509 20.0006 0)
(-0.493515 20.0006 0)
(-0.493525 20.0005 0)
(-0.49354 20.0005 0)
(-0.493563 20.0004 0)
(-0.4936 20.0004 0)
(-0.493659 20.0002 0)
(-0.493757 20.0001 0)
(-0.493926 19.9998 0)
(-0.494218 19.9994 0)
(-0.494751 19.9988 0)
(-0.495699 19.998 0)
(-0.497499 19.9971 0)
(-0.50031 19.996 0)
(-0.504738 19.995 0)
(-0.445802 19.6358 0)
(-0.460315 19.7046 0)
(-0.486599 19.7686 0)
(-0.50507 19.8179 0)
(-0.515329 19.8571 0)
(-0.52232 19.8879 0)
(-0.527003 19.9124 0)
(-0.53079 19.9318 0)
(-0.533756 19.9471 0)
(-0.536197 19.9592 0)
(-0.53816 19.9687 0)
(-0.539749 19.9762 0)
(-0.541019 19.982 0)
(-0.542029 19.9865 0)
(-0.542825 19.99 0)
(-0.543448 19.9927 0)
(-0.543931 19.9947 0)
(-0.544304 19.9963 0)
(-0.544588 19.9974 0)
(-0.544805 19.9983 0)
(-0.544968 19.9989 0)
(-0.54509 19.9994 0)
(-0.545181 19.9998 0)
(-0.545249 20 0)
(-0.545298 20.0002 0)
(-0.545335 20.0003 0)
(-0.545361 20.0004 0)
(-0.54538 20.0005 0)
(-0.545394 20.0005 0)
(-0.545404 20.0005 0)
(-0.545411 20.0006 0)
(-0.545416 20.0006 0)
(-0.54542 20.0006 0)
(-0.545422 20.0006 0)
(-0.545424 20.0006 0)
(-0.545425 20.0006 0)
(-0.545426 20.0006 0)
(-0.545427 20.0006 0)
(-0.545427 20.0006 0)
(-0.545427 20.0006 0)
(-0.545428 20.0006 0)
(-0.545428 20.0006 0)
(-0.545428 20.0006 0)
(-0.545428 20.0006 0)
(-0.545428 20.0006 0)
(-0.545428 20.0006 0)
(-0.545428 20.0006 0)
(-0.545428 20.0006 0)
(-0.545428 20.0006 0)
(-0.545428 20.0006 0)
(-0.545428 20.0006 0)
(-0.545428 20.0006 0)
(-0.545428 20.0006 0)
(-0.545428 20.0006 0)
(-0.545428 20.0006 0)
(-0.545428 20.0006 0)
(-0.545428 20.0006 0)
(-0.545428 20.0006 0)
(-0.545428 20.0006 0)
(-0.545428 20.0006 0)
(-0.545428 20.0006 0)
(-0.545428 20.0006 0)
(-0.545428 20.0006 0)
(-0.545428 20.0006 0)
(-0.545428 20.0006 0)
(-0.545428 20.0006 0)
(-0.545428 20.0006 0)
(-0.545428 20.0006 0)
(-0.545428 20.0006 0)
(-0.545428 20.0006 0)
(-0.545428 20.0006 0)
(-0.545428 20.0006 0)
(-0.545428 20.0006 0)
(-0.545428 20.0006 0)
(-0.545428 20.0006 0)
(-0.545428 20.0006 0)
(-0.545428 20.0006 0)
(-0.545428 20.0006 0)
(-0.545429 20.0006 0)
(-0.545429 20.0006 0)
(-0.545429 20.0006 0)
(-0.54543 20.0006 0)
(-0.545431 20.0006 0)
(-0.545433 20.0006 0)
(-0.545435 20.0006 0)
(-0.545439 20.0006 0)
(-0.545446 20.0006 0)
(-0.545455 20.0005 0)
(-0.54547 20.0005 0)
(-0.545494 20.0005 0)
(-0.54553 20.0004 0)
(-0.54559 20.0003 0)
(-0.545687 20.0001 0)
(-0.545853 19.9999 0)
(-0.546139 19.9995 0)
(-0.546659 19.9991 0)
(-0.547584 19.9985 0)
(-0.549349 19.9978 0)
(-0.552142 19.9973 0)
(-0.556627 19.997 0)
(-0.490793 19.6615 0)
(-0.508754 19.732 0)
(-0.537434 19.791 0)
(-0.556999 19.8348 0)
(-0.567314 19.87 0)
(-0.574369 19.898 0)
(-0.579018 19.9204 0)
(-0.5828 19.9381 0)
(-0.58575 19.9521 0)
(-0.588181 19.9631 0)
(-0.590132 19.9717 0)
(-0.59171 19.9785 0)
(-0.59297 19.9838 0)
(-0.593972 19.9879 0)
(-0.59476 19.9911 0)
(-0.595376 19.9935 0)
(-0.595853 19.9953 0)
(-0.596221 19.9967 0)
(-0.596502 19.9978 0)
(-0.596715 19.9986 0)
(-0.596875 19.9991 0)
(-0.596995 19.9996 0)
(-0.597084 19.9999 0)
(-0.59715 20.0001 0)
(-0.597198 20.0002 0)
(-0.597233 20.0004 0)
(-0.597259 20.0004 0)
(-0.597277 20.0005 0)
(-0.597291 20.0005 0)
(-0.5973 20.0006 0)
(-0.597307 20.0006 0)
(-0.597312 20.0006 0)
(-0.597315 20.0006 0)
(-0.597318 20.0006 0)
(-0.597319 20.0006 0)
(-0.597321 20.0006 0)
(-0.597321 20.0006 0)
(-0.597322 20.0006 0)
(-0.597322 20.0006 0)
(-0.597323 20.0006 0)
(-0.597323 20.0006 0)
(-0.597323 20.0006 0)
(-0.597323 20.0006 0)
(-0.597323 20.0006 0)
(-0.597323 20.0006 0)
(-0.597323 20.0006 0)
(-0.597323 20.0006 0)
(-0.597323 20.0006 0)
(-0.597323 20.0006 0)
(-0.597323 20.0006 0)
(-0.597323 20.0006 0)
(-0.597323 20.0006 0)
(-0.597323 20.0006 0)
(-0.597323 20.0006 0)
(-0.597323 20.0006 0)
(-0.597323 20.0006 0)
(-0.597323 20.0006 0)
(-0.597323 20.0006 0)
(-0.597323 20.0006 0)
(-0.597323 20.0006 0)
(-0.597323 20.0006 0)
(-0.597323 20.0006 0)
(-0.597323 20.0006 0)
(-0.597323 20.0006 0)
(-0.597323 20.0006 0)
(-0.597323 20.0006 0)
(-0.597323 20.0006 0)
(-0.597323 20.0006 0)
(-0.597323 20.0006 0)
(-0.597323 20.0006 0)
(-0.597323 20.0006 0)
(-0.597323 20.0006 0)
(-0.597323 20.0006 0)
(-0.597323 20.0006 0)
(-0.597323 20.0006 0)
(-0.597324 20.0006 0)
(-0.597324 20.0006 0)
(-0.597324 20.0006 0)
(-0.597324 20.0006 0)
(-0.597324 20.0006 0)
(-0.597325 20.0006 0)
(-0.597325 20.0006 0)
(-0.597326 20.0006 0)
(-0.597328 20.0006 0)
(-0.59733 20.0006 0)
(-0.597334 20.0006 0)
(-0.597341 20.0006 0)
(-0.59735 20.0006 0)
(-0.597365 20.0005 0)
(-0.597387 20.0005 0)
(-0.597423 20.0004 0)
(-0.597481 20.0003 0)
(-0.597575 20.0002 0)
(-0.597734 20 0)
(-0.598006 19.9997 0)
(-0.598498 19.9993 0)
(-0.599374 19.9989 0)
(-0.60105 19.9985 0)
(-0.603737 19.9986 0)
(-0.60813 19.9988 0)
(-0.536812 19.6912 0)
(-0.559016 19.7622 0)
(-0.589624 19.8149 0)
(-0.609919 19.8527 0)
(-0.619973 19.8837 0)
(-0.62692 19.9087 0)
(-0.631408 19.9288 0)
(-0.63509 19.9447 0)
(-0.637948 19.9573 0)
(-0.640305 19.9671 0)
(-0.642193 19.9749 0)
(-0.643719 19.9809 0)
(-0.644936 19.9856 0)
(-0.645902 19.9893 0)
(-0.646661 19.9921 0)
(-0.647253 19.9943 0)
(-0.647712 19.9959 0)
(-0.648065 19.9972 0)
(-0.648334 19.9981 0)
(-0.648537 19.9988 0)
(-0.64869 19.9993 0)
(-0.648804 19.9997 0)
(-0.648889 20 0)
(-0.648951 20.0002 0)
(-0.648996 20.0003 0)
(-0.64903 20.0004 0)
(-0.649054 20.0005 0)
(-0.649071 20.0005 0)
(-0.649083 20.0005 0)
(-0.649092 20.0006 0)
(-0.649098 20.0006 0)
(-0.649103 20.0006 0)
(-0.649106 20.0006 0)
(-0.649108 20.0006 0)
(-0.649109 20.0006 0)
(-0.649111 20.0006 0)
(-0.649111 20.0006 0)
(-0.649112 20.0006 0)
(-0.649112 20.0006 0)
(-0.649112 20.0006 0)
(-0.649113 20.0006 0)
(-0.649113 20.0006 0)
(-0.649113 20.0006 0)
(-0.649113 20.0006 0)
(-0.649113 20.0006 0)
(-0.649113 20.0006 0)
(-0.649113 20.0006 0)
(-0.649113 20.0006 0)
(-0.649113 20.0006 0)
(-0.649113 20.0006 0)
(-0.649113 20.0006 0)
(-0.649113 20.0006 0)
(-0.649113 20.0006 0)
(-0.649113 20.0006 0)
(-0.649113 20.0006 0)
(-0.649113 20.0006 0)
(-0.649113 20.0006 0)
(-0.649113 20.0006 0)
(-0.649113 20.0006 0)
(-0.649113 20.0006 0)
(-0.649113 20.0006 0)
(-0.649113 20.0006 0)
(-0.649113 20.0006 0)
(-0.649113 20.0006 0)
(-0.649113 20.0006 0)
(-0.649113 20.0006 0)
(-0.649113 20.0006 0)
(-0.649113 20.0006 0)
(-0.649113 20.0006 0)
(-0.649113 20.0006 0)
(-0.649113 20.0006 0)
(-0.649113 20.0006 0)
(-0.649113 20.0006 0)
(-0.649113 20.0006 0)
(-0.649113 20.0006 0)
(-0.649113 20.0006 0)
(-0.649113 20.0006 0)
(-0.649113 20.0006 0)
(-0.649114 20.0006 0)
(-0.649114 20.0006 0)
(-0.649114 20.0006 0)
(-0.649115 20.0006 0)
(-0.649116 20.0006 0)
(-0.649117 20.0006 0)
(-0.64912 20.0006 0)
(-0.649123 20.0006 0)
(-0.649129 20.0006 0)
(-0.649138 20.0006 0)
(-0.649152 20.0005 0)
(-0.649174 20.0005 0)
(-0.649208 20.0005 0)
(-0.649263 20.0004 0)
(-0.649351 20.0002 0)
(-0.649499 20.0001 0)
(-0.64975 19.9998 0)
(-0.650201 19.9995 0)
(-0.651003 19.9993 0)
(-0.652538 19.9992 0)
(-0.65503 19.9997 0)
(-0.659156 20.0005 0)
(-0.584066 19.7258 0)
(-0.611451 19.7952 0)
(-0.643156 19.8402 0)
(-0.663701 19.8715 0)
(-0.673136 19.8981 0)
(-0.679795 19.92 0)
(-0.68399 19.9377 0)
(-0.687473 19.9517 0)
(-0.690155 19.9627 0)
(-0.692373 19.9714 0)
(-0.694142 19.9781 0)
(-0.695573 19.9834 0)
(-0.69671 19.9876 0)
(-0.697612 19.9908 0)
(-0.69832 19.9933 0)
(-0.698872 19.9951 0)
(-0.699299 19.9966 0)
(-0.699626 19.9977 0)
(-0.699874 19.9985 0)
(-0.700062 19.9991 0)
(-0.700202 19.9995 0)
(-0.700307 19.9998 0)
(-0.700384 20.0001 0)
(-0.700441 20.0002 0)
(-0.700482 20.0004 0)
(-0.700512 20.0004 0)
(-0.700533 20.0005 0)
(-0.700549 20.0005 0)
(-0.70056 20.0006 0)
(-0.700568 20.0006 0)
(-0.700573 20.0006 0)
(-0.700577 20.0006 0)
(-0.70058 20.0006 0)
(-0.700582 20.0006 0)
(-0.700583 20.0006 0)
(-0.700584 20.0006 0)
(-0.700585 20.0006 0)
(-0.700585 20.0006 0)
(-0.700585 20.0006 0)
(-0.700586 20.0006 0)
(-0.700586 20.0006 0)
(-0.700586 20.0006 0)
(-0.700586 20.0006 0)
(-0.700586 20.0006 0)
(-0.700586 20.0006 0)
(-0.700586 20.0006 0)
(-0.700586 20.0006 0)
(-0.700586 20.0006 0)
(-0.700586 20.0006 0)
(-0.700586 20.0006 0)
(-0.700586 20.0006 0)
(-0.700586 20.0006 0)
(-0.700586 20.0006 0)
(-0.700586 20.0006 0)
(-0.700586 20.0006 0)
(-0.700586 20.0006 0)
(-0.700586 20.0006 0)
(-0.700586 20.0006 0)
(-0.700586 20.0006 0)
(-0.700586 20.0006 0)
(-0.700586 20.0006 0)
(-0.700586 20.0006 0)
(-0.700586 20.0006 0)
(-0.700586 20.0006 0)
(-0.700586 20.0006 0)
(-0.700586 20.0006 0)
(-0.700586 20.0006 0)
(-0.700586 20.0006 0)
(-0.700586 20.0006 0)
(-0.700586 20.0006 0)
(-0.700586 20.0006 0)
(-0.700586 20.0006 0)
(-0.700586 20.0006 0)
(-0.700586 20.0006 0)
(-0.700586 20.0006 0)
(-0.700586 20.0006 0)
(-0.700586 20.0006 0)
(-0.700586 20.0006 0)
(-0.700586 20.0006 0)
(-0.700587 20.0006 0)
(-0.700587 20.0006 0)
(-0.700588 20.0006 0)
(-0.700588 20.0006 0)
(-0.70059 20.0006 0)
(-0.700592 20.0006 0)
(-0.700596 20.0006 0)
(-0.700601 20.0006 0)
(-0.700609 20.0006 0)
(-0.700622 20.0006 0)
(-0.700642 20.0005 0)
(-0.700673 20.0005 0)
(-0.700723 20.0004 0)
(-0.700804 20.0003 0)
(-0.700937 20.0001 0)
(-0.701162 20 0)
(-0.70156 19.9997 0)
(-0.702268 19.9996 0)
(-0.703614 19.9998 0)
(-0.705821 20.0007 0)
(-0.709477 20.002 0)
(-0.632568 19.7661 0)
(-0.66615 19.8307 0)
(-0.697575 19.8664 0)
(-0.717767 19.891 0)
(-0.726197 19.913 0)
(-0.732384 19.9317 0)
(-0.73615 19.9469 0)
(-0.739331 19.9589 0)
(-0.741752 19.9683 0)
(-0.74376 19.9757 0)
(-0.745355 19.9815 0)
(-0.746643 19.986 0)
(-0.747665 19.9896 0)
(-0.748474 19.9923 0)
(-0.749108 19.9944 0)
(-0.749601 19.996 0)
(-0.74998 19.9972 0)
(-0.75027 19.9981 0)
(-0.75049 19.9988 0)
(-0.750656 19.9993 0)
(-0.750779 19.9997 0)
(-0.75087 20 0)
(-0.750937 20.0002 0)
(-0.750986 20.0003 0)
(-0.751022 20.0004 0)
(-0.751047 20.0005 0)
(-0.751065 20.0005 0)
(-0.751078 20.0006 0)
(-0.751088 20.0006 0)
(-0.751094 20.0006 0)
(-0.751099 20.0006 0)
(-0.751102 20.0006 0)
(-0.751104 20.0006 0)
(-0.751105 20.0006 0)
(-0.751106 20.0006 0)
(-0.751107 20.0006 0)
(-0.751108 20.0006 0)
(-0.751108 20.0006 0)
(-0.751108 20.0006 0)
(-0.751109 20.0006 0)
(-0.751109 20.0006 0)
(-0.751109 20.0006 0)
(-0.751109 20.0006 0)
(-0.751109 20.0006 0)
(-0.751109 20.0006 0)
(-0.751109 20.0006 0)
(-0.751109 20.0006 0)
(-0.751109 20.0006 0)
(-0.751109 20.0006 0)
(-0.751109 20.0006 0)
(-0.751109 20.0006 0)
(-0.751109 20.0006 0)
(-0.751109 20.0006 0)
(-0.751109 20.0006 0)
(-0.751109 20.0006 0)
(-0.751109 20.0006 0)
(-0.751109 20.0006 0)
(-0.751109 20.0006 0)
(-0.751109 20.0006 0)
(-0.751109 20.0006 0)
(-0.751109 20.0006 0)
(-0.751109 20.0006 0)
(-0.751109 20.0006 0)
(-0.751109 20.0006 0)
(-0.751109 20.0006 0)
(-0.751109 20.0006 0)
(-0.751109 20.0006 0)
(-0.751109 20.0006 0)
(-0.751109 20.0006 0)
(-0.751109 20.0006 0)
(-0.751109 20.0006 0)
(-0.751109 20.0006 0)
(-0.751109 20.0006 0)
(-0.751109 20.0006 0)
(-0.751109 20.0006 0)
(-0.751109 20.0006 0)
(-0.751109 20.0006 0)
(-0.751109 20.0006 0)
(-0.751109 20.0006 0)
(-0.751109 20.0006 0)
(-0.75111 20.0006 0)
(-0.75111 20.0006 0)
(-0.751111 20.0006 0)
(-0.751112 20.0006 0)
(-0.751114 20.0006 0)
(-0.751117 20.0006 0)
(-0.751122 20.0006 0)
(-0.751129 20.0006 0)
(-0.75114 20.0006 0)
(-0.751158 20.0006 0)
(-0.751186 20.0005 0)
(-0.75123 20.0005 0)
(-0.7513 20.0004 0)
(-0.751416 20.0002 0)
(-0.751609 20.0001 0)
(-0.751947 19.9999 0)
(-0.752543 19.9999 0)
(-0.753663 20.0002 0)
(-0.755502 20.0015 0)
(-0.758456 20.0032 0)
(-0.681467 19.8132 0)
(-0.722124 19.868 0)
(-0.75111 19.8931 0)
(-0.770226 19.911 0)
(-0.777259 19.9284 0)
(-0.782799 19.9439 0)
(-0.786003 19.9564 0)
(-0.788774 19.9664 0)
(-0.790846 19.9741 0)
(-0.792573 19.9802 0)
(-0.793934 19.985 0)
(-0.795034 19.9887 0)
(-0.795902 19.9916 0)
(-0.796589 19.9939 0)
(-0.797124 19.9956 0)
(-0.797539 19.9969 0)
(-0.797857 19.9979 0)
(-0.7981 19.9986 0)
(-0.798282 19.9992 0)
(-0.798418 19.9996 0)
(-0.798519 19.9999 0)
(-0.798593 20.0001 0)
(-0.798648 20.0003 0)
(-0.798687 20.0004 0)
(-0.798715 20.0005 0)
(-0.798735 20.0005 0)
(-0.798749 20.0006 0)
(-0.798759 20.0006 0)
(-0.798766 20.0006 0)
(-0.798771 20.0006 0)
(-0.798774 20.0006 0)
(-0.798776 20.0006 0)
(-0.798778 20.0006 0)
(-0.798779 20.0007 0)
(-0.79878 20.0007 0)
(-0.79878 20.0007 0)
(-0.798781 20.0007 0)
(-0.798781 20.0007 0)
(-0.798781 20.0007 0)
(-0.798781 20.0007 0)
(-0.798781 20.0007 0)
(-0.798781 20.0007 0)
(-0.798781 20.0007 0)
(-0.798781 20.0007 0)
(-0.798781 20.0007 0)
(-0.798781 20.0007 0)
(-0.798781 20.0007 0)
(-0.798781 20.0007 0)
(-0.798781 20.0007 0)
(-0.798781 20.0007 0)
(-0.798781 20.0007 0)
(-0.798781 20.0007 0)
(-0.798781 20.0007 0)
(-0.798781 20.0007 0)
(-0.798781 20.0007 0)
(-0.798781 20.0007 0)
(-0.798781 20.0007 0)
(-0.798781 20.0007 0)
(-0.798781 20.0007 0)
(-0.798781 20.0007 0)
(-0.798781 20.0007 0)
(-0.798781 20.0007 0)
(-0.798781 20.0007 0)
(-0.798781 20.0007 0)
(-0.798781 20.0007 0)
(-0.798781 20.0007 0)
(-0.798781 20.0007 0)
(-0.798781 20.0007 0)
(-0.798781 20.0007 0)
(-0.798781 20.0007 0)
(-0.798781 20.0007 0)
(-0.798781 20.0007 0)
(-0.798781 20.0007 0)
(-0.798781 20.0007 0)
(-0.798781 20.0007 0)
(-0.798781 20.0007 0)
(-0.798782 20.0007 0)
(-0.798782 20.0007 0)
(-0.798782 20.0007 0)
(-0.798782 20.0007 0)
(-0.798782 20.0007 0)
(-0.798782 20.0007 0)
(-0.798783 20.0007 0)
(-0.798784 20.0007 0)
(-0.798786 20.0006 0)
(-0.798788 20.0006 0)
(-0.798792 20.0006 0)
(-0.798798 20.0006 0)
(-0.798807 20.0006 0)
(-0.798822 20.0006 0)
(-0.798846 20.0006 0)
(-0.798882 20.0005 0)
(-0.798941 20.0004 0)
(-0.799037 20.0003 0)
(-0.799194 20.0002 0)
(-0.799466 20.0001 0)
(-0.799942 20.0002 0)
(-0.800809 20.0006 0)
(-0.802212 20.002 0)
(-0.804218 20.0039 0)
(-0.726908 19.8691 0)
(-0.774748 19.9063 0)
(-0.798086 19.9196 0)
(-0.815313 19.9312 0)
(-0.820592 19.9442 0)
(-0.825325 19.9564 0)
(-0.827838 19.9662 0)
(-0.830096 19.9741 0)
(-0.83173 19.9802 0)
(-0.833104 19.9849 0)
(-0.834174 19.9886 0)
(-0.835039 19.9915 0)
(-0.835717 19.9938 0)
(-0.836251 19.9955 0)
(-0.836666 19.9969 0)
(-0.836985 19.9979 0)
(-0.837227 19.9987 0)
(-0.83741 19.9992 0)
(-0.837547 19.9997 0)
(-0.837648 20 0)
(-0.837722 20.0002 0)
(-0.837775 20.0004 0)
(-0.837814 20.0005 0)
(-0.837841 20.0006 0)
(-0.83786 20.0007 0)
(-0.837874 20.0007 0)
(-0.837883 20.0007 0)
(-0.83789 20.0007 0)
(-0.837894 20.0008 0)
(-0.837897 20.0008 0)
(-0.837899 20.0008 0)
(-0.8379 20.0008 0)
(-0.837901 20.0008 0)
(-0.837902 20.0008 0)
(-0.837902 20.0008 0)
(-0.837902 20.0008 0)
(-0.837902 20.0008 0)
(-0.837903 20.0008 0)
(-0.837903 20.0008 0)
(-0.837903 20.0008 0)
(-0.837903 20.0008 0)
(-0.837903 20.0008 0)
(-0.837903 20.0008 0)
(-0.837903 20.0008 0)
(-0.837903 20.0008 0)
(-0.837903 20.0008 0)
(-0.837903 20.0008 0)
(-0.837903 20.0008 0)
(-0.837903 20.0008 0)
(-0.837903 20.0008 0)
(-0.837903 20.0008 0)
(-0.837903 20.0008 0)
(-0.837903 20.0008 0)
(-0.837903 20.0008 0)
(-0.837903 20.0008 0)
(-0.837903 20.0008 0)
(-0.837903 20.0008 0)
(-0.837903 20.0008 0)
(-0.837903 20.0008 0)
(-0.837903 20.0008 0)
(-0.837903 20.0008 0)
(-0.837903 20.0008 0)
(-0.837903 20.0008 0)
(-0.837903 20.0008 0)
(-0.837903 20.0008 0)
(-0.837903 20.0008 0)
(-0.837903 20.0008 0)
(-0.837903 20.0008 0)
(-0.837903 20.0008 0)
(-0.837903 20.0008 0)
(-0.837903 20.0008 0)
(-0.837903 20.0008 0)
(-0.837903 20.0008 0)
(-0.837903 20.0008 0)
(-0.837903 20.0008 0)
(-0.837903 20.0008 0)
(-0.837903 20.0008 0)
(-0.837903 20.0008 0)
(-0.837903 20.0008 0)
(-0.837903 20.0008 0)
(-0.837903 20.0008 0)
(-0.837903 20.0008 0)
(-0.837904 20.0008 0)
(-0.837905 20.0008 0)
(-0.837906 20.0008 0)
(-0.837908 20.0008 0)
(-0.837911 20.0008 0)
(-0.837915 20.0008 0)
(-0.837922 20.0008 0)
(-0.837934 20.0007 0)
(-0.837952 20.0007 0)
(-0.83798 20.0007 0)
(-0.838025 20.0006 0)
(-0.838099 20.0005 0)
(-0.838219 20.0005 0)
(-0.838422 20.0004 0)
(-0.838774 20.0005 0)
(-0.839379 20.001 0)
(-0.84031 20.0024 0)
(-0.84116 20.0043 0)
(-0.755203 19.9351 0)
(-0.807989 19.9434 0)
(-0.821253 19.9453 0)
(-0.835731 19.9517 0)
(-0.839001 19.9605 0)
(-0.842787 19.9693 0)
(-0.844494 19.9764 0)
(-0.84614 19.982 0)
(-0.847257 19.9864 0)
(-0.848213 19.9898 0)
(-0.848941 19.9925 0)
(-0.84953 19.9945 0)
(-0.849986 19.9961 0)
(-0.850343 19.9974 0)
(-0.850616 19.9983 0)
(-0.850823 19.9991 0)
(-0.850978 19.9996 0)
(-0.851093 20 0)
(-0.851177 20.0003 0)
(-0.851238 20.0006 0)
(-0.85128 20.0007 0)
(-0.851311 20.0008 0)
(-0.851331 20.0009 0)
(-0.851345 20.001 0)
(-0.851355 20.001 0)
(-0.851361 20.0011 0)
(-0.851365 20.0011 0)
(-0.851367 20.0011 0)
(-0.851369 20.0011 0)
(-0.85137 20.0011 0)
(-0.85137 20.0011 0)
(-0.851371 20.0011 0)
(-0.851371 20.0011 0)
(-0.851371 20.0011 0)
(-0.851371 20.0011 0)
(-0.851371 20.0011 0)
(-0.851371 20.0011 0)
(-0.851371 20.0011 0)
(-0.851371 20.0011 0)
(-0.851371 20.0011 0)
(-0.851371 20.0011 0)
(-0.851371 20.0011 0)
(-0.851371 20.0011 0)
(-0.851371 20.0011 0)
(-0.851371 20.0011 0)
(-0.851371 20.0011 0)
(-0.851371 20.0011 0)
(-0.851371 20.0011 0)
(-0.851371 20.0011 0)
(-0.851371 20.0011 0)
(-0.851371 20.0011 0)
(-0.851371 20.0011 0)
(-0.851371 20.0011 0)
(-0.851371 20.0011 0)
(-0.851371 20.0011 0)
(-0.851371 20.0011 0)
(-0.851371 20.0011 0)
(-0.851371 20.0011 0)
(-0.851371 20.0011 0)
(-0.851371 20.0011 0)
(-0.851371 20.0011 0)
(-0.851371 20.0011 0)
(-0.851371 20.0011 0)
(-0.851371 20.0011 0)
(-0.851371 20.0011 0)
(-0.851371 20.0011 0)
(-0.851371 20.0011 0)
(-0.851371 20.0011 0)
(-0.851371 20.0011 0)
(-0.851371 20.0011 0)
(-0.851371 20.0011 0)
(-0.851371 20.0011 0)
(-0.851371 20.0011 0)
(-0.851371 20.0011 0)
(-0.851371 20.0011 0)
(-0.851371 20.0011 0)
(-0.851371 20.0011 0)
(-0.851371 20.0011 0)
(-0.851371 20.0011 0)
(-0.851371 20.0011 0)
(-0.851371 20.0011 0)
(-0.851371 20.0011 0)
(-0.851371 20.0011 0)
(-0.851372 20.0011 0)
(-0.851373 20.0011 0)
(-0.851374 20.0011 0)
(-0.851375 20.0011 0)
(-0.851378 20.0011 0)
(-0.851383 20.0011 0)
(-0.851391 20.0011 0)
(-0.851403 20.0011 0)
(-0.851422 20.001 0)
(-0.851452 20.001 0)
(-0.851502 20.0009 0)
(-0.851585 20.0009 0)
(-0.851721 20.0008 0)
(-0.851955 20.0009 0)
(-0.852309 20.0014 0)
(-0.852784 20.0026 0)
(-0.852461 20.0042 0)
(-0.720701 20.0024 0)
(-0.770277 19.9753 0)
(-0.768888 19.969 0)
(-0.779703 19.9717 0)
(-0.78094 19.9767 0)
(-0.783625 19.9821 0)
(-0.784457 19.9864 0)
(-0.785414 19.9898 0)
(-0.785964 19.9924 0)
(-0.786462 19.9944 0)
(-0.78682 19.996 0)
(-0.787111 19.9973 0)
(-0.787328 19.9982 0)
(-0.787495 19.999 0)
(-0.787618 19.9995 0)
(-0.787708 20 0)
(-0.787772 20.0003 0)
(-0.787816 20.0005 0)
(-0.787846 20.0007 0)
(-0.787865 20.0009 0)
(-0.787876 20.001 0)
(-0.787883 20.001 0)
(-0.787886 20.0011 0)
(-0.787887 20.0011 0)
(-0.787887 20.0011 0)
(-0.787887 20.0011 0)
(-0.787885 20.0012 0)
(-0.787884 20.0012 0)
(-0.787883 20.0012 0)
(-0.787882 20.0012 0)
(-0.787881 20.0012 0)
(-0.787881 20.0012 0)
(-0.78788 20.0012 0)
(-0.78788 20.0012 0)
(-0.78788 20.0012 0)
(-0.787879 20.0012 0)
(-0.787879 20.0012 0)
(-0.787879 20.0012 0)
(-0.787879 20.0012 0)
(-0.787879 20.0012 0)
(-0.787879 20.0012 0)
(-0.787879 20.0012 0)
(-0.787879 20.0012 0)
(-0.787879 20.0012 0)
(-0.787879 20.0012 0)
(-0.787879 20.0012 0)
(-0.787879 20.0012 0)
(-0.787879 20.0012 0)
(-0.787879 20.0012 0)
(-0.787879 20.0012 0)
(-0.787879 20.0012 0)
(-0.787879 20.0012 0)
(-0.787879 20.0012 0)
(-0.787879 20.0012 0)
(-0.787879 20.0012 0)
(-0.787879 20.0012 0)
(-0.787879 20.0012 0)
(-0.787879 20.0012 0)
(-0.787879 20.0012 0)
(-0.787879 20.0012 0)
(-0.787879 20.0012 0)
(-0.787879 20.0012 0)
(-0.787879 20.0012 0)
(-0.787879 20.0012 0)
(-0.787879 20.0012 0)
(-0.787879 20.0012 0)
(-0.787879 20.0012 0)
(-0.787879 20.0012 0)
(-0.787879 20.0012 0)
(-0.787879 20.0012 0)
(-0.787879 20.0012 0)
(-0.787879 20.0012 0)
(-0.787879 20.0012 0)
(-0.787879 20.0012 0)
(-0.787879 20.0012 0)
(-0.787879 20.0012 0)
(-0.787879 20.0012 0)
(-0.787879 20.0012 0)
(-0.787879 20.0012 0)
(-0.787879 20.0012 0)
(-0.787879 20.0012 0)
(-0.787879 20.0012 0)
(-0.787879 20.0012 0)
(-0.787879 20.0012 0)
(-0.787879 20.0012 0)
(-0.78788 20.0012 0)
(-0.78788 20.0012 0)
(-0.787882 20.0012 0)
(-0.787884 20.0012 0)
(-0.787887 20.0012 0)
(-0.787893 20.0012 0)
(-0.787902 20.0011 0)
(-0.787918 20.0011 0)
(-0.787945 20.0011 0)
(-0.78799 20.001 0)
(-0.788064 20.001 0)
(-0.788193 20.0011 0)
(-0.788336 20.0014 0)
(-0.788456 20.0022 0)
(-0.7874 20.0032 0)
(-0.47366 20.031 0)
(-0.499806 19.9956 0)
(-0.486494 19.9897 0)
(-0.49214 19.9903 0)
(-0.491846 19.9918 0)
(-0.493108 19.9936 0)
(-0.493154 19.9951 0)
(-0.493411 19.9962 0)
(-0.493454 19.9971 0)
(-0.493531 19.9978 0)
(-0.493561 19.9983 0)
(-0.493589 19.9987 0)
(-0.493602 19.999 0)
(-0.493608 19.9993 0)
(-0.493606 19.9995 0)
(-0.493601 19.9996 0)
(-0.493593 19.9997 0)
(-0.493583 19.9998 0)
(-0.493572 19.9998 0)
(-0.493562 19.9999 0)
(-0.493553 19.9999 0)
(-0.493544 19.9999 0)
(-0.493537 20 0)
(-0.493531 20 0)
(-0.493525 20 0)
(-0.493521 20 0)
(-0.493518 20 0)
(-0.493515 20 0)
(-0.493513 20 0)
(-0.493511 20 0)
(-0.49351 20 0)
(-0.493509 20 0)
(-0.493508 20 0)
(-0.493508 20 0)
(-0.493507 20 0)
(-0.493507 20 0)
(-0.493507 20 0)
(-0.493507 20 0)
(-0.493507 20 0)
(-0.493507 20 0)
(-0.493507 20 0)
(-0.493506 20 0)
(-0.493506 20 0)
(-0.493506 20 0)
(-0.493506 20 0)
(-0.493506 20 0)
(-0.493506 20 0)
(-0.493506 20 0)
(-0.493506 20 0)
(-0.493506 20 0)
(-0.493506 20 0)
(-0.493506 20 0)
(-0.493506 20 0)
(-0.493506 20 0)
(-0.493506 20 0)
(-0.493506 20 0)
(-0.493506 20 0)
(-0.493506 20 0)
(-0.493506 20 0)
(-0.493506 20 0)
(-0.493506 20 0)
(-0.493506 20 0)
(-0.493506 20 0)
(-0.493506 20 0)
(-0.493506 20 0)
(-0.493506 20 0)
(-0.493506 20 0)
(-0.493506 20 0)
(-0.493506 20 0)
(-0.493506 20 0)
(-0.493506 20 0)
(-0.493506 20 0)
(-0.493506 20 0)
(-0.493506 20 0)
(-0.493506 20 0)
(-0.493506 20 0)
(-0.493506 20 0)
(-0.493506 20 0)
(-0.493506 20 0)
(-0.493506 20 0)
(-0.493506 20 0)
(-0.493506 20 0)
(-0.493506 20 0)
(-0.493506 20 0)
(-0.493506 20 0)
(-0.493506 20 0)
(-0.493506 20 0)
(-0.493506 20 0)
(-0.493506 20 0)
(-0.493506 20 0)
(-0.493506 20 0)
(-0.493507 20 0)
(-0.49351 20 0)
(-0.493516 20 0)
(-0.493527 20 0)
(-0.493548 19.9999 0)
(-0.49359 20 0)
(-0.493595 20.0001 0)
(-0.493551 20.0004 0)
(-0.492788 20.0007 0)
)
;

boundaryField
{
    inlet
    {
        type            zeroGradient;
    }
    outlet
    {
        type            zeroGradient;
    }
    lowerWall
    {
        type            fixedValue;
        value           uniform (0 20 0);
    }
    upperWall
    {
        type            fixedValue;
        value           uniform (0 20 0);
    }
    frontAndBack
    {
        type            empty;
    }
}


// ************************************************************************* //
