/*--------------------------------*- C++ -*----------------------------------*\
| =========                 |                                                 |
| \\      /  F ield         | OpenFOAM: The Open Source CFD Toolbox           |
|  \\    /   O peration     | Version:  2.3.0                                 |
|   \\  /    A nd           | Web:      www.OpenFOAM.org                      |
|    \\/     M anipulation  |                                                 |
\*---------------------------------------------------------------------------*/
FoamFile
{
    version     2.0;
    format      ascii;
    class       surfaceScalarField;
    location    "1";
    object      phi;
}
// * * * * * * * * * * * * * * * * * * * * * * * * * * * * * * * * * * * * * //

dimensions      [0 3 -1 0 0 0 0];

internalField   nonuniform List<scalar> 
7860
(
0.00283446
0.00216554
0.00262141
0.000213046
0.00260904
1.23683e-05
0.00260651
2.53105e-06
0.0026092
-2.68425e-06
0.00260789
1.30456e-06
0.00260676
1.13355e-06
0.00260515
1.60931e-06
0.00260388
1.26716e-06
0.00260275
1.13542e-06
0.00260183
9.19517e-07
0.00260105
7.80188e-07
0.0026004
6.47626e-07
0.00259986
5.45263e-07
0.0025994
4.56593e-07
0.00259902
3.81647e-07
0.0025987
3.17802e-07
0.00259844
2.62966e-07
0.00259822
2.15607e-07
0.00259805
1.75442e-07
0.00259791
1.42224e-07
0.00259779
1.14205e-07
0.0025977
9.07182e-08
0.00259763
7.07746e-08
0.00259757
5.54512e-08
0.00259753
4.28912e-08
0.0025975
3.25668e-08
0.00259747
2.45679e-08
0.00259746
1.87788e-08
0.00259744
1.39611e-08
0.00259743
1.04469e-08
0.00259742
7.33828e-09
0.00259742
5.45929e-09
0.00259741
4.33327e-09
0.00259741
3.40494e-09
0.00259741
2.08573e-09
0.00259741
1.45528e-09
0.00259741
1.04225e-09
0.0025974
1.00351e-09
0.0025974
7.79637e-10
0.0025974
9.44845e-10
0.0025974
2.78699e-10
0.0025974
1.9953e-11
0.0025974
-1.78193e-10
0.0025974
3.94526e-10
0.0025974
3.67238e-10
0.0025974
1.22311e-10
0.0025974
-3.18924e-10
0.0025974
-1.672e-10
0.0025974
-8.11866e-12
0.0025974
3.45526e-10
0.0025974
2.98845e-11
0.0025974
-1.16501e-10
0.0025974
-2.2448e-10
0.0025974
7.22681e-11
0.0025974
1.18636e-10
0.0025974
1.61993e-10
0.0025974
-1.5291e-10
0.0025974
7.47437e-11
0.0025974
-2.95945e-11
0.0025974
1.27201e-10
0.0025974
-9.92847e-11
0.0025974
5.34099e-11
0.0025974
3.61167e-12
0.0025974
1.51543e-10
0.0025974
-2.90026e-11
0.0025974
1.36874e-10
0.0025974
-1.20488e-11
0.0025974
1.55421e-10
0.0025974
1.62459e-10
0.0025974
2.69803e-10
0.0025974
1.41887e-10
0.0025974
1.51764e-10
0.0025974
2.21095e-11
0.0025974
2.86664e-10
0.0025974
1.98403e-10
0.0025974
1.76213e-10
0.0025974
1.25215e-10
0.0025974
3.60697e-10
0.0025974
4.11192e-10
0.0025974
6.9322e-10
0.0025974
7.67586e-10
0.0025974
1.19651e-09
0.0025974
1.74486e-09
0.00259739
2.54006e-09
0.00259739
3.43455e-09
0.00259739
5.04588e-09
0.00259738
7.1986e-09
0.00259737
1.02529e-08
0.00259735
1.42856e-08
0.00259733
1.98738e-08
0.00259731
2.64711e-08
0.00259727
3.39879e-08
0.00259724
3.78456e-08
0.0025972
3.3679e-08
0.00259718
2.28751e-08
0.00259708
1.01947e-07
0.00259638
6.96672e-07
0.00259378
2.604e-06
-1.18893e-06
0.0045679
0.00259764
0.00437567
0.00040528
0.00434684
4.11979e-05
0.00434304
6.32681e-06
0.00434602
-5.65706e-06
0.00434445
2.87057e-06
0.00434278
2.80028e-06
0.00434053
3.86483e-06
0.00433868
3.11875e-06
0.00433703
2.78528e-06
0.00433567
2.27253e-06
0.00433452
1.92833e-06
0.00433356
1.60695e-06
0.00433275
1.35636e-06
0.00433207
1.13888e-06
0.0043315
9.54317e-07
0.00433102
7.9646e-07
0.00433062
6.6121e-07
0.00433029
5.45196e-07
0.00433002
4.45446e-07
0.0043298
3.62119e-07
0.00432962
2.91279e-07
0.00432948
2.32408e-07
0.00432937
1.82768e-07
0.00432928
1.43504e-07
0.00432921
1.11286e-07
0.00432916
8.53338e-08
0.00432912
6.4555e-08
0.00432909
4.94665e-08
0.00432907
3.69433e-08
0.00432905
2.79825e-08
0.00432904
2.00828e-08
0.00432903
1.4824e-08
0.00432902
1.0983e-08
0.00432902
8.58697e-09
0.00432901
5.45666e-09
0.00432901
4.00357e-09
0.00432901
2.78396e-09
0.00432901
2.5331e-09
0.00432901
1.51894e-09
0.00432901
1.66768e-09
0.004329
8.05205e-10
0.004329
7.83048e-10
0.004329
1.10616e-10
0.004329
5.79923e-10
0.004329
3.88253e-10
0.004329
5.35897e-10
0.004329
-7.77639e-11
0.004329
1.15445e-10
0.004329
-1.26346e-10
0.004329
4.29005e-10
0.004329
1.13509e-11
0.004329
9.81089e-11
0.004329
-2.14627e-10
0.004329
1.84317e-10
0.004329
-3.88905e-12
0.004329
2.30583e-10
0.004329
-2.61582e-10
0.004329
1.1339e-10
0.004329
-1.71591e-10
0.004329
1.18466e-10
0.004329
-2.81048e-10
0.004329
-1.78252e-11
0.004329
-1.91694e-10
0.004329
1.26315e-10
0.00432901
-2.11798e-10
0.00432901
1.57795e-10
0.00432901
-1.19225e-11
0.00432901
3.12553e-10
0.004329
1.76322e-10
0.004329
4.42379e-10
0.004329
2.57934e-10
0.004329
4.29312e-10
0.004329
8.18956e-11
0.004329
4.183e-10
0.004329
2.49661e-10
0.004329
3.67043e-10
0.004329
2.71688e-10
0.004329
7.39588e-10
0.004329
8.65848e-10
0.004329
1.55728e-09
0.004329
1.95938e-09
0.004329
3.00333e-09
0.004329
4.28261e-09
0.00432899
6.36482e-09
0.00432899
8.79301e-09
0.00432898
1.275e-08
0.00432897
1.80975e-08
0.00432895
2.58032e-08
0.00432893
3.59773e-08
0.0043289
5.00244e-08
0.00432886
6.68929e-08
0.00432881
8.69465e-08
0.00432874
1.00766e-07
0.00432867
1.05469e-07
0.00432858
1.11875e-07
0.00432826
4.18058e-07
0.00432693
2.02954e-06
0.00432235
7.18567e-06
7.91295e-06
0.00507231
0.00252533
0.00495575
0.000521843
0.00492305
7.38936e-05
0.00492078
8.59961e-06
0.00492259
-7.47102e-06
0.00492142
4.04185e-06
0.00491972
4.49836e-06
0.00491761
5.97682e-06
0.0049158
4.93147e-06
0.0049142
4.38181e-06
0.00491287
3.59897e-06
0.00491175
3.05341e-06
0.0049108
2.55217e-06
0.00491
2.1569e-06
0.00490933
1.81569e-06
0.00490875
1.52545e-06
0.00490827
1.27611e-06
0.00490787
1.06237e-06
0.00490754
8.79269e-07
0.00490726
7.20722e-07
0.00490704
5.87231e-07
0.00490686
4.73654e-07
0.00490671
3.79416e-07
0.00490659
2.9973e-07
0.0049065
2.35504e-07
0.00490643
1.83111e-07
0.00490638
1.41273e-07
0.00490633
1.07304e-07
0.0049063
8.22159e-08
0.00490628
6.15648e-08
0.00490626
4.68478e-08
0.00490624
3.4077e-08
0.00490623
2.49716e-08
0.00490623
1.80905e-08
0.00490622
1.42441e-08
0.00490622
9.4683e-09
0.00490621
6.81241e-09
0.00490621
4.50099e-09
0.00490621
4.12379e-09
0.00490621
2.71375e-09
0.00490621
2.69009e-09
0.00490621
1.46346e-09
0.00490621
1.44085e-09
0.0049062
4.96737e-10
0.0049062
9.15199e-10
0.0049062
5.62362e-10
0.0049062
9.69027e-10
0.0049062
2.07081e-10
0.0049062
3.42784e-10
0.0049062
-2.37889e-10
0.0049062
4.70161e-10
0.0049062
1.75212e-11
0.0049062
2.21411e-10
0.00490621
-2.88279e-10
0.00490621
1.76124e-10
0.00490621
-1.47743e-10
0.00490621
2.63941e-10
0.00490621
-3.59553e-10
0.00490621
5.49471e-11
0.00490621
-2.64113e-10
0.00490621
1.67278e-10
0.00490621
-3.44482e-10
0.00490621
-9.55609e-11
0.00490621
-3.83607e-10
0.00490621
1.22368e-10
0.00490621
-2.62182e-10
0.00490621
1.56857e-10
0.00490621
-1.75419e-11
0.00490621
4.92609e-10
0.00490621
3.2488e-10
0.00490621
7.14988e-10
0.00490621
4.57114e-10
0.0049062
7.61323e-10
0.0049062
3.0616e-10
0.0049062
6.49491e-10
0.0049062
4.16891e-10
0.0049062
6.38927e-10
0.0049062
5.4427e-10
0.0049062
1.21158e-09
0.0049062
1.46594e-09
0.0049062
2.50735e-09
0.0049062
3.31666e-09
0.0049062
4.97823e-09
0.0049062
7.00495e-09
0.00490619
1.03518e-08
0.00490619
1.43873e-08
0.00490618
2.06623e-08
0.00490617
2.92222e-08
0.00490615
4.15792e-08
0.00490613
5.79359e-08
0.0049061
8.05245e-08
0.00490606
1.08176e-07
0.004906
1.42593e-07
0.00490593
1.71265e-07
0.00490583
2.01912e-07
0.00490569
2.57689e-07
0.00490521
8.92501e-07
0.00490359
3.64996e-06
0.00489775
1.30298e-05
2.2743e-05
0.00521017
0.00231516
0.00513985
0.000592165
0.00511276
0.000100985
0.00511162
9.73744e-06
0.0051127
-8.55483e-06
0.00511186
4.88057e-06
0.00511038
5.98023e-06
0.00510861
7.74754e-06
0.00510705
6.49296e-06
0.00510568
5.75255e-06
0.00510453
4.74839e-06
0.00510355
4.03021e-06
0.00510273
3.37717e-06
0.00510202
2.858e-06
0.00510143
2.41205e-06
0.00510092
2.03041e-06
0.0051005
1.7029e-06
0.00510014
1.42124e-06
0.00509984
1.17979e-06
0.00509959
9.7001e-07
0.00509938
7.922e-07
0.00509922
6.40639e-07
0.00509908
5.14803e-07
0.00509897
4.08187e-07
0.00509889
3.21241e-07
0.00509882
2.50363e-07
0.00509877
1.93975e-07
0.00509873
1.47901e-07
0.0050987
1.13369e-07
0.00509867
8.5089e-08
0.00509866
6.4863e-08
0.00509864
4.77191e-08
0.00509863
3.50123e-08
0.00509862
2.50489e-08
0.00509862
1.95662e-08
0.00509862
1.3457e-08
0.00509861
9.74638e-09
0.00509861
6.33259e-09
0.00509861
5.62427e-09
0.00509861
3.95757e-09
0.00509861
3.8249e-09
0.00509861
2.23319e-09
0.00509861
2.04033e-09
0.0050986
8.72644e-10
0.0050986
1.2966e-09
0.0050986
8.23784e-10
0.0050986
1.34392e-09
0.0050986
4.29104e-10
0.0050986
5.00231e-10
0.0050986
-3.22726e-10
0.0050986
4.56812e-10
0.0050986
-1.37178e-11
0.00509861
2.4801e-10
0.00509861
-3.92954e-10
0.00509861
1.30206e-10
0.00509861
-2.59839e-10
0.00509861
2.96598e-10
0.00509861
-4.07249e-10
0.00509861
1.61698e-11
0.00509861
-3.02793e-10
0.00509861
2.7218e-10
0.00509861
-3.1842e-10
0.00509861
-1.26376e-10
0.00509861
-5.64705e-10
0.00509861
9.15918e-11
0.00509861
-2.51461e-10
0.00509861
2.04991e-10
0.00509861
-1.88983e-12
0.00509861
6.70489e-10
0.00509861
5.55272e-10
0.00509861
1.08133e-09
0.00509861
7.67208e-10
0.0050986
1.13481e-09
0.0050986
6.08204e-10
0.0050986
9.68348e-10
0.0050986
6.90825e-10
0.0050986
9.52267e-10
0.0050986
8.32214e-10
0.0050986
1.6722e-09
0.0050986
2.10391e-09
0.0050986
3.44859e-09
0.0050986
4.62596e-09
0.0050986
6.84888e-09
0.0050986
9.57683e-09
0.00509859
1.40669e-08
0.00509859
1.95726e-08
0.00509858
2.78926e-08
0.00509857
3.92907e-08
0.00509856
5.57843e-08
0.00509854
7.76946e-08
0.00509851
1.08021e-07
0.00509847
1.45823e-07
0.00509842
1.95176e-07
0.00509835
2.427e-07
0.00509823
3.13481e-07
0.00509805
4.42836e-07
0.00509748
1.46035e-06
0.00509583
5.30347e-06
0.00508956
1.92947e-05
3.78197e-05
0.00523351
0.00208165
0.00519441
0.000631264
0.00517374
0.00012165
0.00517343
1.00558e-05
0.00517406
-9.18451e-06
0.00517353
5.40154e-06
0.00517234
7.17127e-06
0.00517096
9.13604e-06
0.0051697
7.74356e-06
0.0051686
6.85215e-06
0.00516767
5.67809e-06
0.00516688
4.82371e-06
0.00516621
4.05133e-06
0.00516563
3.43317e-06
0.00516514
2.9018e-06
0.00516472
2.44958e-06
0.00516437
2.05951e-06
0.00516406
1.72288e-06
0.00516381
1.43389e-06
0.0051636
1.18237e-06
0.00516342
9.67937e-07
0.00516328
7.84532e-07
0.00516316
6.3201e-07
0.00516307
5.02751e-07
0.00516299
3.96699e-07
0.00516293
3.09829e-07
0.00516289
2.4072e-07
0.00516285
1.84144e-07
0.00516282
1.41306e-07
0.0051628
1.06337e-07
0.00516279
8.11602e-08
0.00516277
6.01642e-08
0.00516276
4.43165e-08
0.00516276
3.14548e-08
0.00516275
2.42884e-08
0.00516275
1.70794e-08
0.00516275
1.25756e-08
0.00516274
8.20449e-09
0.00516274
6.99924e-09
0.00516274
5.02538e-09
0.00516274
4.83715e-09
0.00516274
2.99874e-09
0.00516274
2.66513e-09
0.00516274
1.30314e-09
0.00516274
1.64878e-09
0.00516274
1.03089e-09
0.00516274
1.65674e-09
0.00516274
6.45704e-10
0.00516274
6.59035e-10
0.00516274
-3.85694e-10
0.00516274
3.74199e-10
0.00516274
-1.03935e-10
0.00516274
2.26326e-10
0.00516274
-5.04243e-10
0.00516274
6.2808e-11
0.00516274
-3.73469e-10
0.00516274
3.04931e-10
0.00516274
-4.06851e-10
0.00516274
4.30669e-11
0.00516274
-3.11652e-10
0.00516274
3.71325e-10
0.00516274
-2.57804e-10
0.00516274
-1.1669e-10
0.00516274
-7.25611e-10
0.00516274
1.14784e-11
0.00516274
-2.82513e-10
0.00516274
2.53745e-10
0.00516274
3.33608e-11
0.00516274
8.32661e-10
0.00516274
7.72843e-10
0.00516274
1.42836e-09
0.00516274
1.10725e-09
0.00516274
1.5316e-09
0.00516274
9.29792e-10
0.00516274
1.27943e-09
0.00516274
9.55281e-10
0.00516274
1.24204e-09
0.00516274
1.09256e-09
0.00516274
2.05397e-09
0.00516274
2.65458e-09
0.00516273
4.27225e-09
0.00516273
5.7843e-09
0.00516273
8.49942e-09
0.00516273
1.18243e-08
0.00516273
1.7282e-08
0.00516272
2.40601e-08
0.00516272
3.40915e-08
0.00516271
4.78303e-08
0.0051627
6.77589e-08
0.00516268
9.43642e-08
0.00516265
1.31378e-07
0.00516262
1.7833e-07
0.00516257
2.42438e-07
0.00516251
3.11515e-07
0.00516239
4.31923e-07
0.00516218
6.50124e-07
0.0051616
2.04459e-06
0.00516003
6.87034e-06
0.00515414
2.51791e-05
5.09514e-05
0.00522276
0.00185889
0.00520674
0.000647288
0.00519201
0.000136376
0.00519225
9.8241e-06
0.0051926
-9.54033e-06
0.00519236
5.64514e-06
0.00519147
8.0559e-06
0.00519047
1.01439e-05
0.00518953
8.67828e-06
0.00518871
7.67568e-06
0.005188
6.38254e-06
0.0051874
5.42839e-06
0.00518688
4.56923e-06
0.00518644
3.87749e-06
0.00518605
3.28309e-06
0.00518573
2.77792e-06
0.00518544
2.34117e-06
0.0051852
1.96289e-06
0.005185
1.63746e-06
0.00518483
1.35384e-06
0.00518469
1.11091e-06
0.00518457
9.02356e-07
0.00518447
7.28531e-07
0.0051844
5.81302e-07
0.00518433
4.59524e-07
0.00518428
3.59489e-07
0.00518424
2.80122e-07
0.00518421
2.14919e-07
0.00518419
1.65155e-07
0.00518417
1.24597e-07
0.00518416
9.51677e-08
0.00518415
7.08872e-08
0.00518414
5.24452e-08
0.00518413
3.71023e-08
0.00518413
2.83471e-08
0.00518412
2.0172e-08
0.00518412
1.50927e-08
0.00518412
9.95664e-09
0.00518412
8.2291e-09
0.00518412
5.93764e-09
0.00518412
5.724e-09
0.00518412
3.72837e-09
0.00518412
3.25649e-09
0.00518412
1.74547e-09
0.00518412
1.99157e-09
0.00518412
1.21548e-09
0.00518412
1.91517e-09
0.00518412
8.41552e-10
0.00518412
7.87619e-10
0.00518412
-4.43106e-10
0.00518412
2.67692e-10
0.00518412
-2.00867e-10
0.00518412
1.75606e-10
0.00518412
-6.53323e-10
0.00518412
-5.59539e-11
0.00518412
-4.80718e-10
0.00518412
3.17558e-10
0.00518412
-3.66179e-10
0.00518412
1.05995e-10
0.00518412
-3.06378e-10
0.00518412
4.51578e-10
0.00518412
-1.742e-10
0.00518412
-6.68537e-11
0.00518412
-8.5145e-10
0.00518412
-9.04465e-11
0.00518412
-3.28779e-10
0.00518412
3.13787e-10
0.00518412
1.01351e-10
0.00518412
9.90505e-10
0.00518412
9.85282e-10
0.00518412
1.76147e-09
0.00518412
1.46978e-09
0.00518412
1.94453e-09
0.00518412
1.26626e-09
0.00518411
1.57679e-09
0.00518411
1.21396e-09
0.00518411
1.52077e-09
0.00518411
1.33708e-09
0.00518411
2.3615e-09
0.00518411
3.10468e-09
0.00518411
4.95891e-09
0.00518411
6.76168e-09
0.00518411
9.88819e-09
0.00518411
1.36875e-08
0.00518411
1.99046e-08
0.0051841
2.77226e-08
0.0051841
3.91005e-08
0.00518409
5.4672e-08
0.00518408
7.72891e-08
0.00518407
1.07657e-07
0.00518405
1.50215e-07
0.00518402
2.05143e-07
0.00518398
2.8327e-07
0.00518392
3.74382e-07
0.0051838
5.49307e-07
0.00518359
8.60761e-07
0.00518302
2.61506e-06
0.00518164
8.24937e-06
0.00517659
3.02245e-05
6.15847e-05
0.00520407
0.00165482
0.00520563
0.000645731
0.00519623
0.000145771
0.00519682
9.2359e-06
0.005197
-9.71707e-06
0.00519699
5.65294e-06
0.0051964
8.6431e-06
0.00519575
1.07955e-05
0.00519512
9.30989e-06
0.00519456
8.23458e-06
0.00519408
6.8688e-06
0.00519365
5.84957e-06
0.00519329
4.93434e-06
0.00519297
4.19345e-06
0.0051927
3.55701e-06
0.00519246
3.01584e-06
0.00519226
2.54725e-06
0.00519208
2.14021e-06
0.00519193
1.78917e-06
0.0051918
1.48281e-06
0.00519169
1.21944e-06
0.0051916
9.92507e-07
0.00519153
8.028e-07
0.00519147
6.42236e-07
0.00519142
5.08765e-07
0.00519138
3.98626e-07
0.00519135
3.11284e-07
0.00519132
2.39515e-07
0.0051913
1.84331e-07
0.00519129
1.39363e-07
0.00519128
1.06456e-07
0.00519127
7.95787e-08
0.00519126
5.915e-08
0.00519126
4.18909e-08
0.00519125
3.16183e-08
0.00519125
2.26473e-08
0.00519125
1.71529e-08
0.00519125
1.14933e-08
0.00519124
9.29863e-09
0.00519124
6.69722e-09
0.00519124
6.4274e-09
0.00519124
4.36171e-09
0.00519124
3.77246e-09
0.00519124
2.19323e-09
0.00519124
2.33227e-09
0.00519124
1.37909e-09
0.00519124
2.08191e-09
0.00519124
1.00164e-09
0.00519124
8.9245e-10
0.00519124
-4.76552e-10
0.00519124
1.30313e-10
0.00519124
-3.16116e-10
0.00519124
9.44195e-11
0.00519124
-8.12612e-10
0.00519124
-2.14447e-10
0.00519124
-5.77318e-10
0.00519124
3.28742e-10
0.00519124
-2.90848e-10
0.00519124
1.92216e-10
0.00519124
-2.83572e-10
0.00519124
4.9368e-10
0.00519124
-8.82568e-11
0.00519124
5.06164e-12
0.00519124
-9.31132e-10
0.00519124
-2.07359e-10
0.00519124
-3.84486e-10
0.00519124
3.70612e-10
0.00519124
2.10077e-10
0.00519124
1.15233e-09
0.00519124
1.19568e-09
0.00519124
2.06442e-09
0.00519124
1.83599e-09
0.00519124
2.35738e-09
0.00519124
1.61755e-09
0.00519124
1.84964e-09
0.00519124
1.45763e-09
0.00519124
1.77817e-09
0.00519124
1.56915e-09
0.00519124
2.59756e-09
0.00519124
3.44753e-09
0.00519124
5.48687e-09
0.00519124
7.53595e-09
0.00519124
1.09833e-08
0.00519124
1.5134e-08
0.00519123
2.18814e-08
0.00519123
3.0442e-08
0.00519123
4.2882e-08
0.00519122
5.97572e-08
0.00519121
8.43309e-08
0.0051912
1.17516e-07
0.00519119
1.64421e-07
0.00519117
2.26003e-07
0.00519114
3.16782e-07
0.00519108
4.29568e-07
0.00519097
6.58934e-07
0.00519077
1.06107e-06
0.00519025
3.13271e-06
0.00518912
9.38235e-06
0.00518512
3.42206e-05
6.9622e-05
0.00518545
0.00146937
0.00520065
0.000630531
0.00519597
0.000150448
0.00519677
8.43759e-06
0.00519681
-9.75684e-06
0.00519699
5.47052e-06
0.00519668
8.95268e-06
0.00519636
1.11215e-05
0.00519601
9.65853e-06
0.0051957
8.54591e-06
0.00519542
7.14885e-06
0.00519517
6.0966e-06
0.00519495
5.15342e-06
0.00519476
4.386e-06
0.00519459
3.72664e-06
0.00519444
3.16562e-06
0.00519431
2.67903e-06
0.00519419
2.2554e-06
0.00519409
1.88911e-06
0.00519401
1.56897e-06
0.00519394
1.29297e-06
0.00519387
1.05435e-06
0.00519382
8.54174e-07
0.00519378
6.84856e-07
0.00519375
5.43671e-07
0.00519372
4.26636e-07
0.00519369
3.33691e-07
0.00519368
2.57437e-07
0.00519366
1.98417e-07
0.00519365
1.50284e-07
0.00519364
1.1473e-07
0.00519364
8.60254e-08
0.00519363
6.42513e-08
0.00519363
4.55937e-08
0.00519362
3.40387e-08
0.00519362
2.44028e-08
0.00519362
1.86014e-08
0.00519362
1.27232e-08
0.00519362
1.01779e-08
0.00519362
7.31232e-09
0.00519362
6.93241e-09
0.00519362
4.85834e-09
0.00519362
4.17494e-09
0.00519362
2.6201e-09
0.00519362
2.6748e-09
0.00519362
1.54068e-09
0.00519362
2.14753e-09
0.00519362
1.10487e-09
0.00519362
9.74039e-10
0.00519362
-4.72147e-10
0.00519362
-3.53198e-11
0.00519362
-4.6211e-10
0.00519362
-1.814e-11
0.00519362
-9.49801e-10
0.00519362
-3.86592e-10
0.00519362
-6.63207e-10
0.00519362
3.2739e-10
0.00519362
-1.95816e-10
0.00519362
2.87262e-10
0.00519362
-2.41274e-10
0.00519362
4.90481e-10
0.00519362
-2.72489e-11
0.00519362
7.23724e-11
0.00519362
-9.62367e-10
0.00519362
-3.26843e-10
0.00519362
-4.40926e-10
0.00519362
4.11371e-10
0.00519362
3.52081e-10
0.00519362
1.32503e-09
0.00519362
1.41157e-09
0.00519362
2.33187e-09
0.00519362
2.18539e-09
0.00519362
2.75016e-09
0.00519362
1.98034e-09
0.00519362
2.09818e-09
0.00519362
1.67864e-09
0.00519361
2.00166e-09
0.00519361
1.7852e-09
0.00519361
2.77415e-09
0.00519361
3.68919e-09
0.00519361
5.84763e-09
0.00519361
8.09056e-09
0.00519361
1.17688e-08
0.00519361
1.61411e-08
0.00519361
2.32007e-08
0.00519361
3.22039e-08
0.00519361
4.52984e-08
0.0051936
6.3099e-08
0.0051936
8.89171e-08
0.00519359
1.23978e-07
0.00519358
1.73986e-07
0.00519357
2.40748e-07
0.00519354
3.42296e-07
0.0051935
4.74922e-07
0.0051934
7.5456e-07
0.00519322
1.23794e-06
0.00519279
3.56628e-06
0.00519193
1.02366e-05
0.00518908
3.70806e-05
7.50904e-05
0.00516897
0.00130039
0.00519495
0.000604554
0.00519442
0.000150979
0.00519532
7.53893e-06
0.00519523
-9.6713e-06
0.00519556
5.14416e-06
0.0051955
9.00931e-06
0.00519547
1.11534e-05
0.00519538
9.74688e-06
0.0051953
8.62863e-06
0.00519521
7.23668e-06
0.00519513
6.18038e-06
0.00519505
5.2347e-06
0.00519497
4.46133e-06
0.0051949
3.79649e-06
0.00519484
3.23056e-06
0.00519478
2.73887e-06
0.00519472
2.30999e-06
0.00519468
1.93826e-06
0.00519463
1.61281e-06
0.00519459
1.3316e-06
0.00519456
1.08781e-06
0.00519453
8.82494e-07
0.00519451
7.08877e-07
0.00519449
5.63841e-07
0.00519447
4.43154e-07
0.00519446
3.47049e-07
0.00519445
2.68358e-07
0.00519444
2.07142e-07
0.00519443
1.5714e-07
0.00519443
1.19812e-07
0.00519442
9.00402e-08
0.00519442
6.75608e-08
0.00519442
4.81711e-08
0.00519441
3.56318e-08
0.00519441
2.54203e-08
0.00519441
1.94097e-08
0.00519441
1.35547e-08
0.00519441
1.08031e-08
0.00519441
7.74543e-09
0.00519441
7.22003e-09
0.00519441
5.19541e-09
0.00519441
4.45324e-09
0.00519441
2.98707e-09
0.00519441
3.00695e-09
0.00519441
1.71482e-09
0.00519441
2.13328e-09
0.00519441
1.13313e-09
0.00519441
1.02869e-09
0.00519441
-4.26844e-10
0.00519441
-2.16259e-10
0.00519441
-6.47622e-10
0.00519441
-1.59718e-10
0.00519441
-1.03777e-09
0.00519441
-5.3774e-10
0.00519441
-7.44225e-10
0.00519441
2.99832e-10
0.00519441
-1.01154e-10
0.00519441
3.82671e-10
0.00519441
-1.82886e-10
0.00519441
4.47686e-10
0.00519441
-1.66019e-11
0.00519441
1.08496e-10
0.00519441
-9.54616e-10
0.00519441
-4.33336e-10
0.00519441
-4.91029e-10
0.00519441
4.33417e-10
0.00519441
5.13799e-10
0.00519441
1.51408e-09
0.00519441
1.63582e-09
0.00519441
2.56561e-09
0.00519441
2.49981e-09
0.00519441
3.10627e-09
0.00519441
2.34408e-09
0.00519441
2.32688e-09
0.00519441
1.86849e-09
0.00519441
2.1812e-09
0.00519441
1.97446e-09
0.00519441
2.9018e-09
0.00519441
3.83428e-09
0.00519441
6.04115e-09
0.00519441
8.39861e-09
0.00519441
1.22019e-08
0.0051944
1.66985e-08
0.0051944
2.38182e-08
0.0051944
3.30689e-08
0.0051944
4.64618e-08
0.0051944
6.47065e-08
0.0051944
9.11004e-08
0.00519439
1.27116e-07
0.00519439
1.78949e-07
0.00519438
2.49268e-07
0.00519436
3.59178e-07
0.00519433
5.08437e-07
0.00519425
8.30686e-07
0.00519411
1.38045e-06
0.00519378
3.89375e-06
0.00519323
1.07932e-05
0.00519153
3.87814e-05
7.80852e-05
0.00515491
0.00114548
0.00518952
0.000569949
0.00519263
0.00014787
0.00519355
6.61617e-06
0.00519333
-9.45679e-06
0.00519376
4.71686e-06
0.00519393
8.83954e-06
0.00519416
1.09219e-05
0.00519431
9.59818e-06
0.00519444
8.50228e-06
0.00519453
7.14723e-06
0.0051946
6.11268e-06
0.00519464
5.18728e-06
0.00519468
4.42657e-06
0.0051947
3.77205e-06
0.00519472
3.21483e-06
0.00519473
2.73e-06
0.00519473
2.30634e-06
0.00519473
1.93831e-06
0.00519473
1.61552e-06
0.00519472
1.33609e-06
0.00519472
1.0933e-06
0.00519471
8.88045e-07
0.00519471
7.14428e-07
0.0051947
5.69264e-07
0.0051947
4.48102e-07
0.00519469
3.51293e-07
0.00519469
2.72131e-07
0.00519469
2.10379e-07
0.00519468
1.59847e-07
0.00519468
1.21678e-07
0.00519468
9.15377e-08
0.00519468
6.89823e-08
0.00519468
4.94606e-08
0.00519468
3.62951e-08
0.00519467
2.57119e-08
0.00519467
1.96018e-08
0.00519467
1.39522e-08
0.00519467
1.11699e-08
0.00519467
8.0216e-09
0.00519467
7.3452e-09
0.00519467
5.38649e-09
0.00519467
4.61344e-09
0.00519467
3.25372e-09
0.00519467
3.29427e-09
0.00519467
1.89638e-09
0.00519467
2.07274e-09
0.00519467
1.07967e-09
0.00519467
1.04408e-09
0.00519467
-3.49689e-10
0.00519467
-3.90925e-10
0.00519467
-8.73871e-10
0.00519467
-3.25861e-10
0.00519467
-1.07338e-09
0.00519467
-6.37445e-10
0.00519467
-8.23266e-10
0.00519467
2.38377e-10
0.00519467
-2.75038e-11
0.00519467
4.75982e-10
0.00519467
-1.13169e-10
0.00519467
3.80479e-10
0.00519467
-6.34109e-11
0.00519467
1.08321e-10
0.00519467
-9.14115e-10
0.00519467
-4.976e-10
0.00519467
-5.17262e-10
0.00519467
4.45361e-10
0.00519467
6.72592e-10
0.00519467
1.71646e-09
0.00519467
1.87322e-09
0.00519467
2.77665e-09
0.00519467
2.76878e-09
0.00519467
3.41518e-09
0.00519467
2.6956e-09
0.00519467
2.54453e-09
0.00519467
2.02563e-09
0.00519467
2.31229e-09
0.00519467
2.1193e-09
0.00519467
2.97622e-09
0.00519467
3.88693e-09
0.00519467
6.06397e-09
0.00519467
8.48203e-09
0.00519467
1.23122e-08
0.00519467
1.6817e-08
0.00519467
2.38243e-08
0.00519467
3.30454e-08
0.00519467
4.64017e-08
0.00519467
6.46301e-08
0.00519467
9.09625e-08
0.00519467
1.27039e-07
0.00519467
1.79404e-07
0.00519467
2.51529e-07
0.00519466
3.66928e-07
0.00519464
5.2851e-07
0.00519459
8.82929e-07
0.00519449
1.48039e-06
0.00519428
4.10043e-06
0.00519403
1.10436e-05
0.00519347
3.93415e-05
7.8747e-05
0.00514306
0.00100242
0.00518462
0.000528389
0.00519092
0.000141572
0.00519182
5.71753e-06
0.00519147
-9.10424e-06
0.00519196
4.22615e-06
0.00519233
8.47018e-06
0.00519279
1.04567e-05
0.00519315
9.23562e-06
0.00519347
8.18659e-06
0.00519372
6.89594e-06
0.00519393
5.90588e-06
0.00519409
5.02091e-06
0.00519423
4.28958e-06
0.00519434
3.65959e-06
0.00519444
3.12337e-06
0.00519451
2.65635e-06
0.00519457
2.24752e-06
0.00519462
1.89161e-06
0.00519465
1.57886e-06
0.00519468
1.30771e-06
0.0051947
1.0717e-06
0.00519472
8.71517e-07
0.00519473
7.02021e-07
0.00519474
5.60273e-07
0.00519475
4.41668e-07
0.00519475
3.46557e-07
0.00519475
2.688e-07
0.00519476
2.0813e-07
0.00519476
1.58425e-07
0.00519476
1.204e-07
0.00519476
9.05213e-08
0.00519476
6.84533e-08
0.00519476
4.93687e-08
0.00519476
3.60603e-08
0.00519476
2.53252e-08
0.00519476
1.9201e-08
0.00519476
1.38594e-08
0.00519476
1.12074e-08
0.00519476
8.07952e-09
0.00519476
7.31372e-09
0.00519476
5.44973e-09
0.00519476
4.67018e-09
0.00519476
3.40188e-09
0.00519476
3.51292e-09
0.00519476
2.08093e-09
0.00519476
2.00178e-09
0.00519476
9.51099e-10
0.00519476
9.98257e-10
0.00519476
-2.64328e-10
0.00519476
-5.24347e-10
0.00519476
-1.12099e-09
0.00519476
-5.09532e-10
0.00519476
-1.06696e-09
0.00519476
-6.64307e-10
0.00519476
-8.90302e-10
0.00519476
1.45368e-10
0.00519476
1.01785e-11
0.00519476
5.60344e-10
0.00519476
-3.22083e-11
0.00519476
3.07284e-10
0.00519476
-1.64564e-10
0.00519476
5.79044e-11
0.00519476
-8.66902e-10
0.00519476
-5.1284e-10
0.00519476
-5.07421e-10
0.00519476
4.68765e-10
0.00519476
8.26557e-10
0.00519476
1.93393e-09
0.00519476
2.12813e-09
0.00519476
2.98159e-09
0.00519476
2.99121e-09
0.00519476
3.67002e-09
0.00519476
3.02127e-09
0.00519476
2.75977e-09
0.00519476
2.16048e-09
0.00519476
2.40709e-09
0.00519476
2.22273e-09
0.00519476
3.00755e-09
0.00519476
3.85866e-09
0.00519476
5.92966e-09
0.00519476
8.31521e-09
0.00519476
1.20825e-08
0.00519476
1.64976e-08
0.00519476
2.32575e-08
0.00519476
3.21896e-08
0.00519476
4.51701e-08
0.00519476
6.29419e-08
0.00519477
8.86119e-08
0.00519477
1.23895e-07
0.00519477
1.75508e-07
0.00519478
2.47589e-07
0.00519478
3.65247e-07
0.00519477
5.3401e-07
0.00519475
9.08159e-07
0.00519469
1.53217e-06
0.00519462
4.17794e-06
0.00519467
1.09876e-05
0.00519521
3.88081e-05
7.72443e-05
0.00513313
0.000869291
0.00518032
0.000481202
0.0051894
0.000132489
0.00519025
4.87008e-06
0.00518975
-8.60514e-06
0.00519027
3.70305e-06
0.00519081
7.92734e-06
0.00519149
9.78596e-06
0.00519204
8.68209e-06
0.00519252
7.70118e-06
0.00519292
6.49859e-06
0.00519325
5.57283e-06
0.00519353
4.7459e-06
0.00519376
4.05882e-06
0.00519395
3.46605e-06
0.00519412
2.9618e-06
0.00519425
2.52248e-06
0.00519436
2.13723e-06
0.00519445
1.80111e-06
0.00519452
1.50518e-06
0.00519458
1.24827e-06
0.00519463
1.02435e-06
0.00519467
8.33953e-07
0.0051947
6.72484e-07
0.00519472
5.37476e-07
0.00519474
4.24268e-07
0.00519475
3.33162e-07
0.00519476
2.58585e-07
0.00519477
2.00519e-07
0.00519477
1.52968e-07
0.00519478
1.16106e-07
0.00519478
8.70826e-08
0.00519478
6.59837e-08
0.00519479
4.78547e-08
0.00519479
3.49205e-08
0.00519479
2.43117e-08
0.00519479
1.82879e-08
0.00519479
1.33065e-08
0.00519479
1.09266e-08
0.00519479
7.92958e-09
0.00519479
7.13863e-09
0.00519479
5.39637e-09
0.00519479
4.6296e-09
0.00519479
3.41417e-09
0.00519479
3.62395e-09
0.00519479
2.23672e-09
0.00519479
1.94454e-09
0.00519479
7.7257e-10
0.00519479
8.79106e-10
0.00519479
-1.96945e-10
0.00519479
-6.04413e-10
0.00519479
-1.36056e-09
0.00519479
-7.15569e-10
0.00519479
-1.04483e-09
0.00519479
-6.21426e-10
0.00519479
-9.29266e-10
0.00519479
3.02211e-11
0.00519479
4.63238e-12
0.00519479
6.27678e-10
0.00519479
5.381e-11
0.00519479
2.5416e-10
0.00519479
-2.82415e-10
0.00519479
-2.0752e-11
0.00519479
-8.1615e-10
0.00519479
-4.70492e-10
0.00519479
-4.43164e-10
0.00519479
5.14926e-10
0.00519479
9.6421e-10
0.00519479
2.15203e-09
0.00519479
2.39781e-09
0.00519479
3.19373e-09
0.00519479
3.17292e-09
0.00519479
3.86425e-09
0.00519479
3.30585e-09
0.00519479
2.97245e-09
0.00519479
2.27826e-09
0.00519479
2.46271e-09
0.00519479
2.27033e-09
0.00519479
2.984e-09
0.00519479
3.7494e-09
0.00519479
5.67681e-09
0.00519479
7.93587e-09
0.00519479
1.15359e-08
0.00519479
1.57579e-08
0.00519479
2.2145e-08
0.00519479
3.05667e-08
0.00519479
4.28496e-08
0.0051948
5.97381e-08
0.0051948
8.41777e-08
0.00519481
1.17859e-07
0.00519482
1.6747e-07
0.00519483
2.37614e-07
0.00519484
3.54074e-07
0.00519485
5.24327e-07
0.00519485
9.04524e-07
0.00519485
1.53266e-06
0.0051949
4.1235e-06
0.00519526
1.06331e-05
0.00519682
3.72496e-05
7.37633e-05
0.00512485
0.00074444
0.00517659
0.000429468
0.00518808
0.000120993
0.00518887
4.08588e-06
0.00518822
-7.95494e-06
0.00518875
3.17181e-06
0.00518944
7.23597e-06
0.00519029
8.93652e-06
0.00519101
7.96012e-06
0.00519165
7.06553e-06
0.00519217
5.97113e-06
0.00519262
5.12675e-06
0.00519299
4.37309e-06
0.00519331
3.74332e-06
0.00519358
3.19899e-06
0.0051938
2.73637e-06
0.00519399
2.33352e-06
0.00519415
1.97972e-06
0.00519428
1.67028e-06
0.00519439
1.3973e-06
0.00519448
1.16004e-06
0.00519455
9.53016e-07
0.0051946
7.76733e-07
0.00519465
6.26938e-07
0.00519469
5.01729e-07
0.00519471
3.96532e-07
0.00519473
3.11597e-07
0.00519475
2.41878e-07
0.00519476
1.87793e-07
0.00519477
1.4363e-07
0.00519478
1.08957e-07
0.00519478
8.13854e-08
0.00519479
6.16567e-08
0.00519479
4.49316e-08
0.00519479
3.28757e-08
0.0051948
2.27213e-08
0.0051948
1.69314e-08
0.0051948
1.23343e-08
0.0051948
1.03216e-08
0.0051948
7.56076e-09
0.0051948
6.81767e-09
0.0051948
5.2343e-09
0.0051948
4.50768e-09
0.0051948
3.30663e-09
0.0051948
3.61258e-09
0.0051948
2.33795e-09
0.0051948
1.90416e-09
0.0051948
5.71566e-10
0.0051948
6.81157e-10
0.0051948
-1.7086e-10
0.0051948
-6.28228e-10
0.0051948
-1.55608e-09
0.0051948
-9.35992e-10
0.0051948
-1.03475e-09
0.0051948
-5.27087e-10
0.0051948
-9.21591e-10
0.0051948
-8.95802e-11
0.0051948
-4.65571e-11
0.0051948
6.64984e-10
0.0051948
1.39611e-10
0.0051948
2.24165e-10
0.0051948
-3.97417e-10
0.0051948
-1.19433e-10
0.0051948
-7.79187e-10
0.0051948
-3.88167e-10
0.0051948
-3.17705e-10
0.0051948
6.04998e-10
0.0051948
1.08832e-09
0.0051948
2.35192e-09
0.0051948
2.6702e-09
0.0051948
3.41654e-09
0.0051948
3.32312e-09
0.0051948
3.99303e-09
0.0051948
3.53331e-09
0.0051948
3.17551e-09
0.0051948
2.38869e-09
0.0051948
2.49213e-09
0.0051948
2.2679e-09
0.0051948
2.9036e-09
0.0051948
3.56599e-09
0.0051948
5.31177e-09
0.0051948
7.36708e-09
0.0051948
1.07015e-08
0.0051948
1.4624e-08
0.0051948
2.05219e-08
0.0051948
2.82452e-08
0.00519481
3.95398e-08
0.00519481
5.51395e-08
0.00519482
7.78129e-08
0.00519483
1.09138e-07
0.00519484
1.55556e-07
0.00519485
2.21883e-07
0.00519487
3.33597e-07
0.0051949
4.99389e-07
0.00519493
8.71445e-07
0.00519498
1.4811e-06
0.00519517
3.93943e-06
0.00519581
9.99519e-06
0.00519831
3.47506e-05
6.85029e-05
0.005118
0.000626436
0.0051734
0.000374073
0.00518696
0.00010743
0.00518768
3.36689e-06
0.00518688
-7.15472e-06
0.0051874
2.65001e-06
0.00518822
6.41951e-06
0.00518922
7.934e-06
0.00519009
7.09186e-06
0.00519086
6.29891e-06
0.0051915
5.32961e-06
0.00519204
4.58119e-06
0.0051925
3.91371e-06
0.00519289
3.35254e-06
0.00519323
2.86643e-06
0.00519351
2.45388e-06
0.00519375
2.0951e-06
0.00519395
1.77969e-06
0.00519412
1.50308e-06
0.00519426
1.25847e-06
0.00519437
1.04572e-06
0.00519446
8.59865e-07
0.00519454
7.01553e-07
0.0051946
5.66757e-07
0.00519465
4.54108e-07
0.00519468
3.59282e-07
0.00519471
2.82507e-07
0.00519473
2.19209e-07
0.00519475
1.70321e-07
0.00519476
1.30632e-07
0.00519477
9.91365e-08
0.00519478
7.36407e-08
0.00519479
5.56272e-08
0.00519479
4.06641e-08
0.00519479
2.99389e-08
0.0051948
2.05911e-08
0.0051948
1.51866e-08
0.0051948
1.09996e-08
0.0051948
9.40835e-09
0.0051948
6.97582e-09
0.0051948
6.3438e-09
0.0051948
4.96408e-09
0.0051948
4.31262e-09
0.0051948
3.10289e-09
0.0051948
3.47662e-09
0.0051948
2.36198e-09
0.0051948
1.87341e-09
0.0051948
3.85632e-10
0.0051948
4.16417e-10
0.0051948
-2.10571e-10
0.0051948
-6.09039e-10
0.0051948
-1.67839e-09
0.0051948
-1.15338e-09
0.0051948
-1.06028e-09
0.0051948
-4.14076e-10
0.0051948
-8.60049e-10
0.0051948
-1.91632e-10
0.0051948
-1.36899e-10
0.0051948
6.57471e-10
0.0051948
2.11205e-10
0.0051948
2.14614e-10
0.0051948
-4.91699e-10
0.0051948
-2.20735e-10
0.0051948
-7.60102e-10
0.0051948
-2.89096e-10
0.0051948
-1.4323e-10
0.0051948
7.41778e-10
0.0051948
1.20426e-09
0.0051948
2.51565e-09
0.0051948
2.92507e-09
0.0051948
3.64271e-09
0.0051948
3.45224e-09
0.0051948
4.05623e-09
0.0051948
3.69055e-09
0.0051948
3.35297e-09
0.0051948
2.49251e-09
0.0051948
2.49505e-09
0.0051948
2.21495e-09
0.0051948
2.75648e-09
0.0051948
3.30562e-09
0.0051948
4.84136e-09
0.0051948
6.63599e-09
0.0051948
9.61678e-09
0.00519481
1.31318e-08
0.00519481
1.84287e-08
0.00519481
2.52964e-08
0.00519481
3.53503e-08
0.00519482
4.92911e-08
0.00519483
6.96986e-08
0.00519484
9.79693e-08
0.00519485
1.40085e-07
0.00519488
2.00795e-07
0.0051949
3.04271e-07
0.00519494
4.59677e-07
0.00519501
8.09573e-07
0.00519511
1.3789e-06
0.00519541
3.63247e-06
0.00519631
9.09524e-06
0.00519966
3.1408e-05
6.16711e-05
0.00511241
0.000514026
0.00517072
0.000315759
0.00518603
9.21255e-05
0.00518669
2.70872e-06
0.00518574
-6.21174e-06
0.00518625
2.149e-06
0.00518717
5.49981e-06
0.0051883
6.80277e-06
0.00518929
6.09907e-06
0.00519017
5.42043e-06
0.00519091
4.59017e-06
0.00519154
3.9499e-06
0.00519207
3.37944e-06
0.00519253
2.8964e-06
0.00519292
2.47687e-06
0.00519325
2.1216e-06
0.00519353
1.81335e-06
0.00519377
1.5423e-06
0.00519397
1.30387e-06
0.00519414
1.09236e-06
0.00519427
9.08366e-07
0.00519439
7.47418e-07
0.00519448
6.1041e-07
0.00519455
4.93544e-07
0.00519461
3.95892e-07
0.00519465
3.13516e-07
0.00519469
2.46679e-07
0.00519472
1.91234e-07
0.00519474
1.48591e-07
0.00519476
1.1427e-07
0.00519477
8.6846e-08
0.00519478
6.40834e-08
0.00519478
4.81122e-08
0.00519479
3.51734e-08
0.00519479
2.61365e-08
0.0051948
1.79372e-08
0.0051948
1.30977e-08
0.0051948
9.36842e-09
0.0051948
8.22321e-09
0.0051948
6.19084e-09
0.0051948
5.7144e-09
0.0051948
4.58102e-09
0.0051948
4.05211e-09
0.0051948
2.83607e-09
0.0051948
3.23193e-09
0.0051948
2.29482e-09
0.0051948
1.83415e-09
0.0051948
2.41117e-10
0.0051948
1.13135e-10
0.0051948
-3.28441e-10
0.0051948
-5.71583e-10
0.0051948
-1.70923e-09
0.0051948
-1.33855e-09
0.0051948
-1.12872e-09
0.0051948
-3.18559e-10
0.0051948
-7.50645e-10
0.0051948
-2.55499e-10
0.0051948
-2.50802e-10
0.0051948
5.98e-10
0.0051948
2.53168e-10
0.0051948
2.11018e-10
0.0051948
-5.61436e-10
0.0051948
-3.15542e-10
0.0051948
-7.59371e-10
0.0051948
-2.00265e-10
0.0051948
5.55519e-11
0.0051948
9.20193e-10
0.0051948
1.32265e-09
0.0051948
2.63235e-09
0.0051948
3.13899e-09
0.0051948
3.85633e-09
0.0051948
3.56929e-09
0.0051948
4.06106e-09
0.0051948
3.76887e-09
0.0051948
3.48431e-09
0.0051948
2.58394e-09
0.0051948
2.47332e-09
0.0051948
2.11701e-09
0.0051948
2.54119e-09
0.0051948
2.96604e-09
0.0051948
4.27235e-09
0.0051948
5.77072e-09
0.00519481
8.32469e-09
0.00519481
1.13291e-08
0.00519481
1.59125e-08
0.00519481
2.17907e-08
0.00519482
3.03974e-08
0.00519482
4.23587e-08
0.00519483
6.00453e-08
0.00519485
8.46271e-08
0.00519487
1.21434e-07
0.00519489
1.74865e-07
0.00519493
2.66811e-07
0.00519498
4.06194e-07
0.00519507
7.20703e-07
0.00519522
1.22945e-06
0.00519564
3.21323e-06
0.00519677
7.96033e-06
0.00520086
2.73278e-05
5.34829e-05
0.00510793
0.000406094
0.00516853
0.000255157
0.00518527
7.53902e-05
0.00518588
2.10325e-06
0.0051848
-5.13934e-06
0.00518528
1.67448e-06
0.00518628
4.49706e-06
0.00518752
5.56612e-06
0.00518861
5.00315e-06
0.00518958
4.44902e-06
0.00519041
3.76899e-06
0.00519111
3.24685e-06
0.00519171
2.78226e-06
0.00519222
2.38519e-06
0.00519265
2.03916e-06
0.00519303
1.74723e-06
0.00519335
1.49486e-06
0.00519362
1.2731e-06
0.00519384
1.0774e-06
0.00519403
9.02988e-07
0.00519419
7.51336e-07
0.00519432
6.18487e-07
0.00519442
5.05564e-07
0.00519451
4.09111e-07
0.00519458
3.28538e-07
0.00519463
2.60385e-07
0.00519467
2.05023e-07
0.0051947
1.587e-07
0.00519473
1.23192e-07
0.00519475
9.49311e-08
0.00519476
7.23251e-08
0.00519477
5.29554e-08
0.00519478
3.93661e-08
0.00519479
2.86359e-08
0.00519479
2.15306e-08
0.00519479
1.47769e-08
0.0051948
1.06982e-08
0.0051948
7.49961e-09
0.0051948
6.80888e-09
0.0051948
5.22424e-09
0.0051948
4.93465e-09
0.0051948
4.08144e-09
0.0051948
3.73132e-09
0.0051948
2.5409e-09
0.0051948
2.90815e-09
0.0051948
2.13269e-09
0.0051948
1.76307e-09
0.0051948
1.47745e-10
0.0051948
-1.91142e-10
0.0051948
-5.21248e-10
0.0051948
-5.45551e-10
0.0051948
-1.64844e-09
0.0051948
-1.45866e-09
0.0051948
-1.2282e-09
0.0051948
-2.69699e-10
0.0051948
-6.1348e-10
0.0051948
-2.69223e-10
0.0051948
-3.66021e-10
0.0051948
4.87476e-10
0.0051948
2.5215e-10
0.0051948
1.94703e-10
0.0051948
-6.15468e-10
0.0051948
-3.99561e-10
0.0051948
-7.72191e-10
0.0051948
-1.42771e-10
0.0051948
2.48104e-10
0.0051948
1.1272e-09
0.0051948
1.45593e-09
0.0051948
2.70288e-09
0.0051948
3.29244e-09
0.0051948
4.03697e-09
0.0051948
3.6792e-09
0.0051948
4.02301e-09
0.0051948
3.76916e-09
0.0051948
3.55322e-09
0.0051948
2.65448e-09
0.0051948
2.43109e-09
0.0051948
1.98483e-09
0.0051948
2.2671e-09
0.0051948
2.55228e-09
0.0051948
3.61044e-09
0.00519481
4.78913e-09
0.00519481
6.86526e-09
0.00519481
9.27058e-09
0.00519481
1.30312e-08
0.00519482
1.78024e-08
0.00519482
2.48006e-08
0.00519483
3.45219e-08
0.00519484
4.909e-08
0.00519485
6.94211e-08
0.00519488
1.00033e-07
0.00519491
1.44715e-07
0.00519495
2.22173e-07
0.00519502
3.40432e-07
0.00519513
6.07663e-07
0.00519532
1.03788e-06
0.00519584
2.69554e-06
0.00519718
6.62232e-06
0.00520188
2.26236e-05
4.41581e-05
0.00510446
0.00030163
0.00516681
0.000192815
0.00518467
5.75227e-05
0.00518524
1.54051e-06
0.00518405
-3.95635e-06
0.0051845
1.22723e-06
0.00518557
3.42995e-06
0.00518689
4.24638e-06
0.00518807
3.82517e-06
0.00518911
3.40347e-06
0.00519
2.88237e-06
0.00519076
2.48616e-06
0.00519141
2.13444e-06
0.00519196
1.82953e-06
0.00519244
1.56253e-06
0.00519285
1.33882e-06
0.0051932
1.14659e-06
0.00519349
9.77992e-07
0.00519374
8.28711e-07
0.00519395
6.94665e-07
0.00519412
5.78256e-07
0.00519426
4.76116e-07
0.00519438
3.89508e-07
0.00519447
3.15458e-07
0.00519455
2.53661e-07
0.00519461
2.01171e-07
0.00519465
1.58552e-07
0.00519469
1.22426e-07
0.00519472
9.48012e-08
0.00519474
7.30981e-08
0.00519476
5.58697e-08
0.00519477
4.05023e-08
0.00519478
2.96568e-08
0.00519478
2.12711e-08
0.00519479
1.62274e-08
0.00519479
1.11425e-08
0.0051948
8.01881e-09
0.0051948
5.44404e-09
0.0051948
5.21463e-09
0.0051948
4.10371e-09
0.0051948
4.02396e-09
0.0051948
3.46791e-09
0.0051948
3.35104e-09
0.0051948
2.24024e-09
0.0051948
2.5399e-09
0.0051948
1.88178e-09
0.0051948
1.63768e-09
0.0051948
9.94044e-11
0.0051948
-4.59103e-10
0.0051948
-7.69114e-10
0.0051948
-5.57732e-10
0.0051948
-1.51428e-09
0.0051948
-1.48793e-09
0.0051948
-1.33105e-09
0.0051948
-2.82326e-10
0.0051948
-4.77097e-10
0.0051948
-2.3262e-10
0.0051948
-4.60968e-10
0.0051948
3.36496e-10
0.0051948
2.00848e-10
0.0051948
1.50108e-10
0.0051948
-6.67259e-10
0.0051948
-4.71423e-10
0.0051948
-7.85024e-10
0.0051948
-1.20177e-10
0.0051948
4.08289e-10
0.0051948
1.34212e-09
0.0051948
1.61184e-09
0.0051948
2.73948e-09
0.0051948
3.37532e-09
0.0051948
4.16433e-09
0.0051948
3.78026e-09
0.0051948
3.96216e-09
0.0051948
3.70294e-09
0.0051948
3.55211e-09
0.0051948
2.69485e-09
0.0051948
2.37299e-09
0.0051948
1.83006e-09
0.0051948
1.95014e-09
0.0051948
2.07623e-09
0.0051948
2.86567e-09
0.00519481
3.70705e-09
0.00519481
5.27564e-09
0.00519481
7.01641e-09
0.00519481
9.85551e-09
0.00519482
1.34132e-08
0.00519482
1.86809e-08
0.00519483
2.59669e-08
0.00519484
3.70901e-08
0.00519486
5.26942e-08
0.00519488
7.63645e-08
0.00519492
1.11063e-07
0.00519497
1.71529e-07
0.00519504
2.6431e-07
0.00519518
4.74174e-07
0.0051954
8.10791e-07
0.005196
2.09593e-06
0.00519751
5.11707e-06
0.00520272
1.74144e-05
3.39204e-05
0.00510193
0.000199703
0.00516552
0.000129218
0.00518423
3.88131e-05
0.00518477
1.0098e-06
0.00518349
-2.68619e-06
0.00518392
8.04048e-07
0.00518503
2.31579e-06
0.00518641
2.86508e-06
0.00518765
2.58591e-06
0.00518875
2.30245e-06
0.00518969
1.94661e-06
0.00519049
1.68209e-06
0.00519118
1.44845e-06
0.00519177
1.24034e-06
0.00519228
1.05648e-06
0.00519271
9.04671e-07
0.00519308
7.75818e-07
0.0051934
6.63194e-07
0.00519366
5.63112e-07
0.00519388
4.71936e-07
0.00519407
3.92954e-07
0.00519422
3.23515e-07
0.00519435
2.64915e-07
0.00519445
2.14748e-07
0.00519453
1.73011e-07
0.00519459
1.3727e-07
0.00519464
1.0836e-07
0.00519468
8.32906e-08
0.00519471
6.41582e-08
0.00519473
4.93468e-08
0.00519475
3.78509e-08
0.00519477
2.6983e-08
0.00519478
1.92487e-08
0.00519478
1.3325e-08
0.00519479
1.03804e-08
0.00519479
7.09474e-09
0.0051948
5.09593e-09
0.0051948
3.24484e-09
0.0051948
3.4912e-09
0.0051948
2.86416e-09
0.0051948
3.01443e-09
0.0051948
2.75211e-09
0.0051948
2.90939e-09
0.0051948
1.94421e-09
0.0051948
2.1613e-09
0.0051948
1.55927e-09
0.0051948
1.4411e-09
0.0051948
7.49683e-11
0.0051948
-6.62771e-10
0.0051948
-1.03873e-09
0.0051948
-6.22887e-10
0.0051948
-1.33895e-09
0.0051948
-1.41529e-09
0.0051948
-1.40221e-09
0.0051948
-3.51642e-10
0.0051948
-3.70543e-10
0.0051948
-1.56728e-10
0.0051948
-5.16708e-10
0.0051948
1.64239e-10
0.0051948
9.91901e-11
0.0051948
6.79564e-11
0.0051948
-7.30163e-10
0.0051948
-5.33565e-10
0.0051948
-7.83561e-10
0.0051948
-1.20409e-10
0.0051948
5.21306e-10
0.0051948
1.54141e-09
0.0051948
1.79006e-09
0.0051948
2.76134e-09
0.0051948
3.38962e-09
0.0051948
4.22245e-09
0.0051948
3.86285e-09
0.0051948
3.89672e-09
0.0051948
3.58952e-09
0.0051948
3.48361e-09
0.0051948
2.69743e-09
0.0051948
2.30354e-09
0.0051948
1.66507e-09
0.0051948
1.61e-09
0.0051948
1.55668e-09
0.0051948
2.05507e-09
0.00519481
2.54104e-09
0.00519481
3.58884e-09
0.00519481
4.62679e-09
0.00519481
6.46657e-09
0.00519482
8.71451e-09
0.00519482
1.21603e-08
0.00519483
1.68798e-08
0.00519485
2.4315e-08
0.00519486
3.48165e-08
0.00519489
5.09528e-08
0.00519493
7.47068e-08
0.00519498
1.16228e-07
0.00519506
1.80104e-07
0.00519521
3.24698e-07
0.00519547
5.55996e-07
0.00519613
1.43304e-06
0.00519777
3.48365e-06
0.00520336
1.18231e-05
2.2996e-05
0.00510026
9.9438e-05
0.00516468
6.48071e-05
0.00518394
1.95452e-05
0.00518445
5.003e-07
0.00518312
-1.35587e-06
0.00518353
3.98634e-07
0.00518467
1.17083e-06
0.0051861
1.4431e-06
0.00518738
1.30591e-06
0.00518851
1.16451e-06
0.00518948
9.78103e-07
0.00519032
8.48977e-07
0.00519103
7.36881e-07
0.00519164
6.28719e-07
0.00519216
5.30753e-07
0.00519262
4.53262e-07
0.005193
3.89998e-07
0.00519333
3.35161e-07
0.00519361
2.86094e-07
0.00519384
2.39514e-07
0.00519403
1.99418e-07
0.00519419
1.64021e-07
0.00519432
1.34582e-07
0.00519443
1.09274e-07
0.00519451
8.8451e-08
0.00519458
7.01637e-08
0.00519463
5.56145e-08
0.00519467
4.22115e-08
0.00519471
3.2042e-08
0.00519473
2.43241e-08
0.00519475
1.872e-08
0.00519476
1.26838e-08
0.00519477
8.39625e-09
0.00519478
5.05012e-09
0.00519479
4.18284e-09
0.00519479
2.72936e-09
0.0051948
1.9793e-09
0.0051948
9.41762e-10
0.0051948
1.68861e-09
0.0051948
1.54607e-09
0.0051948
1.94732e-09
0.0051948
1.95648e-09
0.0051948
2.40539e-09
0.0051948
1.64968e-09
0.0051948
1.79976e-09
0.0051948
1.19149e-09
0.0051948
1.16842e-09
0.0051948
4.55483e-11
0.0051948
-7.88504e-10
0.0051948
-1.29032e-09
0.0051948
-7.38914e-10
0.0051948
-1.16033e-09
0.0051948
-1.24932e-09
0.0051948
-1.41064e-09
0.0051948
-4.55188e-10
0.0051948
-3.14605e-10
0.0051948
-6.20725e-11
0.0051948
-5.25266e-10
0.0051948
-6.67891e-12
0.0051948
-4.55397e-11
0.0051948
-5.21699e-11
0.0051948
-8.12513e-10
0.0051948
-5.90328e-10
0.0051948
-7.57344e-10
0.0051948
-1.21345e-10
0.0051948
5.86258e-10
0.0051948
1.70341e-09
0.0051948
1.97945e-09
0.0051948
2.78751e-09
0.0051948
3.34828e-09
0.0051948
4.20323e-09
0.0051948
3.9104e-09
0.0051948
3.8365e-09
0.0051948
3.45049e-09
0.0051948
3.35902e-09
0.0051948
2.65739e-09
0.0051948
2.22494e-09
0.0051948
1.49941e-09
0.0051948
1.26534e-09
0.0051948
1.01547e-09
0.00519481
1.20285e-09
0.00519481
1.31167e-09
0.00519481
1.83461e-09
0.00519481
2.15744e-09
0.00519481
2.95064e-09
0.00519482
3.80841e-09
0.00519483
5.36438e-09
0.00519483
7.44273e-09
0.00519485
1.10386e-08
0.00519487
1.61783e-08
0.00519489
2.43609e-08
0.00519493
3.65081e-08
0.00519499
5.77556e-08
0.00519508
9.03638e-08
0.00519524
1.64255e-07
0.00519551
2.8222e-07
0.00519622
7.2709e-07
0.00519794
1.76347e-06
0.00520379
5.97571e-06
1.16129e-05
0.00509944
-4.86337e-09
0.00516425
-3.09883e-09
0.0051838
-8.32434e-10
0.0051843
1.33774e-09
0.00518294
5.15901e-09
0.00518333
2.61788e-09
0.00518449
1.05867e-08
0.00518594
8.81961e-10
0.00518724
5.56312e-09
0.00518839
8.0923e-09
0.00518938
-6.76688e-09
0.00519023
1.26202e-09
0.00519095
1.24202e-08
0.00519157
5.84977e-09
0.00519211
-4.79444e-09
0.00519257
-6.78464e-09
0.00519296
-3.3009e-09
0.0051933
5.00018e-10
0.00519358
3.30007e-09
0.00519382
2.21939e-09
0.00519402
1.74259e-09
0.00519418
1.0509e-09
0.00519431
1.38189e-09
0.00519442
1.41522e-09
0.00519451
1.92102e-09
0.00519457
1.40433e-09
0.00519463
1.53588e-09
0.00519467
1.39509e-10
0.0051947
-7.5225e-10
0.00519473
-1.28366e-09
0.00519475
-1.00293e-09
0.00519476
-2.07009e-09
0.00519477
-2.65406e-09
0.00519478
-3.31101e-09
0.00519479
-2.14759e-09
0.00519479
-1.82356e-09
0.0051948
-1.26291e-09
0.0051948
-1.42295e-09
0.0051948
-1.43961e-10
0.0051948
1.93632e-10
0.0051948
8.68279e-10
0.0051948
1.11332e-09
0.0051948
1.84399e-09
0.0051948
1.34465e-09
0.0051948
1.47295e-09
0.0051948
8.11288e-10
0.0051948
8.3089e-10
0.0051948
-1.68187e-11
0.0051948
-8.38641e-10
0.0051948
-1.48655e-09
0.0051948
-8.86557e-10
0.0051948
-1.01178e-09
0.0051948
-1.01653e-09
0.0051948
-1.33787e-09
0.0051948
-5.59381e-10
0.0051948
-3.16579e-10
0.0051948
2.73829e-11
0.0051948
-4.90142e-10
0.0051948
-1.55328e-10
0.0051948
-2.19669e-10
0.0051948
-2.02449e-10
0.0051948
-9.16038e-10
0.0051948
-6.46743e-10
0.0051948
-7.04049e-10
0.0051948
-9.95297e-11
0.0051948
6.1445e-10
0.0051948
1.81334e-09
0.0051948
2.15917e-09
0.0051948
2.82973e-09
0.0051948
3.27092e-09
0.0051948
4.10836e-09
0.0051948
3.90315e-09
0.0051948
3.77925e-09
0.0051948
3.30349e-09
0.0051948
3.19475e-09
0.0051948
2.57323e-09
0.0051948
2.13592e-09
0.0051948
1.33776e-09
0.0051948
9.3005e-10
0.0051948
4.72762e-10
0.00519481
3.37628e-10
0.00519481
4.54718e-11
0.00519481
4.16461e-11
0.00519481
-3.4321e-10
0.00519481
-6.0748e-10
0.00519482
-1.19476e-09
0.00519483
-1.57497e-09
0.00519484
-2.16502e-09
0.00519485
-2.4666e-09
0.00519487
-2.81958e-09
0.00519489
-2.82081e-09
0.00519493
-2.62575e-09
0.00519499
-2.31333e-09
0.00519509
-2.17342e-09
0.00519525
-1.75285e-09
0.00519554
-1.19881e-09
0.00519626
-6.62414e-10
0.00519803
-4.81992e-10
0.005204
-2.19703e-10
2.28482e-10
0.00509944
-9.94476e-05
0.00516425
-6.48133e-05
0.0051838
-1.95469e-05
0.0051843
-4.97633e-07
0.00518294
1.36619e-06
0.00518333
-3.93414e-07
0.00518449
-1.14983e-06
0.00518594
-1.44135e-06
0.00518724
-1.29485e-06
0.00518839
-1.14841e-06
0.00518938
-9.91618e-07
0.00519023
-8.46579e-07
0.00519095
-7.12213e-07
0.00519157
-6.17049e-07
0.00519211
-5.40234e-07
0.00519257
-4.66781e-07
0.00519296
-3.96484e-07
0.0051933
-3.34117e-07
0.00519358
-2.79547e-07
0.00519382
-2.35077e-07
0.00519402
-1.95925e-07
0.00519418
-1.6193e-07
0.00519431
-1.31788e-07
0.00519442
-1.06419e-07
0.00519451
-8.45963e-08
0.00519457
-6.74144e-08
0.00519463
-5.26181e-08
0.00519467
-4.19533e-08
0.0051947
-3.34328e-08
0.00519473
-2.67872e-08
0.00519475
-2.07564e-08
0.00519476
-1.69112e-08
0.00519477
-1.36557e-08
0.00519478
-1.15383e-08
0.00519479
-8.39198e-09
0.00519479
-6.40947e-09
0.0051948
-4.54349e-09
0.0051948
-3.79963e-09
0.0051948
-1.95787e-09
0.0051948
-1.14796e-09
0.0051948
-1.77597e-10
0.0051948
2.61627e-10
0.0051948
1.24039e-09
0.0051948
1.01559e-09
0.0051948
1.18783e-09
0.0051948
4.52604e-10
0.0051948
4.55364e-10
0.0051948
-1.31326e-10
0.0051948
-8.29418e-10
0.0051948
-1.60084e-09
0.0051948
-1.03415e-09
0.0051948
-9.13802e-10
0.0051948
-7.54899e-10
0.0051948
-1.18461e-09
0.0051948
-6.29483e-10
0.0051948
-3.69386e-10
0.0051948
8.86835e-11
0.0051948
-4.27544e-10
0.0051948
-2.67535e-10
0.0051948
-4.06515e-10
0.0051948
-3.69813e-10
0.0051948
-1.03636e-09
0.0051948
-7.06454e-10
0.0051948
-6.30394e-10
0.0051948
-3.82842e-11
0.0051948
6.24374e-10
0.0051948
1.86626e-09
0.0051948
2.30326e-09
0.0051948
2.88763e-09
0.0051948
3.1778e-09
0.0051948
3.94931e-09
0.0051948
3.82372e-09
0.0051948
3.71136e-09
0.0051948
3.15766e-09
0.0051948
3.00803e-09
0.0051948
2.44693e-09
0.0051948
2.03234e-09
0.0051948
1.17932e-09
0.0051948
6.11421e-10
0.0051948
-5.68149e-11
0.00519481
-5.12285e-10
0.00519481
-1.22542e-09
0.00519481
-1.75941e-09
0.00519481
-2.83364e-09
0.00519481
-4.12983e-09
0.00519482
-6.18002e-09
0.00519483
-8.51712e-09
0.00519484
-1.17642e-08
0.00519485
-1.59318e-08
0.00519487
-2.17734e-08
0.00519489
-2.99852e-08
0.00519493
-4.17608e-08
0.00519499
-6.23593e-08
0.00519509
-9.46797e-08
0.00519525
-1.67734e-07
0.00519554
-2.84612e-07
0.00519626
-7.28427e-07
0.00519803
-1.76442e-06
0.005204
-5.97614e-06
-1.16125e-05
0.00510026
-0.000199712
0.00516468
-0.000129224
0.00518394
-3.8815e-05
0.00518445
-1.00715e-06
0.00518312
2.69649e-06
0.00518353
-7.98881e-07
0.00518467
-2.29525e-06
0.0051861
-2.86337e-06
0.00518738
-2.57506e-06
0.00518851
-2.2866e-06
0.00518948
-1.96008e-06
0.00519032
-1.68005e-06
0.00519103
-1.42429e-06
0.00519164
-1.22879e-06
0.00519217
-1.06567e-06
0.00519262
-9.18031e-07
0.005193
-7.81981e-07
0.00519333
-6.62049e-07
0.00519361
-5.56708e-07
0.00519384
-4.67504e-07
0.00519403
-3.89437e-07
0.00519419
-3.2145e-07
0.00519432
-2.62043e-07
0.00519443
-2.11832e-07
0.00519451
-1.69121e-07
0.00519458
-1.34686e-07
0.00519463
-1.05573e-07
0.00519467
-8.3086e-08
0.00519471
-6.52267e-08
0.00519473
-5.15258e-08
0.00519475
-3.9974e-08
0.00519476
-3.14403e-08
0.00519477
-2.43565e-08
0.00519478
-1.94378e-08
0.00519479
-1.43511e-08
0.00519479
-1.08647e-08
0.0051948
-7.76038e-09
0.0051948
-6.12896e-09
0.0051948
-3.70511e-09
0.0051948
-2.43522e-09
0.0051948
-1.15046e-09
0.0051948
-5.57554e-10
0.0051948
6.20643e-10
0.0051948
6.5451e-10
0.0051948
9.4098e-10
0.0051948
1.43471e-10
0.0051948
7.88902e-11
0.0051948
-3.02894e-10
0.0051948
-7.85931e-10
0.0051948
-1.62293e-09
0.0051948
-1.1459e-09
0.0051948
-8.7007e-10
0.0051948
-5.04597e-10
0.0051948
-9.70629e-10
0.0051948
-6.40777e-10
0.0051948
-4.54967e-10
0.0051948
1.06561e-10
0.0051948
-3.61225e-10
0.0051948
-3.39505e-10
0.0051948
-5.90303e-10
0.0051948
-5.39543e-10
0.0051948
-1.1644e-09
0.0051948
-7.69866e-10
0.0051948
-5.49288e-10
0.0051948
6.7285e-11
0.0051948
6.3537e-10
0.0051948
1.8672e-09
0.0051948
2.38748e-09
0.0051948
2.94799e-09
0.0051948
3.08406e-09
0.0051948
3.74497e-09
0.0051948
3.66305e-09
0.0051948
3.61262e-09
0.0051948
3.01235e-09
0.0051948
2.81317e-09
0.0051948
2.28415e-09
0.0051948
1.90917e-09
0.0051948
1.01927e-09
0.0051948
3.10617e-10
0.0051948
-5.65303e-10
0.00519481
-1.32342e-09
0.00519481
-2.46539e-09
0.00519481
-3.53315e-09
0.00519481
-5.2756e-09
0.00519481
-7.54759e-09
0.00519482
-1.10326e-08
0.00519483
-1.53126e-08
0.00519483
-2.11712e-08
0.00519485
-2.90928e-08
0.00519487
-4.02847e-08
0.00519489
-5.65217e-08
0.00519493
-7.99571e-08
0.00519499
-1.20766e-07
0.00519508
-1.8433e-07
0.00519524
-3.28103e-07
0.00519551
-5.58375e-07
0.00519622
-1.43441e-06
0.00519794
-3.48457e-06
0.00520379
-1.18235e-05
-2.29956e-05
0.00510193
-0.000301639
0.00516552
-0.00019282
0.00518423
-5.75249e-05
0.00518476
-1.53786e-06
0.00518349
3.96653e-06
0.00518392
-1.22216e-06
0.00518503
-3.41014e-06
0.00518641
-4.24474e-06
0.00518765
-3.81469e-06
0.00518875
-3.38805e-06
0.00518969
-2.89579e-06
0.00519049
-2.4847e-06
0.00519118
-2.11112e-06
0.00519177
-1.81825e-06
0.00519228
-1.5713e-06
0.00519271
-1.35189e-06
0.00519308
-1.1523e-06
0.0051934
-9.76757e-07
0.00519366
-8.22512e-07
0.00519388
-6.90241e-07
0.00519407
-5.747e-07
0.00519422
-4.74074e-07
0.00519435
-3.86548e-07
0.00519445
-3.1249e-07
0.00519453
-2.49723e-07
0.00519459
-1.98824e-07
0.00519464
-1.56062e-07
0.00519468
-1.22284e-07
0.00519471
-9.53921e-08
0.00519473
-7.48888e-08
0.00519475
-5.81205e-08
0.00519477
-4.52457e-08
0.00519478
-3.44965e-08
0.00519478
-2.68394e-08
0.00519479
-1.9862e-08
0.00519479
-1.50344e-08
0.0051948
-1.08053e-08
0.0051948
-8.34374e-09
0.0051948
-5.34026e-09
0.0051948
-3.63037e-09
0.0051948
-2.0205e-09
0.0051948
-1.30729e-09
0.0051948
1.77926e-11
0.0051948
2.6347e-10
0.0051948
7.20473e-10
0.0051948
-1.00374e-10
0.0051948
-2.60145e-10
0.0051948
-5.20482e-10
0.0051948
-7.35315e-10
0.0051948
-1.56032e-09
0.0051948
-1.19136e-09
0.0051948
-8.67178e-10
0.0051948
-2.98845e-10
0.0051948
-7.29426e-10
0.0051948
-5.83526e-10
0.0051948
-5.4995e-10
0.0051948
7.61169e-11
0.0051948
-3.15835e-10
0.0051948
-3.77834e-10
0.0051948
-7.58936e-10
0.0051948
-6.98261e-10
0.0051948
-1.28822e-09
0.0051948
-8.33339e-10
0.0051948
-4.75168e-10
0.0051948
2.08938e-10
0.0051948
6.61801e-10
0.0051948
1.82855e-09
0.0051948
2.3961e-09
0.0051948
2.9884e-09
0.0051948
2.99596e-09
0.0051948
3.51781e-09
0.0051948
3.42469e-09
0.0051948
3.46362e-09
0.0051948
2.85943e-09
0.0051948
2.61946e-09
0.0051948
2.09406e-09
0.0051948
1.76345e-09
0.0051948
8.5203e-10
0.0051948
2.54016e-11
0.00519481
-1.04949e-09
0.00519481
-2.07939e-09
0.00519481
-3.63842e-09
0.00519481
-5.23776e-09
0.00519481
-7.62858e-09
0.00519481
-1.08001e-08
0.00519482
-1.56426e-08
0.00519482
-2.18066e-08
0.00519483
-3.01956e-08
0.00519485
-4.1689e-08
0.00519486
-5.79665e-08
0.00519489
-8.18312e-08
0.00519492
-1.16291e-07
0.00519498
-1.75965e-07
0.00519506
-2.68399e-07
0.00519521
-4.77466e-07
0.00519547
-8.1315e-07
0.00519613
-2.09735e-06
0.00519777
-5.11795e-06
0.00520336
-1.74147e-05
-3.392e-05
0.00510446
-0.000406102
0.00516681
-0.000255162
0.00518467
-7.53926e-05
0.00518524
-2.10058e-06
0.00518405
5.14924e-06
0.0051845
-1.66958e-06
0.00518557
-4.47819e-06
0.00518689
-5.56456e-06
0.00518807
-4.9932e-06
0.00518911
-4.43422e-06
0.00519
-3.7824e-06
0.00519076
-3.24609e-06
0.00519141
-2.76007e-06
0.00519196
-2.37439e-06
0.00519244
-2.04746e-06
0.00519285
-1.75986e-06
0.0051932
-1.50007e-06
0.00519349
-1.27187e-06
0.00519374
-1.07143e-06
0.00519395
-8.98574e-07
0.00519412
-7.47728e-07
0.00519426
-6.16451e-07
0.00519438
-5.0255e-07
0.00519447
-4.06145e-07
0.00519455
-3.24557e-07
0.00519461
-2.58302e-07
0.00519466
-2.02856e-07
0.00519469
-1.58599e-07
0.00519472
-1.23227e-07
0.00519474
-9.63256e-08
0.00519476
-7.47187e-08
0.00519477
-5.79298e-08
0.00519478
-4.38133e-08
0.00519479
-3.35898e-08
0.00519479
-2.48037e-08
0.00519479
-1.87874e-08
0.0051948
-1.35747e-08
0.0051948
-1.03733e-08
0.0051948
-6.82253e-09
0.0051948
-4.70467e-09
0.0051948
-2.77112e-09
0.0051948
-1.96038e-09
0.0051948
-5.35029e-10
0.0051948
-1.4442e-10
0.0051948
5.10096e-10
0.0051948
-2.78562e-10
0.0051948
-5.31263e-10
0.0051948
-7.59389e-10
0.0051948
-6.99596e-10
0.0051948
-1.43506e-09
0.0051948
-1.15371e-09
0.0051948
-8.7953e-10
0.0051948
-1.56557e-10
0.0051948
-4.99478e-10
0.0051948
-4.66435e-10
0.0051948
-6.31158e-10
0.0051948
3.91412e-12
0.0051948
-3.09457e-10
0.0051948
-3.95985e-10
0.0051948
-9.05047e-10
0.0051948
-8.35818e-10
0.0051948
-1.39486e-09
0.0051948
-8.89853e-10
0.0051948
-4.19455e-10
0.0051948
3.67777e-10
0.0051948
7.09349e-10
0.0051948
1.76595e-09
0.0051948
2.32646e-09
0.0051948
2.98438e-09
0.0051948
2.91032e-09
0.0051948
3.28936e-09
0.0051948
3.12582e-09
0.0051948
3.25308e-09
0.0051948
2.68802e-09
0.0051948
2.43089e-09
0.0051948
1.8886e-09
0.0051948
1.59681e-09
0.0051948
6.74809e-10
0.0051948
-2.46261e-10
0.00519481
-1.50687e-09
0.00519481
-2.77001e-09
0.00519481
-4.7111e-09
0.00519481
-6.82556e-09
0.00519481
-9.84477e-09
0.00519481
-1.38311e-08
0.00519482
-1.99091e-08
0.00519482
-2.78447e-08
0.00519483
-3.86412e-08
0.00519484
-5.3464e-08
0.00519486
-7.44485e-08
0.00519488
-1.05342e-07
0.00519492
-1.49882e-07
0.00519497
-2.26483e-07
0.00519504
-3.44351e-07
0.00519518
-6.10813e-07
0.0051954
-1.04021e-06
0.005196
-2.697e-06
0.00519751
-6.62314e-06
0.00520272
-2.26239e-05
-4.41577e-05
0.00510793
-0.000514033
0.00516853
-0.000315764
0.00518527
-9.21281e-05
0.00518587
-2.70601e-06
0.0051848
6.22112e-06
0.00518528
-2.14436e-06
0.00518628
-5.48201e-06
0.00518752
-6.8013e-06
0.00518861
-6.08981e-06
0.00518958
-5.40641e-06
0.00519041
-4.60353e-06
0.00519111
-3.94991e-06
0.00519171
-3.35863e-06
0.00519222
-2.88633e-06
0.00519266
-2.48469e-06
0.00519303
-2.13364e-06
0.00519335
-1.8181e-06
0.00519362
-1.54122e-06
0.00519385
-1.29815e-06
0.00519403
-1.08796e-06
0.00519419
-9.0469e-07
0.00519432
-7.4537e-07
0.00519442
-6.0741e-07
0.00519451
-4.90665e-07
0.00519458
-3.91895e-07
0.00519463
-3.11685e-07
0.00519467
-2.44797e-07
0.0051947
-1.91131e-07
0.00519473
-1.48076e-07
0.00519475
-1.15346e-07
0.00519476
-8.93615e-08
0.00519477
-6.91335e-08
0.00519478
-5.20528e-08
0.00519479
-3.95456e-08
0.00519479
-2.90932e-08
0.0051948
-2.20261e-08
0.0051948
-1.59793e-08
0.0051948
-1.21496e-08
0.0051948
-8.11707e-09
0.0051948
-5.63984e-09
0.0051948
-3.39944e-09
0.0051948
-2.5025e-09
0.0051948
-1.01152e-09
0.0051948
-5.47365e-10
0.0051948
2.95357e-10
0.0051948
-4.04209e-10
0.0051948
-7.1822e-10
0.0051948
-9.86866e-10
0.0051948
-6.8983e-10
0.0051948
-1.27728e-09
0.0051948
-1.03366e-09
0.0051948
-8.76747e-10
0.0051948
-7.87441e-11
0.0051948
-3.1316e-10
0.0051948
-3.12287e-10
0.0051948
-6.80796e-10
0.0051948
-9.36048e-11
0.0051948
-3.48192e-10
0.0051948
-4.08591e-10
0.0051948
-1.02532e-09
0.0051948
-9.46022e-10
0.0051948
-1.4725e-09
0.0051948
-9.30892e-10
0.0051948
-3.87718e-10
0.0051948
5.20093e-10
0.0051948
7.7442e-10
0.0051948
1.69423e-09
0.0051948
2.18973e-09
0.0051948
2.91747e-09
0.0051948
2.817e-09
0.0051948
3.07601e-09
0.0051948
2.79451e-09
0.0051948
2.98265e-09
0.0051948
2.48979e-09
0.0051948
2.24764e-09
0.0051948
1.68143e-09
0.0051948
1.41661e-09
0.0051948
4.8975e-10
0.0051948
-5.03029e-10
0.0051948
-1.93153e-09
0.00519481
-3.38774e-09
0.00519481
-5.65488e-09
0.00519481
-8.2461e-09
0.00519481
-1.1867e-08
0.00519481
-1.65842e-08
0.00519482
-2.37423e-08
0.00519482
-3.32811e-08
0.00519483
-4.63105e-08
0.00519484
-6.4167e-08
0.00519485
-8.93814e-08
0.00519487
-1.26522e-07
0.0051949
-1.79912e-07
0.00519495
-2.70979e-07
0.00519502
-4.09927e-07
0.00519513
-7.23694e-07
0.00519532
-1.23175e-06
0.00519584
-3.21471e-06
0.00519718
-7.96112e-06
0.00520188
-2.73281e-05
-5.34826e-05
0.00511241
-0.000626443
0.00517072
-0.000374078
0.00518603
-0.000107433
0.00518669
-3.36416e-06
0.00518574
7.16333e-06
0.00518624
-2.64571e-06
0.00518717
-6.4029e-06
0.0051883
-7.9326e-06
0.00518929
-7.08342e-06
0.00519017
-6.28581e-06
0.00519091
-5.34285e-06
0.00519154
-4.58196e-06
0.00519208
-3.89451e-06
0.00519253
-3.34338e-06
0.00519292
-2.87378e-06
0.00519325
-2.46522e-06
0.00519353
-2.09948e-06
0.00519377
-1.77891e-06
0.00519397
-1.49763e-06
0.00519414
-1.25409e-06
0.00519427
-1.04197e-06
0.00519439
-8.57805e-07
0.00519448
-6.98642e-07
0.00519455
-5.64047e-07
0.00519461
-4.50146e-07
0.00519466
-3.57666e-07
0.00519469
-2.80825e-07
0.00519472
-2.19049e-07
0.00519474
-1.69342e-07
0.00519476
-1.31516e-07
0.00519477
-1.0171e-07
0.00519478
-7.85533e-08
0.00519479
-5.89821e-08
0.00519479
-4.45673e-08
0.00519479
-3.26713e-08
0.0051948
-2.46861e-08
0.0051948
-1.79495e-08
0.0051948
-1.36127e-08
0.0051948
-9.19424e-09
0.0051948
-6.42593e-09
0.0051948
-3.91266e-09
0.0051948
-2.9315e-09
0.0051948
-1.39618e-09
0.0051948
-9.19656e-10
0.0051948
6.9538e-11
0.0051948
-4.97748e-10
0.0051948
-8.20533e-10
0.0051948
-1.16983e-09
0.0051948
-7.0324e-10
0.0051948
-1.11722e-09
0.0051948
-8.47983e-10
0.0051948
-8.31705e-10
0.0051948
-4.99056e-11
0.0051948
-1.89532e-10
0.0051948
-1.50527e-10
0.0051948
-6.89063e-10
0.0051948
-1.94105e-10
0.0051948
-4.24788e-10
0.0051948
-4.26348e-10
0.0051948
-1.11864e-09
0.0051948
-1.02598e-09
0.0051948
-1.51223e-09
0.0051948
-9.48247e-10
0.0051948
-3.7869e-10
0.0051948
6.4402e-10
0.0051948
8.45764e-10
0.0051948
1.62446e-09
0.0051948
2.00782e-09
0.0051948
2.78136e-09
0.0051948
2.70312e-09
0.0051948
2.88606e-09
0.0051948
2.46325e-09
0.0051948
2.66761e-09
0.0051948
2.26273e-09
0.0051948
2.06776e-09
0.0051948
1.48473e-09
0.0051948
1.2338e-09
0.0051948
3.04263e-10
0.0051948
-7.37922e-10
0.0051948
-2.31208e-09
0.0051948
-3.92401e-09
0.00519481
-6.4473e-09
0.00519481
-9.45135e-09
0.00519481
-1.36313e-08
0.00519481
-1.89995e-08
0.00519481
-2.70634e-08
0.00519482
-3.79856e-08
0.00519482
-5.3012e-08
0.00519483
-7.3556e-08
0.00519485
-1.0244e-07
0.00519487
-1.44891e-07
0.00519489
-2.05655e-07
0.00519493
-3.08289e-07
0.00519498
-4.63224e-07
0.00519507
-8.12397e-07
0.00519522
-1.38115e-06
0.00519564
-3.63396e-06
0.00519677
-9.09601e-06
0.00520085
-3.14082e-05
-6.16709e-05
0.005118
-0.000744447
0.0051734
-0.000429473
0.00518696
-0.000120995
0.00518768
-4.08316e-06
0.00518688
7.96256e-06
0.0051874
-3.16792e-06
0.00518822
-7.22065e-06
0.00518922
-8.93515e-06
0.00519009
-7.95258e-06
0.00519086
-7.05341e-06
0.0051915
-5.98406e-06
0.00519205
-5.12823e-06
0.00519251
-4.35568e-06
0.0051929
-3.73516e-06
0.00519323
-3.2058e-06
0.00519351
-2.74693e-06
0.00519375
-2.33759e-06
0.00519395
-1.9793e-06
0.00519412
-1.66515e-06
0.00519426
-1.39296e-06
0.00519437
-1.15619e-06
0.00519446
-9.5097e-07
0.00519454
-7.73957e-07
0.0051946
-6.24452e-07
0.00519465
-4.97871e-07
0.00519468
-3.9509e-07
0.00519471
-3.10004e-07
0.00519474
-2.41617e-07
0.00519475
-1.86486e-07
0.00519477
-1.44454e-07
0.00519478
-1.11484e-07
0.00519478
-8.59479e-08
0.00519479
-6.44027e-08
0.00519479
-4.85185e-08
0.0051948
-3.5485e-08
0.0051948
-2.67279e-08
0.0051948
-1.94361e-08
0.0051948
-1.47144e-08
0.0051948
-1.0028e-08
0.0051948
-7.05672e-09
0.0051948
-4.32186e-09
0.0051948
-3.25322e-09
0.0051948
-1.68344e-09
0.0051948
-1.23686e-09
0.0051948
-1.62057e-10
0.0051948
-5.7854e-10
0.0051948
-8.5002e-10
0.0051948
-1.28298e-09
0.0051948
-7.24588e-10
0.0051948
-9.77328e-10
0.0051948
-6.25241e-10
0.0051948
-7.29851e-10
0.0051948
-4.43371e-11
0.0051948
-1.31791e-10
0.0051948
-9.98395e-12
0.0051948
-6.55971e-10
0.0051948
-2.75386e-10
0.0051948
-5.21338e-10
0.0051948
-4.52361e-10
0.0051948
-1.18482e-09
0.0051948
-1.07556e-09
0.0051948
-1.51044e-09
0.0051948
-9.36937e-10
0.0051948
-3.85656e-10
0.0051948
7.25491e-10
0.0051948
9.09296e-10
0.0051948
1.56287e-09
0.0051948
1.80716e-09
0.0051948
2.58363e-09
0.0051948
2.55737e-09
0.0051948
2.71825e-09
0.0051948
2.16084e-09
0.0051948
2.33351e-09
0.0051948
2.01309e-09
0.0051948
1.89039e-09
0.0051948
1.30669e-09
0.0051948
1.05893e-09
0.0051948
1.27205e-10
0.0051948
-9.40802e-10
0.0051948
-2.63233e-09
0.0051948
-4.36665e-09
0.0051948
-7.07175e-09
0.0051948
-1.04014e-08
0.00519481
-1.50731e-08
0.00519481
-2.10127e-08
0.00519481
-2.98033e-08
0.00519481
-4.18476e-08
0.00519482
-5.85686e-08
0.00519483
-8.14013e-08
0.00519484
-1.13324e-07
0.00519485
-1.60025e-07
0.00519487
-2.2649e-07
0.0051949
-3.37453e-07
0.00519494
-5.0276e-07
0.005195
-8.74097e-07
0.00519511
-1.48327e-06
0.00519541
-3.9409e-06
0.00519631
-9.99595e-06
0.00519966
-3.47509e-05
-6.85027e-05
0.00512485
-0.000869298
0.00517659
-0.000481207
0.00518808
-0.000132491
0.00518886
-4.86744e-06
0.00518821
8.6116e-06
0.00518875
-3.69959e-06
0.00518944
-7.91341e-06
0.00519029
-9.78458e-06
0.00519101
-8.67547e-06
0.00519165
-7.69007e-06
0.00519217
-6.51097e-06
0.00519262
-5.57493e-06
0.005193
-4.73043e-06
0.00519331
-4.05168e-06
0.00519358
-3.47223e-06
0.0051938
-2.97152e-06
0.00519399
-2.52625e-06
0.00519415
-2.13715e-06
0.00519428
-1.79631e-06
0.00519439
-1.50091e-06
0.00519448
-1.24433e-06
0.00519455
-1.02237e-06
0.00519461
-8.3131e-07
0.00519465
-6.70232e-07
0.00519469
-5.33797e-07
0.00519471
-4.22969e-07
0.00519474
-3.31547e-07
0.00519475
-2.58207e-07
0.00519477
-1.99042e-07
0.00519477
-1.53827e-07
0.00519478
-1.1845e-07
0.00519479
-9.11354e-08
0.00519479
-6.81586e-08
0.00519479
-5.12708e-08
0.0051948
-3.74715e-08
0.0051948
-2.81253e-08
0.0051948
-2.04065e-08
0.0051948
-1.54179e-08
0.0051948
-1.05914e-08
0.0051948
-7.52036e-09
0.0051948
-4.62878e-09
0.0051948
-3.47479e-09
0.0051948
-1.87594e-09
0.0051948
-1.48137e-09
0.0051948
-3.83639e-10
0.0051948
-6.59027e-10
0.0051948
-8.2565e-10
0.0051948
-1.3152e-09
0.0051948
-7.32262e-10
0.0051948
-8.69058e-10
0.0051948
-3.9734e-10
0.0051948
-5.74547e-10
0.0051948
-3.45776e-11
0.0051948
-1.27985e-10
0.0051948
8.96383e-11
0.0051948
-5.90258e-10
0.0051948
-3.19316e-10
0.0051948
-6.15541e-10
0.0051948
-4.82306e-10
0.0051948
-1.22291e-09
0.0051948
-1.09492e-09
0.0051948
-1.46785e-09
0.0051948
-8.94112e-10
0.0051948
-3.97908e-10
0.0051948
7.59469e-10
0.0051948
9.51678e-10
0.0051948
1.51008e-09
0.0051948
1.61139e-09
0.0051948
2.34276e-09
0.0051948
2.37292e-09
0.0051948
2.56218e-09
0.0051948
1.90426e-09
0.0051948
2.00839e-09
0.0051948
1.75176e-09
0.0051948
1.71282e-09
0.0051948
1.14839e-09
0.0051948
9.01607e-10
0.0051948
-2.9794e-11
0.0051948
-1.10062e-09
0.0051948
-2.87513e-09
0.0051948
-4.70181e-09
0.0051948
-7.52027e-09
0.0051948
-1.10708e-08
0.0051948
-1.61363e-08
0.0051948
-2.25571e-08
0.0051948
-3.1899e-08
0.00519481
-4.47775e-08
0.00519481
-6.28251e-08
0.00519482
-8.74898e-08
0.00519483
-1.21763e-07
0.00519484
-1.71561e-07
0.00519485
-2.41911e-07
0.00519487
-3.57751e-07
0.0051949
-5.27529e-07
0.00519493
-9.07003e-07
0.00519498
-1.53471e-06
0.00519517
-4.12492e-06
0.00519581
-1.06339e-05
0.0051983
-3.72499e-05
-7.37631e-05
0.00513313
-0.00100243
0.00518031
-0.000528393
0.0051894
-0.000141573
0.00519024
-5.71501e-06
0.00518975
9.10949e-06
0.00519027
-4.22305e-06
0.00519081
-8.45774e-06
0.00519148
-1.04554e-05
0.00519204
-9.22989e-06
0.00519253
-8.1765e-06
0.00519292
-6.90754e-06
0.00519326
-5.90854e-06
0.00519353
-5.00747e-06
0.00519377
-4.2834e-06
0.00519396
-3.66503e-06
0.00519412
-3.13223e-06
0.00519425
-2.65974e-06
0.00519436
-2.24765e-06
0.00519445
-1.88716e-06
0.00519453
-1.57469e-06
0.00519459
-1.30372e-06
0.00519463
-1.06983e-06
0.00519467
-8.68952e-07
0.0051947
-6.99981e-07
0.00519472
-5.56846e-07
0.00519474
-4.40498e-07
0.00519475
-3.44825e-07
0.00519476
-2.68313e-07
0.00519477
-2.06622e-07
0.00519478
-1.59359e-07
0.00519478
-1.22414e-07
0.00519478
-9.3985e-08
0.00519479
-7.01401e-08
0.00519479
-5.27121e-08
0.00519479
-3.85473e-08
0.00519479
-2.8844e-08
0.00519479
-2.0844e-08
0.00519479
-1.57057e-08
0.00519479
-1.08644e-08
0.00519479
-7.80256e-09
0.00519479
-4.82887e-09
0.00519479
-3.60216e-09
0.00519479
-1.97893e-09
0.00519479
-1.64449e-09
0.00519479
-5.73489e-10
0.00519479
-7.41482e-10
0.00519479
-7.67632e-10
0.00519479
-1.27179e-09
0.00519479
-7.07283e-10
0.00519479
-7.92136e-10
0.00519479
-1.94643e-10
0.00519479
-3.83242e-10
0.00519479
1.61885e-13
0.00519479
-1.56722e-10
0.00519479
1.40947e-10
0.00519479
-5.06717e-10
0.00519479
-3.17484e-10
0.00519479
-6.87482e-10
0.00519479
-5.06577e-10
0.00519479
-1.23204e-09
0.00519479
-1.08449e-09
0.00519479
-1.38962e-09
0.00519479
-8.20593e-10
0.00519479
-4.04341e-10
0.00519479
7.47944e-10
0.00519479
9.60302e-10
0.00519479
1.46132e-09
0.00519479
1.4354e-09
0.00519479
2.08148e-09
0.00519479
2.14845e-09
0.00519479
2.40107e-09
0.00519479
1.69445e-09
0.00519479
1.71473e-09
0.00519479
1.49056e-09
0.00519479
1.52971e-09
0.00519479
1.00164e-09
0.00519479
7.63283e-10
0.00519479
-1.57412e-10
0.00519479
-1.20726e-09
0.00519479
-3.02706e-09
0.00519479
-4.91659e-09
0.00519479
-7.78854e-09
0.00519479
-1.14483e-08
0.00519479
-1.67807e-08
0.00519479
-2.35708e-08
0.00519479
-3.32938e-08
0.00519479
-4.67042e-08
0.0051948
-6.56527e-08
0.0051948
-9.16297e-08
0.00519481
-1.27513e-07
0.00519481
-1.79192e-07
0.00519482
-2.51538e-07
0.00519484
-3.6872e-07
0.00519485
-5.37047e-07
0.00519485
-9.10468e-07
0.00519485
-1.53408e-06
0.0051949
-4.17928e-06
0.00519526
-1.09884e-05
0.00519682
-3.88083e-05
-7.7244e-05
0.00514306
-0.00114549
0.00518462
-0.000569952
0.00519092
-0.000147871
0.00519182
-6.61377e-06
0.00519146
9.46089e-06
0.00519195
-4.714e-06
0.00519233
-8.82872e-06
0.00519279
-1.09207e-05
0.00519316
-9.59329e-06
0.00519347
-8.49327e-06
0.00519372
-7.1579e-06
0.00519393
-6.11587e-06
0.0051941
-5.17595e-06
0.00519424
-4.42129e-06
0.00519435
-3.77669e-06
0.00519444
-3.22283e-06
0.00519451
-2.73292e-06
0.00519457
-2.30653e-06
0.00519462
-1.93419e-06
0.00519465
-1.61149e-06
0.00519468
-1.33211e-06
0.0051947
-1.09157e-06
0.00519472
-8.85468e-07
0.00519473
-7.1257e-07
0.00519474
-5.66157e-07
0.00519475
-4.47062e-07
0.00519475
-3.49381e-07
0.00519476
-2.71569e-07
0.00519476
-2.08931e-07
0.00519476
-1.60841e-07
0.00519476
-1.23235e-07
0.00519476
-9.44105e-08
0.00519476
-7.02825e-08
0.00519476
-5.27609e-08
0.00519476
-3.86336e-08
0.00519476
-2.88608e-08
0.00519476
-2.07518e-08
0.00519476
-1.55772e-08
0.00519476
-1.08345e-08
0.00519476
-7.88546e-09
0.00519476
-4.90915e-09
0.00519476
-3.63685e-09
0.00519476
-1.99253e-09
0.00519476
-1.71957e-09
0.00519476
-7.08907e-10
0.00519476
-8.16085e-10
0.00519476
-6.92246e-10
0.00519476
-1.17099e-09
0.00519476
-6.42057e-10
0.00519476
-7.31965e-10
0.00519476
-4.14128e-11
0.00519476
-1.85208e-10
0.00519476
6.90364e-11
0.00519476
-1.96475e-10
0.00519476
1.47212e-10
0.00519476
-4.24221e-10
0.00519476
-2.7351e-10
0.00519476
-7.26616e-10
0.00519476
-5.18969e-10
0.00519476
-1.21402e-09
0.00519476
-1.04832e-09
0.00519476
-1.28651e-09
0.00519476
-7.26476e-10
0.00519476
-4.02369e-10
0.00519476
7.01506e-10
0.00519476
9.31836e-10
0.00519476
1.40899e-09
0.00519476
1.28073e-09
0.00519476
1.81815e-09
0.00519476
1.88757e-09
0.00519476
2.21705e-09
0.00519476
1.51818e-09
0.00519476
1.4646e-09
0.00519476
1.24225e-09
0.00519476
1.34562e-09
0.00519476
8.65e-10
0.00519476
6.44183e-10
0.00519476
-2.55666e-10
0.00519476
-1.26416e-09
0.00519476
-3.08458e-09
0.00519476
-5.0039e-09
0.00519476
-7.8739e-09
0.00519476
-1.15327e-08
0.00519476
-1.69872e-08
0.00519476
-2.4006e-08
0.00519476
-3.39339e-08
0.00519476
-4.75709e-08
0.00519476
-6.69522e-08
0.00519476
-9.36545e-08
0.00519477
-1.30358e-07
0.00519477
-1.82673e-07
0.00519477
-2.55109e-07
0.00519478
-3.70161e-07
0.00519477
-5.31371e-07
0.00519475
-8.85073e-07
0.00519469
-1.48214e-06
0.00519462
-4.10169e-06
0.00519467
-1.10444e-05
0.00519521
-3.93418e-05
-7.87468e-05
0.00515491
-0.0013004
0.00518952
-0.000604556
0.00519262
-0.000150979
0.00519355
-7.53665e-06
0.00519333
9.6744e-06
0.00519376
-5.14138e-06
0.00519393
-9.00024e-06
0.00519416
-1.11525e-05
0.00519431
-9.74279e-06
0.00519444
-8.6208e-06
0.00519453
-7.24641e-06
0.0051946
-6.18409e-06
0.00519465
-5.22551e-06
0.00519468
-4.45691e-06
0.00519471
-3.80036e-06
0.00519472
-3.23773e-06
0.00519473
-2.74126e-06
0.00519473
-2.31013e-06
0.00519473
-1.93444e-06
0.00519473
-1.60903e-06
0.00519473
-1.32773e-06
0.00519472
-1.08622e-06
0.00519471
-8.79814e-07
0.00519471
-7.07189e-07
0.0051947
-5.61124e-07
0.0051947
-4.42251e-07
0.00519469
-3.44942e-07
0.00519469
-2.67755e-07
0.00519469
-2.05787e-07
0.00519468
-1.58144e-07
0.00519468
-1.20832e-07
0.00519468
-9.23745e-08
0.00519468
-6.85725e-08
0.00519468
-5.13907e-08
0.00519468
-3.7672e-08
0.00519468
-2.8165e-08
0.00519468
-2.01526e-08
0.00519467
-1.50336e-08
0.00519467
-1.04825e-08
0.00519467
-7.73722e-09
0.00519467
-4.83239e-09
0.00519467
-3.55707e-09
0.00519467
-1.92686e-09
0.00519467
-1.7122e-09
0.00519467
-7.80092e-10
0.00519467
-8.73758e-10
0.00519467
-6.16225e-10
0.00519467
-1.04137e-09
0.00519467
-5.45778e-10
0.00519467
-6.76933e-10
0.00519467
5.60105e-11
0.00519467
-1.61297e-11
0.00519467
1.67018e-10
0.00519467
-2.24636e-10
0.00519467
1.25528e-10
0.00519467
-3.51304e-10
0.00519467
-2.01319e-10
0.00519467
-7.23031e-10
0.00519467
-5.09857e-10
0.00519467
-1.16704e-09
0.00519467
-9.84647e-10
0.00519467
-1.16354e-09
0.00519467
-6.10583e-10
0.00519467
-3.8534e-10
0.00519467
6.30195e-10
0.00519467
8.58714e-10
0.00519467
1.33877e-09
0.00519467
1.13895e-09
0.00519467
1.56452e-09
0.00519467
1.60079e-09
0.00519467
1.99722e-09
0.00519467
1.35342e-09
0.00519467
1.25391e-09
0.00519467
1.00753e-09
0.00519467
1.1504e-09
0.00519467
7.18835e-10
0.00519467
5.40066e-10
0.00519467
-3.21085e-10
0.00519467
-1.2703e-09
0.00519467
-3.04684e-09
0.00519467
-4.95876e-09
0.00519467
-7.78098e-09
0.00519467
-1.13445e-08
0.00519467
-1.6758e-08
0.00519467
-2.38384e-08
0.00519467
-3.37693e-08
0.00519467
-4.73297e-08
0.00519467
-6.66506e-08
0.00519467
-9.34287e-08
0.00519467
-1.30114e-07
0.00519467
-1.81813e-07
0.00519467
-2.52476e-07
0.00519466
-3.62137e-07
0.00519464
-5.11103e-07
0.00519459
-8.32672e-07
0.00519449
-1.38202e-06
0.00519428
-3.8949e-06
0.00519403
-1.07941e-05
0.00519347
-3.87817e-05
-7.8085e-05
0.00516897
-0.00146937
0.00519495
-0.000630533
0.00519442
-0.000150447
0.00519532
-8.43547e-06
0.00519523
9.75916e-06
0.00519556
-5.46772e-06
0.0051955
-8.9455e-06
0.00519547
-1.1121e-05
0.00519539
-9.6552e-06
0.0051953
-8.53941e-06
0.00519522
-7.15773e-06
0.00519513
-6.10079e-06
0.00519505
-5.14635e-06
0.00519498
-4.38242e-06
0.00519491
-3.72984e-06
0.00519484
-3.17202e-06
0.00519478
-2.68092e-06
0.00519473
-2.25545e-06
0.00519468
-1.88555e-06
0.00519463
-1.56554e-06
0.0051946
-1.28932e-06
0.00519456
-1.05288e-06
0.00519453
-8.51333e-07
0.00519451
-6.83359e-07
0.00519449
-5.41411e-07
0.00519447
-4.2588e-07
0.00519446
-3.31436e-07
0.00519445
-2.56824e-07
0.00519444
-1.97147e-07
0.00519443
-1.51243e-07
0.00519443
-1.15212e-07
0.00519442
-8.7897e-08
0.00519442
-6.50494e-08
0.00519442
-4.86476e-08
0.00519442
-3.56529e-08
0.00519441
-2.67113e-08
0.00519441
-1.90423e-08
0.00519441
-1.41233e-08
0.00519441
-9.8355e-09
0.00519441
-7.37543e-09
0.00519441
-4.61509e-09
0.00519441
-3.36974e-09
0.00519441
-1.79377e-09
0.00519441
-1.63048e-09
0.00519441
-7.84347e-10
0.00519441
-8.99604e-10
0.00519441
-5.45353e-10
0.00519441
-9.04476e-10
0.00519441
-4.30515e-10
0.00519441
-6.16264e-10
0.00519441
9.99934e-11
0.00519441
1.02497e-10
0.00519441
2.76458e-10
0.00519441
-2.31582e-10
0.00519441
8.89225e-11
0.00519441
-2.98231e-10
0.00519441
-1.23e-10
0.00519441
-6.85839e-10
0.00519441
-4.7917e-10
0.00519441
-1.09671e-09
0.00519441
-9.03036e-10
0.00519441
-1.03661e-09
0.00519441
-4.91844e-10
0.00519441
-3.56557e-10
0.00519441
5.45671e-10
0.00519441
7.48642e-10
0.00519441
1.23984e-09
0.00519441
9.98211e-10
0.00519441
1.32519e-09
0.00519441
1.30478e-09
0.00519441
1.74138e-09
0.00519441
1.18366e-09
0.00519441
1.07742e-09
0.00519441
8.02922e-10
0.00519441
9.57961e-10
0.00519441
5.68716e-10
0.00519441
4.38412e-10
0.00519441
-3.67596e-10
0.00519441
-1.23701e-09
0.00519441
-2.92144e-09
0.00519441
-4.75872e-09
0.00519441
-7.49346e-09
0.00519441
-1.08854e-08
0.00519441
-1.60954e-08
0.0051944
-2.30554e-08
0.0051944
-3.27646e-08
0.0051944
-4.59497e-08
0.0051944
-6.4694e-08
0.0051944
-9.08503e-08
0.00519439
-1.26632e-07
0.00519439
-1.76473e-07
0.00519438
-2.43592e-07
0.00519436
-3.44946e-07
0.00519433
-4.7736e-07
0.00519425
-7.56392e-07
0.00519411
-1.23935e-06
0.00519378
-3.56732e-06
0.00519323
-1.02374e-05
0.00519153
-3.70808e-05
-7.50902e-05
0.00518545
-0.00165482
0.00520065
-0.000645731
0.00519597
-0.000145769
0.00519677
-9.23404e-06
0.00519681
9.71886e-06
0.00519699
-5.65011e-06
0.00519668
-8.6379e-06
0.00519636
-1.07954e-05
0.00519601
-9.30727e-06
0.0051957
-8.22952e-06
0.00519542
-6.87693e-06
0.00519517
-5.85412e-06
0.00519496
-4.92927e-06
0.00519476
-4.19067e-06
0.00519459
-3.55963e-06
0.00519444
-3.02151e-06
0.00519431
-2.54877e-06
0.0051942
-2.1402e-06
0.0051941
-1.78584e-06
0.00519401
-1.47985e-06
0.00519394
-1.21614e-06
0.00519388
-9.91099e-07
0.00519382
-7.998e-07
0.00519378
-6.40983e-07
0.00519375
-5.07024e-07
0.00519372
-3.98029e-07
0.0051937
-3.09e-07
0.00519368
-2.3892e-07
0.00519366
-1.83124e-07
0.00519365
-1.40236e-07
0.00519365
-1.06481e-07
0.00519364
-8.10728e-08
0.00519363
-5.98083e-08
0.00519363
-4.46304e-08
0.00519363
-3.26798e-08
0.00519362
-2.45452e-08
0.00519362
-1.74473e-08
0.00519362
-1.28639e-08
0.00519362
-8.90127e-09
0.00519362
-6.77372e-09
0.00519362
-4.24519e-09
0.00519362
-3.0882e-09
0.00519362
-1.6112e-09
0.00519362
-1.49266e-09
0.00519362
-7.36299e-10
0.00519362
-8.87934e-10
0.00519362
-4.82274e-10
0.00519362
-7.75571e-10
0.00519362
-3.17004e-10
0.00519362
-5.41469e-10
0.00519362
1.04814e-10
0.00519362
1.6149e-10
0.00519362
3.76206e-10
0.00519362
-2.09068e-10
0.00519362
5.2198e-11
0.00519362
-2.65803e-10
0.00519362
-5.4408e-11
0.00519362
-6.20936e-10
0.00519362
-4.25749e-10
0.00519362
-1.00222e-09
0.00519362
-8.07766e-10
0.00519362
-9.06528e-10
0.00519362
-3.77719e-10
0.00519362
-3.20181e-10
0.00519362
4.50331e-10
0.00519362
6.0861e-10
0.00519362
1.10619e-09
0.00519362
8.53451e-10
0.00519362
1.10445e-09
0.00519362
1.02118e-09
0.00519362
1.45971e-09
0.00519362
9.98455e-10
0.00519362
9.18398e-10
0.00519362
6.25829e-10
0.00519362
7.72039e-10
0.00519362
4.19412e-10
0.00519362
3.40362e-10
0.00519362
-3.92999e-10
0.00519362
-1.17041e-09
0.00519362
-2.7172e-09
0.00519362
-4.43173e-09
0.00519362
-7.01448e-09
0.00519361
-1.01639e-08
0.00519361
-1.50172e-08
0.00519361
-2.15787e-08
0.00519361
-3.08922e-08
0.00519361
-4.33871e-08
0.0051936
-6.10498e-08
0.0051936
-8.58623e-08
0.00519359
-1.19809e-07
0.00519358
-1.66569e-07
0.00519357
-2.28496e-07
0.00519354
-3.19095e-07
0.00519349
-4.31742e-07
0.0051934
-6.60605e-07
0.00519322
-1.06234e-06
0.00519279
-3.13362e-06
0.00519193
-9.38318e-06
0.00518907
-3.42209e-05
-6.96218e-05
0.00520407
-0.00185889
0.00520563
-0.000647288
0.00519623
-0.000136375
0.00519682
-9.82268e-06
0.005197
9.54185e-06
0.00519699
-5.64238e-06
0.0051964
-8.05262e-06
0.00519575
-1.01441e-05
0.00519512
-8.67635e-06
0.00519456
-7.67206e-06
0.00519408
-6.38991e-06
0.00519366
-5.43307e-06
0.00519329
-4.56595e-06
0.00519298
-3.87543e-06
0.0051927
-3.2852e-06
0.00519246
-2.78288e-06
0.00519226
-2.34245e-06
0.00519208
-1.96284e-06
0.00519193
-1.63438e-06
0.0051918
-1.35145e-06
0.00519169
-1.10808e-06
0.0051916
-9.00983e-07
0.00519153
-7.25439e-07
0.00519147
-5.80342e-07
0.00519142
-4.58333e-07
0.00519138
-3.59076e-07
0.00519135
-2.77965e-07
0.00519132
-2.14365e-07
0.0051913
-1.64005e-07
0.00519129
-1.25362e-07
0.00519128
-9.48538e-08
0.00519127
-7.20833e-08
0.00519126
-5.30253e-08
0.00519126
-3.9401e-08
0.00519125
-2.87635e-08
0.00519125
-2.16829e-08
0.00519125
-1.54194e-08
0.00519125
-1.13104e-08
0.00519125
-7.74267e-09
0.00519124
-5.9791e-09
0.00519124
-3.75112e-09
0.00519124
-2.72844e-09
0.00519124
-1.3971e-09
0.00519124
-1.31606e-09
0.00519124
-6.55933e-10
0.00519124
-8.3703e-10
0.00519124
-4.21948e-10
0.00519124
-6.57096e-10
0.00519124
-2.19765e-10
0.00519124
-4.51784e-10
0.00519124
9.01211e-11
0.00519124
1.65915e-10
0.00519124
4.43158e-10
0.00519124
-1.63412e-10
0.00519124
2.27217e-11
0.00519124
-2.49866e-10
0.00519124
-8.95952e-12
0.00519124
-5.37534e-10
0.00519124
-3.54852e-10
0.00519124
-8.85396e-10
0.00519124
-7.06335e-10
0.00519124
-7.78585e-10
0.00519124
-2.76036e-10
0.00519124
-2.77381e-10
0.00519124
3.49812e-10
0.00519124
4.50023e-10
0.00519124
9.4036e-10
0.00519124
7.07823e-10
0.00519124
9.0702e-10
0.00519124
7.69737e-10
0.00519124
1.16948e-09
0.00519124
7.98509e-10
0.00519124
7.65959e-10
0.00519124
4.80144e-10
0.00519124
6.04957e-10
0.00519124
2.81024e-10
0.00519124
2.4198e-10
0.00519124
-3.99368e-10
0.00519124
-1.07203e-09
0.00519124
-2.43575e-09
0.00519124
-3.9669e-09
0.00519124
-6.32955e-09
0.00519124
-9.17802e-09
0.00519124
-1.35369e-08
0.00519123
-1.95014e-08
0.00519123
-2.80973e-08
0.00519123
-3.95263e-08
0.00519122
-5.57072e-08
0.00519121
-7.84426e-08
0.0051912
-1.09583e-07
0.00519119
-1.52057e-07
0.00519117
-2.07291e-07
0.00519113
-2.85223e-07
0.00519108
-3.76254e-07
0.00519097
-5.50802e-07
0.00519077
-8.61917e-07
0.00519025
-2.61584e-06
0.00518912
-8.25014e-06
0.00518512
-3.02248e-05
-6.15845e-05
0.00522276
-0.00208165
0.00520674
-0.000631263
0.00519201
-0.000121648
0.00519224
-1.0055e-05
0.0051926
9.186e-06
0.00519236
-5.39902e-06
0.00519147
-7.16969e-06
0.00519047
-9.13639e-06
0.00518953
-7.74232e-06
0.00518871
-6.84983e-06
0.005188
-5.68454e-06
0.0051874
-4.82827e-06
0.00518688
-4.04958e-06
0.00518644
-3.43177e-06
0.00518606
-2.90346e-06
0.00518573
-2.45384e-06
0.00518545
-2.06068e-06
0.00518521
-1.72281e-06
0.005185
-1.43114e-06
0.00518483
-1.18066e-06
0.00518469
-9.65662e-07
0.00518457
-7.83224e-07
0.00518447
-6.28999e-07
0.0051844
-5.02126e-07
0.00518433
-3.95944e-07
0.00518428
-3.09542e-07
0.00518425
-2.38862e-07
0.00518421
-1.83677e-07
0.00518419
-1.40225e-07
0.00518417
-1.06972e-07
0.00518416
-8.06158e-08
0.00518415
-6.11417e-08
0.00518414
-4.486e-08
0.00518413
-3.32387e-08
0.00518413
-2.41259e-08
0.00518413
-1.82368e-08
0.00518412
-1.30021e-08
0.00518412
-9.51053e-09
0.00518412
-6.41784e-09
0.00518412
-5.02269e-09
0.00518412
-3.15585e-09
0.00518412
-2.30917e-09
0.00518412
-1.16348e-09
0.00518412
-1.11403e-09
0.00518412
-5.60305e-10
0.00518412
-7.49146e-10
0.00518412
-3.51385e-10
0.00518412
-5.43829e-10
0.00518412
-1.43798e-10
0.00518412
-3.52376e-10
0.00518412
7.15665e-11
0.00518412
1.31916e-10
0.00518412
4.603e-10
0.00518412
-1.09292e-10
0.00518412
2.59421e-12
0.00518412
-2.44808e-10
0.00518412
7.54026e-12
0.00518412
-4.46792e-10
0.00518412
-2.76479e-10
0.00518412
-7.49759e-10
0.00518412
-6.01035e-10
0.00518412
-6.53787e-10
0.00518412
-1.90517e-10
0.00518412
-2.33e-10
0.00518412
2.489e-10
0.00518412
2.87934e-10
0.00518412
7.53417e-10
0.00518412
5.68451e-10
0.00518412
7.35092e-10
0.00518412
5.60526e-10
0.00518412
8.8809e-10
0.00518412
5.93673e-10
0.00518412
6.14087e-10
0.00518412
3.61109e-10
0.00518412
4.59348e-10
0.00518412
1.59351e-10
0.00518412
1.43099e-10
0.00518412
-3.87622e-10
0.00518412
-9.38269e-10
0.00518412
-2.08122e-09
0.00518411
-3.37204e-09
0.00518411
-5.44062e-09
0.00518411
-7.93115e-09
0.00518411
-1.1673e-08
0.00518411
-1.68215e-08
0.0051841
-2.43651e-08
0.0051841
-3.44546e-08
0.00518409
-4.86557e-08
0.00518408
-6.85905e-08
0.00518407
-9.5929e-08
0.00518405
-1.32929e-07
0.00518402
-1.80128e-07
0.00518398
-2.44011e-07
0.00518392
-3.13057e-07
0.0051838
-4.3322e-07
0.00518359
-6.51163e-07
0.00518302
-2.04521e-06
0.00518164
-6.87098e-06
0.00517659
-2.51795e-05
-5.09513e-05
0.00523351
-0.00231516
0.00519441
-0.000592164
0.00517374
-0.000100984
0.00517342
-9.73706e-06
0.00517405
8.55651e-06
0.00517353
-4.87842e-06
0.00517234
-5.97995e-06
0.00517096
-7.74791e-06
0.0051697
-6.4924e-06
0.00516861
-5.75128e-06
0.00516768
-4.75368e-06
0.00516688
-4.03437e-06
0.00516621
-3.37668e-06
0.00516563
-2.85729e-06
0.00516514
-2.41332e-06
0.00516472
-2.03395e-06
0.00516437
-1.70393e-06
0.00516407
-1.4211e-06
0.00516381
-1.17751e-06
0.0051636
-9.69024e-07
0.00516342
-7.90515e-07
0.00516328
-6.39451e-07
0.00516316
-5.12077e-07
0.00516307
-4.07888e-07
0.00516299
-3.20795e-07
0.00516293
-2.50131e-07
0.00516289
-1.92549e-07
0.00516285
-1.47604e-07
0.00516282
-1.12412e-07
0.0051628
-8.55749e-08
0.00516279
-6.41702e-08
0.00516277
-4.85578e-08
0.00516277
-3.5559e-08
0.00516276
-2.62827e-08
0.00516275
-1.89373e-08
0.00516275
-1.43205e-08
0.00516275
-1.02495e-08
0.00516274
-7.51052e-09
0.00516274
-4.98587e-09
0.00516274
-3.94775e-09
0.00516274
-2.47662e-09
0.00516274
-1.83611e-09
0.00516274
-9.08756e-10
0.00516274
-8.9417e-10
0.00516274
-4.62332e-10
0.00516274
-6.32448e-10
0.00516274
-2.56417e-10
0.00516274
-4.24879e-10
0.00516274
-8.96476e-11
0.00516274
-2.56461e-10
0.00516274
5.60191e-11
0.00516274
8.31045e-11
0.00516274
4.26974e-10
0.00516274
-6.43023e-11
0.00516274
-1.25719e-11
0.00516274
-2.43309e-10
0.00516274
1.78198e-12
0.00516274
-3.54342e-10
0.00516274
-2.03156e-10
0.00516274
-6.05142e-10
0.00516274
-4.90329e-10
0.00516274
-5.24793e-10
0.00516274
-1.14965e-10
0.00516274
-1.87649e-10
0.00516274
1.54805e-10
0.00516274
1.41091e-10
0.00516274
5.65855e-10
0.00516274
4.45912e-10
0.00516274
5.86736e-10
0.00516274
3.9045e-10
0.00516274
6.27973e-10
0.00516274
3.99818e-10
0.00516274
4.66022e-10
0.00516274
2.62598e-10
0.00516274
3.33671e-10
0.00516274
5.88557e-11
0.00516274
5.19468e-11
0.00516274
-3.51894e-10
0.00516274
-7.61461e-10
0.00516274
-1.65855e-09
0.00516274
-2.66518e-09
0.00516274
-4.36383e-09
0.00516273
-6.43321e-09
0.00516273
-9.44946e-09
0.00516273
-1.36033e-08
0.00516272
-1.98227e-08
0.00516272
-2.81959e-08
0.00516271
-3.99387e-08
0.00516269
-5.63641e-08
0.00516268
-7.89104e-08
0.00516265
-1.0927e-07
0.00516262
-1.47259e-07
0.00516257
-1.96354e-07
0.0051625
-2.43903e-07
0.00516239
-3.14565e-07
0.00516218
-4.43746e-07
0.0051616
-1.4608e-06
0.00516003
-5.30394e-06
0.00515414
-1.9295e-05
-3.78196e-05
0.00521017
-0.00252533
0.00513985
-0.000521841
0.00511275
-7.38934e-05
0.00511162
-8.59951e-06
0.0051127
7.47276e-06
0.00511186
-4.04015e-06
0.00511038
-4.49886e-06
0.00510861
-5.97724e-06
0.00510705
-4.93151e-06
0.00510568
-4.38121e-06
0.00510453
-3.60293e-06
0.00510355
-3.05702e-06
0.00510273
-2.55267e-06
0.00510203
-2.15687e-06
0.00510143
-1.81674e-06
0.00510092
-1.52826e-06
0.0051005
-1.27696e-06
0.00510014
-1.06229e-06
0.00509984
-8.77752e-07
0.00509959
-7.20396e-07
0.00509938
-5.86071e-07
0.00509922
-4.72709e-07
0.00509908
-3.7733e-07
0.00509898
-2.99784e-07
0.00509889
-2.35132e-07
0.00509882
-1.82806e-07
0.00509877
-1.40351e-07
0.00509873
-1.07238e-07
0.0050987
-8.14489e-08
0.00509868
-6.18784e-08
0.00509866
-4.60936e-08
0.00509864
-3.478e-08
0.00509863
-2.5433e-08
0.00509863
-1.87827e-08
0.00509862
-1.34006e-08
0.00509862
-1.00998e-08
0.00509861
-7.25791e-09
0.00509861
-5.35212e-09
0.00509861
-3.49361e-09
0.00509861
-2.79789e-09
0.00509861
-1.73538e-09
0.00509861
-1.3244e-09
0.00509861
-6.45146e-10
0.00509861
-6.45631e-10
0.00509861
-3.56816e-10
0.0050986
-4.97827e-10
0.0050986
-1.47385e-10
0.0050986
-3.07273e-10
0.0050986
-5.72793e-11
0.0050986
-1.62295e-10
0.0050986
4.08384e-11
0.0050986
3.11318e-11
0.0050986
3.43823e-10
0.0050986
-3.77875e-11
0.0050986
-1.64936e-11
0.0050986
-2.3092e-10
0.0050986
-2.97408e-11
0.0050986
-2.73339e-10
0.0050986
-1.41259e-10
0.0050986
-4.45718e-10
0.0050986
-3.74745e-10
0.0050986
-4.08424e-10
0.0050986
-7.27235e-11
0.0050986
-1.43469e-10
0.0050986
8.43665e-11
0.0050986
2.82737e-11
0.0050986
3.73111e-10
0.00509861
3.19019e-10
0.00509861
4.41714e-10
0.00509861
2.53694e-10
0.00509861
3.95628e-10
0.00509861
2.26467e-10
0.00509861
3.1493e-10
0.00509861
1.60354e-10
0.00509861
2.11783e-10
0.00509861
-1.58098e-11
0.00509861
-2.41179e-11
0.00509861
-2.95019e-10
0.0050986
-5.57325e-10
0.0050986
-1.20077e-09
0.0050986
-1.89277e-09
0.0050986
-3.14209e-09
0.0050986
-4.72054e-09
0.0050986
-6.92526e-09
0.00509859
-9.94071e-09
0.00509859
-1.45916e-08
0.00509858
-2.08868e-08
0.00509857
-2.9706e-08
0.00509855
-4.19779e-08
0.00509853
-5.88095e-08
0.00509851
-8.14319e-08
0.00509847
-1.09236e-07
0.00509842
-1.43386e-07
0.00509834
-1.7213e-07
0.00509823
-2.02758e-07
0.00509805
-2.58426e-07
0.00509748
-8.92802e-07
0.00509583
-3.65025e-06
0.00508956
-1.30301e-05
-2.2743e-05
0.00507231
-0.00259764
0.00495575
-0.000405279
0.00492305
-4.1198e-05
0.00492078
-6.32653e-06
0.00492259
5.65848e-06
0.00492142
-2.86927e-06
0.00491972
-2.80078e-06
0.00491761
-3.86508e-06
0.0049158
-3.11896e-06
0.0049142
-2.78504e-06
0.00491288
-2.27498e-06
0.00491175
-1.93078e-06
0.00491081
-1.6077e-06
0.00491
-1.35673e-06
0.00490933
-1.13965e-06
0.00490876
-9.56237e-07
0.00490828
-7.96819e-07
0.00490787
-6.61027e-07
0.00490754
-5.44468e-07
0.00490727
-4.45527e-07
0.00490704
-3.61404e-07
0.00490686
-2.90599e-07
0.00490671
-2.31076e-07
0.0049066
-1.83069e-07
0.0049065
-1.43168e-07
0.00490643
-1.10952e-07
0.00490638
-8.49687e-08
0.00490633
-6.47045e-08
0.0049063
-4.90083e-08
0.00490628
-3.71714e-08
0.00490626
-2.74264e-08
0.00490624
-2.06333e-08
0.00490623
-1.50767e-08
0.00490623
-1.11679e-08
0.00490622
-7.87083e-09
0.00490622
-5.88584e-09
0.00490621
-4.26e-09
0.00490621
-3.18062e-09
0.00490621
-2.02923e-09
0.00490621
-1.67027e-09
0.00490621
-1.02593e-09
0.00490621
-8.14427e-10
0.00490621
-3.82953e-10
0.00490621
-3.82306e-10
0.00490621
-2.50478e-10
0.0049062
-3.59215e-10
0.0049062
-4.21884e-11
0.0049062
-1.7214e-10
0.0049062
-3.05112e-11
0.0049062
-7.38897e-11
0.0049062
2.87924e-11
0.0049062
-4.6158e-12
0.0049062
2.43012e-10
0.0049062
-2.07948e-11
0.0049062
-1.33415e-11
0.0049062
-1.77288e-10
0.0049062
-4.24599e-11
0.0049062
-1.78307e-10
0.0049062
-8.61318e-11
0.0049062
-2.81471e-10
0.0049062
-2.48437e-10
0.0049062
-2.78764e-10
0.0049062
-3.85973e-11
0.0049062
-7.31799e-11
0.0049062
6.02036e-11
0.0049062
-2.57911e-11
0.0049062
2.06392e-10
0.0049062
2.1951e-10
0.00490621
3.28302e-10
0.00490621
1.78261e-10
0.00490621
2.28519e-10
0.00490621
1.10164e-10
0.00490621
1.93688e-10
0.00490621
9.16615e-11
0.00490621
1.32125e-10
0.00490621
-2.09153e-11
0.00490621
-3.78208e-11
0.0049062
-1.87652e-10
0.0049062
-3.13609e-10
0.0049062
-7.02965e-10
0.0049062
-1.08289e-09
0.0049062
-1.82837e-09
0.0049062
-2.85942e-09
0.0049062
-4.21888e-09
0.00490619
-6.01391e-09
0.00490619
-8.91871e-09
0.00490618
-1.2866e-08
0.00490617
-1.83799e-08
0.00490615
-2.60304e-08
0.00490613
-3.64801e-08
0.0049061
-5.05402e-08
0.00490606
-6.75591e-08
0.004906
-8.73662e-08
0.00490593
-1.01272e-07
0.00490583
-1.06015e-07
0.00490569
-1.12359e-07
0.00490521
-4.18206e-07
0.00490359
-2.02965e-06
0.00489775
-7.18581e-06
-7.91297e-06
0.0045679
-0.00216554
0.00437567
-0.000213045
0.00434684
-1.23685e-05
0.00434304
-2.53064e-06
0.00434602
2.68533e-06
0.00434445
-1.3034e-06
0.00434279
-1.1333e-06
0.00434053
-1.60911e-06
0.00433868
-1.2672e-06
0.00433703
-1.13528e-06
0.00433568
-9.20159e-07
0.00433453
-7.8064e-07
0.00433357
-6.47973e-07
0.00433276
-5.45661e-07
0.00433207
-4.56824e-07
0.0043315
-3.82281e-07
0.00433102
-3.17348e-07
0.00433062
-2.62314e-07
0.00433029
-2.1529e-07
0.00433002
-1.75627e-07
0.0043298
-1.42046e-07
0.00432962
-1.13677e-07
0.00432948
-8.98075e-08
0.00432937
-7.09722e-08
0.00432928
-5.54296e-08
0.00432922
-4.27826e-08
0.00432916
-3.27046e-08
0.00432912
-2.47613e-08
0.00432909
-1.87665e-08
0.00432907
-1.42764e-08
0.00432905
-1.03502e-08
0.00432904
-7.77472e-09
0.00432903
-5.73745e-09
0.00432902
-4.32332e-09
0.00432902
-3.02427e-09
0.00432901
-2.1807e-09
0.00432901
-1.62281e-09
0.00432901
-1.25922e-09
0.00432901
-7.97354e-10
0.00432901
-7.12594e-10
0.00432901
-4.60593e-10
0.00432901
-3.34678e-10
0.004329
-1.50011e-10
0.004329
-1.55656e-10
0.004329
-2.02631e-10
0.004329
-2.39744e-10
0.004329
2.3784e-11
0.004329
-1.84539e-11
0.004329
-4.25805e-11
0.004329
-6.85273e-11
0.004329
-3.50154e-11
0.004329
-1.16432e-11
0.004329
1.602e-10
0.004329
7.58007e-12
0.004329
-4.81802e-11
0.004329
-8.58606e-11
0.004329
2.67998e-11
0.004329
9.97989e-12
0.004329
3.77868e-13
0.004329
-1.27887e-10
0.004329
-1.38845e-10
0.004329
-7.86125e-11
0.004329
5.93768e-11
0.004329
3.81953e-11
0.004329
2.26873e-11
0.004329
-5.1987e-11
0.004329
9.37152e-11
0.004329
2.02016e-10
0.004329
2.46061e-10
0.004329
1.20972e-10
0.004329
7.98564e-11
0.004329
5.2601e-11
0.004329
1.47503e-10
0.004329
1.22989e-10
0.004329
1.18912e-10
0.004329
3.36402e-11
0.004329
-5.36605e-12
0.004329
-2.77302e-11
0.004329
-3.98431e-11
0.004329
-1.92626e-10
0.004329
-3.41218e-10
0.004329
-6.17639e-10
0.004329
-1.09131e-09
0.004329
-1.64265e-09
0.00432899
-2.27109e-09
0.00432899
-3.4404e-09
0.00432898
-5.07341e-09
0.00432897
-7.26067e-09
0.00432895
-1.03206e-08
0.00432893
-1.44679e-08
0.0043289
-2.00545e-08
0.00432886
-2.67392e-08
0.00432881
-3.40633e-08
0.00432874
-3.79743e-08
0.00432867
-3.39294e-08
0.00432858
-2.30895e-08
0.00432827
-1.01932e-07
0.00432693
-6.96612e-07
0.00432235
-2.60401e-06
1.18888e-06
0.00283446
0.00262141
0.00260905
0.00260652
0.0026092
0.0026079
0.00260676
0.00260515
0.00260389
0.00260275
0.00260183
0.00260105
0.0026004
0.00259986
0.0025994
0.00259902
0.0025987
0.00259844
0.00259822
0.00259805
0.0025979
0.00259779
0.0025977
0.00259763
0.00259757
0.00259753
0.0025975
0.00259747
0.00259746
0.00259744
0.00259743
0.00259742
0.00259742
0.00259741
0.00259741
0.00259741
0.00259741
0.00259741
0.0025974
0.0025974
0.0025974
0.0025974
0.0025974
0.0025974
0.0025974
0.0025974
0.0025974
0.0025974
0.0025974
0.0025974
0.0025974
0.0025974
0.0025974
0.0025974
0.0025974
0.0025974
0.0025974
0.0025974
0.0025974
0.0025974
0.0025974
0.0025974
0.0025974
0.0025974
0.0025974
0.0025974
0.0025974
0.0025974
0.0025974
0.0025974
0.0025974
0.0025974
0.0025974
0.0025974
0.0025974
0.0025974
0.0025974
0.0025974
0.0025974
0.0025974
0.0025974
0.0025974
0.0025974
0.0025974
0.00259739
0.00259739
0.00259739
0.00259738
0.00259737
0.00259735
0.00259733
0.00259731
0.00259727
0.00259724
0.0025972
0.00259718
0.00259708
0.00259638
0.00259378
)
;

boundaryField
{
    inlet
    {
        type            calculated;
        value           nonuniform List<scalar> 
40
(
-0.005
-0.005
-0.005
-0.005
-0.005
-0.005
-0.005
-0.005
-0.005
-0.005
-0.005
-0.005
-0.005
-0.005
-0.005
-0.005
-0.005
-0.005
-0.005
-0.005
-0.005
-0.005
-0.005
-0.005
-0.005
-0.005
-0.005
-0.005
-0.005
-0.005
-0.005
-0.005
-0.005
-0.005
-0.005
-0.005
-0.005
-0.005
-0.005
-0.005
)
;
    }
    outlet
    {
        type            calculated;
        value           nonuniform List<scalar> 
40
(
0.00259496
0.00431325
0.00488292
0.00507448
0.00514101
0.00516596
0.00517709
0.00518361
0.00518853
0.00519281
0.00519671
0.0052003
0.00520357
0.00520649
0.00520904
0.00521121
0.00521296
0.00521428
0.00521517
0.00521562
0.00521562
0.00521517
0.00521428
0.00521296
0.0052112
0.00520904
0.00520649
0.00520356
0.0052003
0.00519671
0.00519281
0.00518853
0.00518361
0.00517709
0.00516596
0.00514101
0.00507449
0.00488292
0.00431325
0.00259496
)
;
    }
    lowerWall
    {
        type            calculated;
        value           uniform 0;
    }
    upperWall
    {
        type            calculated;
        value           uniform 0;
    }
    frontAndBack
    {
        type            empty;
        value           nonuniform 0();
    }
}


// ************************************************************************* //
