/*--------------------------------*- C++ -*----------------------------------*\
| =========                 |                                                 |
| \\      /  F ield         | OpenFOAM: The Open Source CFD Toolbox           |
|  \\    /   O peration     | Version:  2.3.0                                 |
|   \\  /    A nd           | Web:      www.OpenFOAM.org                      |
|    \\/     M anipulation  |                                                 |
\*---------------------------------------------------------------------------*/
FoamFile
{
    version     2.0;
    format      ascii;
    class       surfaceScalarField;
    location    "1";
    object      phiB;
}
// * * * * * * * * * * * * * * * * * * * * * * * * * * * * * * * * * * * * * //

dimensions      [1 2 -2 0 0 -1 0];

internalField   nonuniform List<scalar> 
7860
(
0.00188938
0.399583
0.0021867
0.399703
0.00236186
0.399825
0.00248743
0.399874
0.00256198
0.399925
0.00259951
0.399962
0.00261323
0.399986
0.00261241
0.400001
0.00260342
0.400009
0.0025902
0.400013
0.00257532
0.400015
0.00256029
0.400015
0.00254606
0.400014
0.0025331
0.400013
0.00252165
0.400011
0.00251174
0.40001
0.00250332
0.400008
0.00249627
0.400007
0.00249043
0.400006
0.00248566
0.400005
0.00248179
0.400004
0.00247867
0.400003
0.00247619
0.400002
0.00247423
0.400002
0.00247269
0.400002
0.00247148
0.400001
0.00247055
0.400001
0.00246983
0.400001
0.00246927
0.400001
0.00246884
0.4
0.00246852
0.4
0.00246827
0.4
0.00246809
0.4
0.00246795
0.4
0.00246784
0.4
0.00246776
0.4
0.0024677
0.4
0.00246766
0.4
0.00246762
0.4
0.0024676
0.4
0.00246758
0.4
0.00246757
0.4
0.00246756
0.4
0.00246755
0.4
0.00246755
0.4
0.00246754
0.4
0.00246754
0.4
0.00246754
0.4
0.00246754
0.4
0.00246753
0.4
0.00246753
0.4
0.00246753
0.4
0.00246753
0.4
0.00246753
0.4
0.00246753
0.4
0.00246753
0.4
0.00246753
0.4
0.00246753
0.4
0.00246753
0.4
0.00246753
0.4
0.00246753
0.4
0.00246753
0.4
0.00246753
0.4
0.00246753
0.4
0.00246753
0.4
0.00246753
0.4
0.00246753
0.4
0.00246753
0.4
0.00246753
0.4
0.00246753
0.4
0.00246753
0.4
0.00246753
0.4
0.00246752
0.4
0.00246752
0.4
0.00246752
0.4
0.00246751
0.4
0.00246751
0.4
0.0024675
0.4
0.00246749
0.4
0.00246747
0.4
0.00246745
0.4
0.00246743
0.4
0.00246739
0.4
0.00246735
0.4
0.00246729
0.4
0.00246722
0.4
0.00246713
0.4
0.00246702
0.4
0.00246689
0.4
0.00246676
0.4
0.00246663
0.4
0.00246653
0.4
0.00246652
0.4
0.00246669
0.4
0.00246715
0.4
0.00246807
0.399999
0.00246924
0.399999
0.00246974
0.4
0.00246568
0.400004
0.400014
0.00298461
0.398829
0.00345781
0.399229
0.00374841
0.399534
0.00394093
0.399682
0.00405496
0.399811
0.00411404
0.399903
0.00413762
0.399963
0.00413941
0.399999
0.00412871
0.40002
0.00411139
0.400031
0.00409123
0.400035
0.00407056
0.400036
0.00405077
0.400034
0.00403264
0.400031
0.00401653
0.400028
0.00400253
0.400024
0.0039906
0.40002
0.00398058
0.400017
0.00397227
0.400014
0.00396545
0.400012
0.00395991
0.400009
0.00395545
0.400008
0.00395189
0.400006
0.00394907
0.400005
0.00394685
0.400004
0.00394511
0.400003
0.00394376
0.400002
0.00394272
0.400002
0.00394191
0.400001
0.0039413
0.400001
0.00394083
0.400001
0.00394047
0.400001
0.0039402
0.4
0.00394
0.4
0.00393984
0.4
0.00393973
0.4
0.00393964
0.4
0.00393958
0.4
0.00393953
0.4
0.00393949
0.4
0.00393947
0.4
0.00393945
0.4
0.00393943
0.4
0.00393942
0.4
0.00393941
0.4
0.00393941
0.4
0.0039394
0.4
0.0039394
0.4
0.0039394
0.4
0.0039394
0.4
0.0039394
0.4
0.0039394
0.4
0.00393939
0.4
0.00393939
0.4
0.00393939
0.4
0.00393939
0.4
0.00393939
0.4
0.00393939
0.4
0.00393939
0.4
0.00393939
0.4
0.00393939
0.4
0.00393939
0.4
0.00393939
0.4
0.00393939
0.4
0.00393939
0.4
0.00393939
0.4
0.00393939
0.4
0.00393939
0.4
0.00393939
0.4
0.00393939
0.4
0.00393939
0.4
0.00393938
0.4
0.00393938
0.4
0.00393938
0.4
0.00393937
0.4
0.00393937
0.4
0.00393936
0.4
0.00393934
0.4
0.00393933
0.4
0.00393931
0.4
0.00393928
0.4
0.00393924
0.4
0.00393919
0.4
0.00393913
0.4
0.00393904
0.4
0.00393894
0.4
0.00393882
0.4
0.00393867
0.4
0.0039385
0.4
0.00393833
0.4
0.00393817
0.4
0.00393808
0.4
0.00393814
0.4
0.0039385
0.399999
0.00393934
0.399999
0.00394088
0.399998
0.00394294
0.399997
0.00394422
0.399998
0.00393922
0.400009
0.400031
0.00319526
0.397977
0.00370312
0.398722
0.00402283
0.399215
0.00422566
0.399479
0.00434504
0.399692
0.00440885
0.39984
0.00443638
0.399935
0.00444163
0.399994
0.0044338
0.400028
0.00441887
0.400045
0.00440069
0.400053
0.00438164
0.400055
0.00436318
0.400052
0.00434613
0.400048
0.00433088
0.400043
0.00431759
0.400037
0.00430621
0.400032
0.00429662
0.400027
0.00428865
0.400022
0.00428209
0.400018
0.00427676
0.400015
0.00427245
0.400012
0.00426901
0.400009
0.00426628
0.400008
0.00426412
0.400006
0.00426244
0.400005
0.00426112
0.400004
0.0042601
0.400003
0.00425932
0.400002
0.00425872
0.400002
0.00425826
0.400001
0.00425791
0.400001
0.00425765
0.400001
0.00425745
0.400001
0.0042573
0.4
0.00425718
0.4
0.0042571
0.4
0.00425703
0.4
0.00425699
0.4
0.00425695
0.4
0.00425693
0.4
0.00425691
0.4
0.00425689
0.4
0.00425688
0.4
0.00425687
0.4
0.00425687
0.4
0.00425686
0.4
0.00425686
0.4
0.00425686
0.4
0.00425686
0.4
0.00425686
0.4
0.00425686
0.4
0.00425685
0.4
0.00425685
0.4
0.00425685
0.4
0.00425685
0.4
0.00425685
0.4
0.00425685
0.4
0.00425685
0.4
0.00425685
0.4
0.00425685
0.4
0.00425685
0.4
0.00425685
0.4
0.00425685
0.4
0.00425685
0.4
0.00425685
0.4
0.00425685
0.4
0.00425685
0.4
0.00425685
0.4
0.00425685
0.4
0.00425685
0.4
0.00425684
0.4
0.00425684
0.4
0.00425684
0.4
0.00425683
0.4
0.00425683
0.4
0.00425682
0.4
0.00425681
0.4
0.00425679
0.4
0.00425677
0.4
0.00425674
0.4
0.0042567
0.4
0.00425666
0.4
0.00425659
0.4
0.00425652
0.4
0.00425642
0.4
0.0042563
0.4
0.00425617
0.4
0.00425602
0.4
0.00425588
0.4
0.00425576
0.4
0.00425574
0.4
0.00425589
0.4
0.00425639
0.399999
0.00425743
0.399998
0.00425928
0.399996
0.00426189
0.399994
0.00426436
0.399996
0.0042625
0.400011
0.40004
0.00305945
0.397122
0.00358272
0.398198
0.00391909
0.398878
0.00412827
0.39927
0.00425154
0.399569
0.00431899
0.399772
0.00434993
0.399904
0.00435835
0.399985
0.00435327
0.400033
0.00434073
0.400058
0.00432456
0.400069
0.00430721
0.400072
0.00429015
0.40007
0.00427427
0.400064
0.00425998
0.400057
0.00424745
0.40005
0.00423669
0.400042
0.0042276
0.400036
0.00422001
0.40003
0.00421376
0.400024
0.00420866
0.40002
0.00420455
0.400016
0.00420124
0.400013
0.00419862
0.40001
0.00419655
0.400008
0.00419492
0.400006
0.00419365
0.400005
0.00419267
0.400004
0.00419191
0.400003
0.00419133
0.400002
0.00419088
0.400002
0.00419054
0.400001
0.00419029
0.400001
0.00419009
0.400001
0.00418994
0.400001
0.00418983
0.4
0.00418975
0.4
0.00418969
0.4
0.00418964
0.4
0.00418961
0.4
0.00418958
0.4
0.00418957
0.4
0.00418955
0.4
0.00418954
0.4
0.00418953
0.4
0.00418953
0.4
0.00418952
0.4
0.00418952
0.4
0.00418952
0.4
0.00418952
0.4
0.00418952
0.4
0.00418952
0.4
0.00418951
0.4
0.00418951
0.4
0.00418951
0.4
0.00418951
0.4
0.00418951
0.4
0.00418951
0.4
0.00418951
0.4
0.00418951
0.4
0.00418951
0.4
0.00418951
0.4
0.00418951
0.4
0.00418951
0.4
0.00418951
0.4
0.00418951
0.4
0.00418951
0.4
0.00418951
0.4
0.00418951
0.4
0.00418951
0.4
0.00418951
0.4
0.00418951
0.4
0.0041895
0.4
0.0041895
0.4
0.00418949
0.4
0.00418949
0.4
0.00418948
0.4
0.00418947
0.4
0.00418945
0.4
0.00418943
0.4
0.0041894
0.4
0.00418937
0.4
0.00418932
0.4
0.00418926
0.4
0.00418919
0.4
0.0041891
0.4
0.00418899
0.4
0.00418887
0.400001
0.00418874
0.400001
0.00418863
0.400001
0.00418856
0.4
0.0041886
0.4
0.00418885
0.4
0.00418947
0.399998
0.00419071
0.399996
0.00419288
0.399994
0.00419614
0.399991
0.00420016
0.399992
0.00420277
0.400008
0.400041
0.00282655
0.396317
0.0033519
0.397673
0.00369493
0.398535
0.00390685
0.399058
0.00403238
0.399443
0.00410234
0.399702
0.00413602
0.399871
0.00414714
0.399974
0.00414455
0.400035
0.00413422
0.400068
0.00411998
0.400084
0.00410428
0.400088
0.00408863
0.400085
0.00407391
0.400079
0.00406058
0.40007
0.00404885
0.400061
0.00403874
0.400053
0.00403016
0.400044
0.00402299
0.400037
0.00401706
0.40003
0.00401222
0.400025
0.0040083
0.40002
0.00400515
0.400016
0.00400265
0.400013
0.00400067
0.40001
0.00399911
0.400008
0.00399789
0.400006
0.00399695
0.400005
0.00399622
0.400004
0.00399566
0.400003
0.00399523
0.400002
0.0039949
0.400002
0.00399465
0.400001
0.00399447
0.400001
0.00399432
0.400001
0.00399422
0.400001
0.00399414
0.4
0.00399408
0.4
0.00399403
0.4
0.003994
0.4
0.00399398
0.4
0.00399396
0.4
0.00399394
0.4
0.00399393
0.4
0.00399393
0.4
0.00399392
0.4
0.00399392
0.4
0.00399391
0.4
0.00399391
0.4
0.00399391
0.4
0.00399391
0.4
0.00399391
0.4
0.00399391
0.4
0.00399391
0.4
0.00399391
0.4
0.00399391
0.4
0.00399391
0.4
0.00399391
0.4
0.00399391
0.4
0.00399391
0.4
0.00399391
0.4
0.00399391
0.4
0.00399391
0.4
0.00399391
0.4
0.00399391
0.4
0.00399391
0.4
0.0039939
0.4
0.0039939
0.4
0.0039939
0.4
0.0039939
0.4
0.0039939
0.4
0.0039939
0.4
0.0039939
0.4
0.00399389
0.4
0.00399389
0.4
0.00399388
0.4
0.00399387
0.4
0.00399386
0.4
0.00399385
0.4
0.00399383
0.4
0.0039938
0.4
0.00399377
0.4
0.00399372
0.4
0.00399367
0.4
0.0039936
0.4
0.00399352
0.4
0.00399342
0.400001
0.00399331
0.400001
0.0039932
0.400001
0.00399312
0.400001
0.00399309
0.4
0.00399318
0.4
0.00399351
0.399999
0.00399426
0.399998
0.00399569
0.399995
0.00399817
0.399991
0.00400209
0.399987
0.00400775
0.399986
0.0040149
0.400001
0.400033
0.00257785
0.395581
0.00309388
0.397157
0.00343605
0.398193
0.00364745
0.398847
0.00377352
0.399317
0.00384489
0.399631
0.00388056
0.399835
0.00389387
0.399961
0.00389343
0.400036
0.00388511
0.400077
0.00387266
0.400096
0.00385854
0.400102
0.00384424
0.400099
0.00383067
0.400092
0.00381831
0.400083
0.00380738
0.400072
0.00379791
0.400062
0.00378986
0.400052
0.00378311
0.400044
0.00377753
0.400036
0.00377296
0.400029
0.00376925
0.400024
0.00376626
0.400019
0.00376389
0.400015
0.003762
0.400012
0.00376052
0.400009
0.00375936
0.400007
0.00375846
0.400006
0.00375776
0.400004
0.00375723
0.400003
0.00375681
0.400003
0.0037565
0.400002
0.00375626
0.400001
0.00375608
0.400001
0.00375595
0.400001
0.00375584
0.400001
0.00375577
0.4
0.00375571
0.4
0.00375567
0.4
0.00375563
0.4
0.00375561
0.4
0.00375559
0.4
0.00375558
0.4
0.00375557
0.4
0.00375556
0.4
0.00375556
0.4
0.00375555
0.4
0.00375555
0.4
0.00375555
0.4
0.00375555
0.4
0.00375555
0.4
0.00375555
0.4
0.00375555
0.4
0.00375554
0.4
0.00375554
0.4
0.00375554
0.4
0.00375554
0.4
0.00375554
0.4
0.00375554
0.4
0.00375554
0.4
0.00375554
0.4
0.00375554
0.4
0.00375554
0.4
0.00375554
0.4
0.00375554
0.4
0.00375554
0.4
0.00375554
0.4
0.00375554
0.4
0.00375554
0.4
0.00375554
0.4
0.00375554
0.4
0.00375554
0.4
0.00375553
0.4
0.00375553
0.4
0.00375553
0.4
0.00375552
0.4
0.00375551
0.4
0.0037555
0.4
0.00375549
0.4
0.00375547
0.4
0.00375544
0.4
0.00375541
0.4
0.00375537
0.4
0.00375532
0.4
0.00375525
0.4
0.00375518
0.400001
0.00375509
0.400001
0.00375499
0.400001
0.0037549
0.400001
0.00375484
0.400001
0.00375485
0.4
0.003755
0.4
0.0037554
0.399999
0.00375625
0.399997
0.00375785
0.399993
0.00376061
0.399988
0.00376517
0.399982
0.00377237
0.399979
0.00378354
0.39999
0.400018
0.00233802
0.394919
0.00283534
0.39666
0.00317072
0.397858
0.00337867
0.398639
0.00350361
0.399192
0.00357526
0.399559
0.00361217
0.399798
0.00362715
0.399946
0.00362853
0.400034
0.00362198
0.400083
0.00361118
0.400107
0.00359854
0.400115
0.00358555
0.400112
0.0035731
0.400105
0.00356169
0.400094
0.00355155
0.400083
0.00354274
0.400071
0.00353523
0.40006
0.00352892
0.40005
0.00352368
0.400041
0.00351938
0.400034
0.00351589
0.400027
0.00351308
0.400022
0.00351084
0.400017
0.00350906
0.400014
0.00350766
0.400011
0.00350656
0.400008
0.0035057
0.400006
0.00350504
0.400005
0.00350453
0.400004
0.00350414
0.400003
0.00350384
0.400002
0.00350362
0.400002
0.00350345
0.400001
0.00350331
0.400001
0.00350322
0.400001
0.00350314
0.400001
0.00350309
0.4
0.00350305
0.4
0.00350302
0.4
0.00350299
0.4
0.00350298
0.4
0.00350296
0.4
0.00350296
0.4
0.00350295
0.4
0.00350294
0.4
0.00350294
0.4
0.00350294
0.4
0.00350293
0.4
0.00350293
0.4
0.00350293
0.4
0.00350293
0.4
0.00350293
0.4
0.00350293
0.4
0.00350293
0.4
0.00350293
0.4
0.00350293
0.4
0.00350293
0.4
0.00350293
0.4
0.00350293
0.4
0.00350293
0.4
0.00350293
0.4
0.00350293
0.4
0.00350293
0.4
0.00350293
0.4
0.00350293
0.4
0.00350293
0.4
0.00350293
0.4
0.00350293
0.4
0.00350293
0.4
0.00350292
0.4
0.00350292
0.4
0.00350292
0.4
0.00350292
0.4
0.00350291
0.4
0.00350291
0.4
0.0035029
0.4
0.00350289
0.4
0.00350287
0.4
0.00350286
0.4
0.00350283
0.4
0.0035028
0.4
0.00350276
0.4
0.00350272
0.4
0.00350266
0.4
0.00350259
0.400001
0.00350251
0.400001
0.00350243
0.400001
0.00350235
0.400001
0.00350231
0.400001
0.00350235
0.4
0.00350254
0.4
0.00350301
0.399998
0.00350395
0.399996
0.00350568
0.399992
0.00350869
0.399985
0.00351381
0.399977
0.00352235
0.39997
0.00353685
0.399975
0.399997
0.00211289
0.39433
0.00258422
0.396188
0.00290802
0.397534
0.00310993
0.398437
0.00323212
0.39907
0.00330297
0.399488
0.00334038
0.399761
0.00335653
0.39993
0.00335937
0.400031
0.00335437
0.400088
0.00334507
0.400116
0.00333382
0.400126
0.00332207
0.400124
0.00331071
0.400116
0.00330024
0.400105
0.00329088
0.400092
0.00328273
0.400079
0.00327577
0.400067
0.0032699
0.400056
0.00326502
0.400046
0.00326101
0.400038
0.00325775
0.40003
0.00325512
0.400024
0.00325301
0.400019
0.00325134
0.400015
0.00325002
0.400012
0.00324899
0.400009
0.00324819
0.400007
0.00324756
0.400006
0.00324708
0.400004
0.00324671
0.400003
0.00324643
0.400003
0.00324622
0.400002
0.00324605
0.400001
0.00324593
0.400001
0.00324584
0.400001
0.00324577
0.400001
0.00324572
0.4
0.00324568
0.4
0.00324565
0.4
0.00324563
0.4
0.00324561
0.4
0.0032456
0.4
0.00324559
0.4
0.00324558
0.4
0.00324558
0.4
0.00324557
0.4
0.00324557
0.4
0.00324557
0.4
0.00324557
0.4
0.00324557
0.4
0.00324557
0.4
0.00324557
0.4
0.00324557
0.4
0.00324557
0.4
0.00324557
0.4
0.00324556
0.4
0.00324557
0.4
0.00324556
0.4
0.00324556
0.4
0.00324556
0.4
0.00324556
0.4
0.00324556
0.4
0.00324556
0.4
0.00324556
0.4
0.00324556
0.4
0.00324556
0.4
0.00324556
0.4
0.00324556
0.4
0.00324556
0.4
0.00324556
0.4
0.00324556
0.4
0.00324556
0.4
0.00324555
0.4
0.00324555
0.4
0.00324554
0.4
0.00324554
0.4
0.00324553
0.4
0.00324551
0.4
0.0032455
0.4
0.00324547
0.4
0.00324545
0.4
0.00324541
0.4
0.00324536
0.4
0.00324531
0.400001
0.00324525
0.400001
0.00324518
0.400001
0.00324511
0.400001
0.00324505
0.400001
0.00324503
0.400001
0.00324509
0.4
0.00324532
0.4
0.00324583
0.399998
0.00324683
0.399995
0.00324867
0.39999
0.00325188
0.399982
0.00325745
0.399972
0.00326708
0.399961
0.00328415
0.399958
0.399971
0.00190234
0.39381
0.00234238
0.395748
0.00265065
0.397226
0.00284419
0.398243
0.00296212
0.398952
0.00303113
0.399419
0.00306833
0.399723
0.00308515
0.399913
0.00308913
0.400027
0.00308545
0.400092
0.00307751
0.400124
0.00306755
0.400136
0.00305699
0.400135
0.00304669
0.400126
0.00303713
0.400114
0.00302856
0.4001
0.00302107
0.400087
0.00301465
0.400073
0.00300923
0.400061
0.00300472
0.400051
0.003001
0.400041
0.00299798
0.400033
0.00299553
0.400027
0.00299357
0.400021
0.00299202
0.400017
0.00299079
0.400013
0.00298982
0.40001
0.00298907
0.400008
0.00298849
0.400006
0.00298804
0.400005
0.00298769
0.400004
0.00298743
0.400003
0.00298723
0.400002
0.00298708
0.400002
0.00298696
0.400001
0.00298687
0.400001
0.00298681
0.400001
0.00298676
0.400001
0.00298672
0.4
0.00298669
0.4
0.00298667
0.4
0.00298666
0.4
0.00298665
0.4
0.00298664
0.4
0.00298663
0.4
0.00298663
0.4
0.00298663
0.4
0.00298662
0.4
0.00298662
0.4
0.00298662
0.4
0.00298662
0.4
0.00298662
0.4
0.00298662
0.4
0.00298662
0.4
0.00298662
0.4
0.00298662
0.4
0.00298662
0.4
0.00298662
0.4
0.00298662
0.4
0.00298662
0.4
0.00298662
0.4
0.00298662
0.4
0.00298662
0.4
0.00298662
0.4
0.00298662
0.4
0.00298662
0.4
0.00298661
0.4
0.00298661
0.4
0.00298661
0.4
0.00298661
0.4
0.00298661
0.4
0.00298661
0.4
0.00298661
0.4
0.00298661
0.4
0.0029866
0.4
0.0029866
0.4
0.00298659
0.4
0.00298658
0.4
0.00298657
0.4
0.00298655
0.4
0.00298653
0.4
0.0029865
0.4
0.00298647
0.4
0.00298643
0.4
0.00298638
0.400001
0.00298632
0.400001
0.00298626
0.400001
0.0029862
0.400001
0.00298616
0.400001
0.00298615
0.400001
0.00298624
0.4
0.00298649
0.399999
0.00298703
0.399997
0.00298808
0.399994
0.00298999
0.399988
0.00299333
0.399979
0.00299922
0.399966
0.00300963
0.39995
0.00302853
0.399939
0.399942
0.00170458
0.393352
0.00210965
0.395343
0.0023991
0.396936
0.00258222
0.39806
0.00269449
0.39884
0.00276072
0.399353
0.00279704
0.399687
0.00281406
0.399896
0.00281885
0.400023
0.00281628
0.400094
0.00280955
0.400131
0.0028008
0.400145
0.00279137
0.400144
0.00278209
0.400136
0.00277344
0.400123
0.00276565
0.400108
0.00275881
0.400093
0.00275294
0.400079
0.00274798
0.400066
0.00274384
0.400055
0.00274042
0.400045
0.00273764
0.400036
0.00273539
0.400029
0.00273358
0.400023
0.00273214
0.400018
0.00273101
0.400014
0.00273012
0.400011
0.00272942
0.400009
0.00272888
0.400007
0.00272846
0.400005
0.00272814
0.400004
0.0027279
0.400003
0.00272771
0.400002
0.00272757
0.400002
0.00272746
0.400001
0.00272738
0.400001
0.00272732
0.400001
0.00272727
0.400001
0.00272724
0.4
0.00272721
0.4
0.00272719
0.4
0.00272718
0.4
0.00272717
0.4
0.00272716
0.4
0.00272716
0.4
0.00272715
0.4
0.00272715
0.4
0.00272715
0.4
0.00272714
0.4
0.00272714
0.4
0.00272714
0.4
0.00272714
0.4
0.00272714
0.4
0.00272714
0.4
0.00272714
0.4
0.00272714
0.4
0.00272714
0.4
0.00272714
0.4
0.00272714
0.4
0.00272714
0.4
0.00272714
0.4
0.00272714
0.4
0.00272714
0.4
0.00272714
0.4
0.00272714
0.4
0.00272714
0.4
0.00272714
0.4
0.00272714
0.4
0.00272714
0.4
0.00272714
0.4
0.00272714
0.4
0.00272713
0.4
0.00272713
0.4
0.00272713
0.4
0.00272713
0.4
0.00272712
0.4
0.00272711
0.4
0.00272711
0.4
0.00272709
0.4
0.00272708
0.4
0.00272706
0.4
0.00272704
0.4
0.00272701
0.4
0.00272697
0.400001
0.00272692
0.400001
0.00272687
0.400001
0.00272682
0.400001
0.00272677
0.400001
0.00272673
0.400001
0.00272675
0.400001
0.00272685
0.4
0.00272711
0.399999
0.00272768
0.399997
0.00272875
0.399993
0.00273068
0.399986
0.00273408
0.399975
0.00274015
0.39996
0.00275102
0.399939
0.00277101
0.399919
0.399911
0.00151751
0.392953
0.00188528
0.394975
0.0021532
0.396668
0.00232406
0.397889
0.0024294
0.398734
0.00249197
0.39929
0.00252678
0.399652
0.00254356
0.399879
0.00254887
0.400017
0.0025472
0.400096
0.00254155
0.400136
0.00253392
0.400152
0.00252557
0.400153
0.00251729
0.400144
0.00250951
0.400131
0.00250249
0.400115
0.00249632
0.4001
0.002491
0.400084
0.0024865
0.400071
0.00248273
0.400058
0.00247963
0.400048
0.00247709
0.400039
0.00247504
0.400031
0.00247339
0.400025
0.00247208
0.40002
0.00247104
0.400015
0.00247022
0.400012
0.00246958
0.400009
0.00246909
0.400007
0.00246871
0.400006
0.00246841
0.400004
0.00246819
0.400003
0.00246801
0.400002
0.00246788
0.400002
0.00246778
0.400001
0.00246771
0.400001
0.00246765
0.400001
0.00246761
0.400001
0.00246758
0.4
0.00246756
0.4
0.00246754
0.4
0.00246752
0.4
0.00246751
0.4
0.00246751
0.4
0.0024675
0.4
0.0024675
0.4
0.0024675
0.4
0.00246749
0.4
0.00246749
0.4
0.00246749
0.4
0.00246749
0.4
0.00246749
0.4
0.00246749
0.4
0.00246749
0.4
0.00246749
0.4
0.00246749
0.4
0.00246749
0.4
0.00246749
0.4
0.00246749
0.4
0.00246749
0.4
0.00246749
0.4
0.00246749
0.4
0.00246749
0.4
0.00246749
0.4
0.00246749
0.4
0.00246749
0.4
0.00246749
0.4
0.00246749
0.4
0.00246749
0.4
0.00246748
0.4
0.00246748
0.4
0.00246748
0.4
0.00246748
0.4
0.00246748
0.4
0.00246748
0.4
0.00246747
0.4
0.00246746
0.4
0.00246746
0.4
0.00246745
0.4
0.00246743
0.4
0.00246742
0.4
0.00246739
0.4
0.00246737
0.4
0.00246733
0.400001
0.00246729
0.400001
0.00246725
0.400001
0.0024672
0.400001
0.00246716
0.400001
0.00246713
0.400001
0.00246715
0.400001
0.00246727
0.4
0.00246754
0.399999
0.00246811
0.399996
0.00246917
0.399992
0.00247109
0.399984
0.00247447
0.399972
0.00248057
0.399954
0.00249158
0.399928
0.00251196
0.399899
0.399879
0.0013392
0.392606
0.00166832
0.394646
0.00191251
0.396424
0.00206948
0.397732
0.00216675
0.398637
0.00222488
0.399232
0.00225759
0.39962
0.00227374
0.399863
0.00227928
0.400012
0.00227832
0.400097
0.00227363
0.400141
0.00226704
0.400159
0.00225972
0.40016
0.00225239
0.400151
0.00224549
0.400138
0.00223923
0.400122
0.00223371
0.400105
0.00222895
0.400089
0.00222491
0.400075
0.00222153
0.400062
0.00221874
0.400051
0.00221645
0.400041
0.0022146
0.400033
0.00221312
0.400026
0.00221193
0.400021
0.00221099
0.400016
0.00221025
0.400013
0.00220968
0.40001
0.00220923
0.400008
0.00220888
0.400006
0.00220862
0.400005
0.00220841
0.400003
0.00220825
0.400003
0.00220814
0.400002
0.00220805
0.400001
0.00220798
0.400001
0.00220793
0.400001
0.00220789
0.400001
0.00220786
0.4
0.00220784
0.4
0.00220782
0.4
0.00220781
0.4
0.0022078
0.4
0.0022078
0.4
0.00220779
0.4
0.00220779
0.4
0.00220778
0.4
0.00220778
0.4
0.00220778
0.4
0.00220778
0.4
0.00220778
0.4
0.00220778
0.4
0.00220778
0.4
0.00220778
0.4
0.00220778
0.4
0.00220778
0.4
0.00220778
0.4
0.00220778
0.4
0.00220778
0.4
0.00220778
0.4
0.00220778
0.4
0.00220778
0.4
0.00220778
0.4
0.00220778
0.4
0.00220778
0.4
0.00220778
0.4
0.00220778
0.4
0.00220778
0.4
0.00220777
0.4
0.00220777
0.4
0.00220777
0.4
0.00220777
0.4
0.00220777
0.4
0.00220777
0.4
0.00220777
0.4
0.00220776
0.4
0.00220776
0.4
0.00220775
0.4
0.00220774
0.4
0.00220773
0.4
0.00220771
0.4
0.00220769
0.4
0.00220767
0.4
0.00220764
0.400001
0.0022076
0.400001
0.00220756
0.400001
0.00220752
0.400001
0.00220748
0.400001
0.00220747
0.400001
0.0022075
0.400001
0.00220761
0.4
0.00220789
0.399998
0.00220844
0.399996
0.00220948
0.399991
0.00221134
0.399982
0.00221463
0.399969
0.00222059
0.399948
0.00223143
0.399918
0.00225154
0.399879
0.399848
0.00116799
0.392309
0.00145783
0.394356
0.00167651
0.396205
0.00181818
0.397591
0.00190636
0.398549
0.00195932
0.399179
0.00198943
0.399589
0.00200456
0.399848
0.00201008
0.400006
0.00200967
0.400098
0.00200581
0.400145
0.00200019
0.400164
0.00199385
0.400166
0.00198746
0.400158
0.0019814
0.400144
0.0019759
0.400127
0.00197104
0.40011
0.00196683
0.400093
0.00196326
0.400078
0.00196027
0.400065
0.0019578
0.400053
0.00195577
0.400043
0.00195413
0.400035
0.0019528
0.400028
0.00195175
0.400022
0.00195092
0.400017
0.00195026
0.400013
0.00194974
0.40001
0.00194934
0.400008
0.00194903
0.400006
0.0019488
0.400005
0.00194861
0.400004
0.00194847
0.400003
0.00194837
0.400002
0.00194829
0.400002
0.00194823
0.400001
0.00194818
0.400001
0.00194815
0.400001
0.00194812
0.4
0.0019481
0.4
0.00194809
0.4
0.00194808
0.4
0.00194807
0.4
0.00194806
0.4
0.00194806
0.4
0.00194805
0.4
0.00194805
0.4
0.00194805
0.4
0.00194805
0.4
0.00194805
0.4
0.00194805
0.4
0.00194805
0.4
0.00194805
0.4
0.00194805
0.4
0.00194805
0.4
0.00194805
0.4
0.00194805
0.4
0.00194805
0.4
0.00194805
0.4
0.00194805
0.4
0.00194805
0.4
0.00194805
0.4
0.00194805
0.4
0.00194805
0.4
0.00194805
0.4
0.00194805
0.4
0.00194805
0.4
0.00194804
0.4
0.00194804
0.4
0.00194804
0.4
0.00194804
0.4
0.00194804
0.4
0.00194804
0.4
0.00194804
0.4
0.00194804
0.4
0.00194803
0.4
0.00194803
0.4
0.00194802
0.4
0.00194801
0.4
0.001948
0.4
0.00194799
0.4
0.00194797
0.4
0.00194795
0.4
0.00194792
0.400001
0.00194789
0.400001
0.00194786
0.400001
0.00194782
0.400001
0.00194779
0.400001
0.00194778
0.400001
0.00194782
0.400001
0.00194793
0.4
0.0019482
0.399998
0.00194873
0.399995
0.00194971
0.39999
0.00195147
0.39998
0.00195458
0.399966
0.00196026
0.399942
0.00197062
0.399907
0.00198986
0.39986
0.399818
0.00100248
0.392057
0.00125288
0.394106
0.00144464
0.396013
0.00156979
0.397465
0.001648
0.398471
0.00169516
0.399132
0.0017222
0.399562
0.001736
0.399834
0.00174126
0.400001
0.00174123
0.400098
0.00173811
0.400148
0.00173338
0.400169
0.00172798
0.400172
0.00172249
0.400163
0.00171728
0.400149
0.00171253
0.400132
0.00170832
0.400114
0.00170467
0.400097
0.00170157
0.400081
0.00169897
0.400067
0.00169682
0.400055
0.00169505
0.400045
0.00169362
0.400036
0.00169247
0.400029
0.00169155
0.400023
0.00169082
0.400018
0.00169025
0.400014
0.0016898
0.400011
0.00168945
0.400008
0.00168918
0.400006
0.00168897
0.400005
0.00168881
0.400004
0.00168868
0.400003
0.00168859
0.400002
0.00168852
0.400002
0.00168847
0.400001
0.00168843
0.400001
0.0016884
0.400001
0.00168837
0.400001
0.00168836
0.4
0.00168835
0.4
0.00168834
0.4
0.00168833
0.4
0.00168832
0.4
0.00168832
0.4
0.00168832
0.4
0.00168831
0.4
0.00168831
0.4
0.00168831
0.4
0.00168831
0.4
0.00168831
0.4
0.00168831
0.4
0.00168831
0.4
0.00168831
0.4
0.00168831
0.4
0.00168831
0.4
0.00168831
0.4
0.00168831
0.4
0.00168831
0.4
0.00168831
0.4
0.00168831
0.4
0.00168831
0.4
0.00168831
0.4
0.00168831
0.4
0.00168831
0.4
0.00168831
0.4
0.00168831
0.4
0.00168831
0.4
0.00168831
0.4
0.00168831
0.4
0.00168831
0.4
0.00168831
0.4
0.0016883
0.4
0.0016883
0.4
0.0016883
0.4
0.0016883
0.4
0.00168829
0.4
0.00168829
0.4
0.00168828
0.4
0.00168827
0.4
0.00168826
0.4
0.00168824
0.4
0.00168822
0.4
0.0016882
0.400001
0.00168817
0.400001
0.00168814
0.400001
0.00168812
0.400001
0.00168809
0.400001
0.00168809
0.400001
0.00168812
0.400001
0.00168824
0.4
0.00168848
0.399998
0.00168897
0.399995
0.00168988
0.399989
0.0016915
0.399979
0.00169436
0.399963
0.00169961
0.399937
0.00170922
0.399898
0.00172703
0.399842
0.39979
0.00084151
0.391848
0.00105259
0.393895
0.00121636
0.39585
0.00132395
0.397358
0.00139141
0.398403
0.00143224
0.399091
0.0014558
0.399539
0.00146797
0.399822
0.00147277
0.399996
0.00147299
0.400097
0.00147051
0.400151
0.00146662
0.400173
0.00146211
0.400176
0.00145752
0.400168
0.00145313
0.400153
0.00144912
0.400136
0.00144556
0.400118
0.00144247
0.4001
0.00143985
0.400084
0.00143764
0.40007
0.00143581
0.400057
0.00143431
0.400046
0.0014331
0.400037
0.00143212
0.40003
0.00143133
0.400024
0.00143071
0.400019
0.00143022
0.400014
0.00142984
0.400011
0.00142954
0.400009
0.00142931
0.400007
0.00142913
0.400005
0.001429
0.400004
0.00142889
0.400003
0.00142881
0.400002
0.00142875
0.400002
0.00142871
0.400001
0.00142867
0.400001
0.00142865
0.400001
0.00142863
0.400001
0.00142861
0.4
0.0014286
0.4
0.00142859
0.4
0.00142859
0.4
0.00142858
0.4
0.00142858
0.4
0.00142858
0.4
0.00142857
0.4
0.00142857
0.4
0.00142857
0.4
0.00142857
0.4
0.00142857
0.4
0.00142857
0.4
0.00142857
0.4
0.00142857
0.4
0.00142857
0.4
0.00142857
0.4
0.00142857
0.4
0.00142857
0.4
0.00142857
0.4
0.00142857
0.4
0.00142857
0.4
0.00142857
0.4
0.00142857
0.4
0.00142857
0.4
0.00142857
0.4
0.00142857
0.4
0.00142857
0.4
0.00142857
0.4
0.00142857
0.4
0.00142857
0.4
0.00142857
0.4
0.00142857
0.4
0.00142857
0.4
0.00142856
0.4
0.00142856
0.4
0.00142856
0.4
0.00142856
0.4
0.00142855
0.4
0.00142855
0.4
0.00142854
0.4
0.00142853
0.4
0.00142851
0.4
0.0014285
0.400001
0.00142848
0.400001
0.00142846
0.400001
0.00142843
0.400001
0.00142841
0.400001
0.00142839
0.400001
0.00142839
0.400001
0.00142842
0.400001
0.00142853
0.4
0.00142875
0.399998
0.00142919
0.399994
0.00142999
0.399988
0.00143143
0.399977
0.00143399
0.39996
0.00143867
0.399932
0.00144726
0.399889
0.00146317
0.399826
0.399765
0.000684104
0.39168
0.000856158
0.393723
0.000991099
0.395715
0.00108027
0.397269
0.00113634
0.398347
0.00117037
0.399057
0.00119011
0.399519
0.00120041
0.399812
0.00120458
0.399992
0.00120493
0.400097
0.00120301
0.400153
0.0011999
0.400176
0.00119626
0.40018
0.00119253
0.400172
0.00118895
0.400157
0.00118568
0.400139
0.00118277
0.400121
0.00118024
0.400103
0.00117809
0.400086
0.00117628
0.400071
0.00117478
0.400059
0.00117355
0.400048
0.00117255
0.400038
0.00117175
0.400031
0.0011711
0.400024
0.00117059
0.400019
0.00117019
0.400015
0.00116988
0.400012
0.00116963
0.400009
0.00116944
0.400007
0.00116929
0.400005
0.00116918
0.400004
0.00116909
0.400003
0.00116903
0.400002
0.00116898
0.400002
0.00116894
0.400001
0.00116891
0.400001
0.00116889
0.400001
0.00116888
0.400001
0.00116886
0.4
0.00116886
0.4
0.00116885
0.4
0.00116884
0.4
0.00116884
0.4
0.00116884
0.4
0.00116884
0.4
0.00116883
0.4
0.00116883
0.4
0.00116883
0.4
0.00116883
0.4
0.00116883
0.4
0.00116883
0.4
0.00116883
0.4
0.00116883
0.4
0.00116883
0.4
0.00116883
0.4
0.00116883
0.4
0.00116883
0.4
0.00116883
0.4
0.00116883
0.4
0.00116883
0.4
0.00116883
0.4
0.00116883
0.4
0.00116883
0.4
0.00116883
0.4
0.00116883
0.4
0.00116883
0.4
0.00116883
0.4
0.00116883
0.4
0.00116883
0.4
0.00116883
0.4
0.00116883
0.4
0.00116883
0.4
0.00116883
0.4
0.00116882
0.4
0.00116882
0.4
0.00116882
0.4
0.00116882
0.4
0.00116881
0.4
0.0011688
0.4
0.00116879
0.4
0.00116878
0.4
0.00116877
0.400001
0.00116875
0.400001
0.00116874
0.400001
0.00116872
0.400001
0.0011687
0.400001
0.00116868
0.400001
0.00116869
0.400001
0.00116872
0.400001
0.00116881
0.4
0.001169
0.399998
0.00116937
0.399994
0.00117006
0.399987
0.00117129
0.399976
0.00117347
0.399958
0.00117747
0.399928
0.00118482
0.399882
0.00119841
0.399812
0.399744
0.000529435
0.391551
0.000662798
0.39359
0.000768307
0.395609
0.00083836
0.397199
0.000882515
0.398303
0.000909374
0.399031
0.000925023
0.399503
0.000933243
0.399803
0.000936638
0.399989
0.00093701
0.400097
0.000935589
0.400154
0.000933212
0.400178
0.000930413
0.400183
0.000927528
0.400174
0.000924757
0.40016
0.000922216
0.400142
0.000919956
0.400123
0.000917992
0.400105
0.000916316
0.400088
0.000914908
0.400073
0.000913739
0.40006
0.00091278
0.400048
0.000911999
0.400039
0.000911371
0.400031
0.000910868
0.400025
0.00091047
0.400019
0.000910155
0.400015
0.000909909
0.400012
0.000909716
0.400009
0.000909568
0.400007
0.000909453
0.400005
0.000909365
0.400004
0.000909297
0.400003
0.000909246
0.400002
0.000909207
0.400002
0.000909178
0.400001
0.000909155
0.400001
0.000909139
0.400001
0.000909126
0.400001
0.000909117
0.4
0.00090911
0.4
0.000909105
0.4
0.000909101
0.4
0.000909098
0.4
0.000909096
0.4
0.000909094
0.4
0.000909093
0.4
0.000909092
0.4
0.000909091
0.4
0.000909091
0.4
0.00090909
0.4
0.000909091
0.4
0.00090909
0.4
0.00090909
0.4
0.00090909
0.4
0.00090909
0.4
0.00090909
0.4
0.00090909
0.4
0.00090909
0.4
0.00090909
0.4
0.00090909
0.4
0.00090909
0.4
0.00090909
0.4
0.00090909
0.4
0.000909089
0.4
0.000909089
0.4
0.000909089
0.4
0.000909089
0.4
0.000909089
0.4
0.000909089
0.4
0.000909088
0.4
0.000909088
0.4
0.000909088
0.4
0.000909087
0.4
0.000909085
0.4
0.000909084
0.4
0.000909081
0.4
0.000909078
0.4
0.000909074
0.4
0.000909069
0.4
0.000909062
0.4
0.000909054
0.4
0.000909043
0.400001
0.000909031
0.400001
0.000909017
0.400001
0.000909002
0.400001
0.000908987
0.400001
0.000908978
0.400001
0.00090898
0.400001
0.000909006
0.400001
0.000909079
0.399999
0.000909235
0.399997
0.000909536
0.399993
0.000910087
0.399987
0.000911074
0.399975
0.000912826
0.399956
0.000916047
0.399925
0.000921967
0.399876
0.000932899
0.399802
0.399727
0.000376791
0.39146
0.000471784
0.393495
0.00054743
0.395534
0.000597839
0.397148
0.000629668
0.398271
0.000649062
0.399011
0.000660396
0.399492
0.000666381
0.399797
0.000668887
0.399986
0.000669209
0.400096
0.000668231
0.400155
0.000666557
0.40018
0.000664575
0.400185
0.000662524
0.400176
0.00066055
0.400162
0.000658737
0.400143
0.000657124
0.400124
0.000655721
0.400106
0.000654523
0.400089
0.000653516
0.400074
0.00065268
0.400061
0.000651994
0.400049
0.000651435
0.40004
0.000650985
0.400032
0.000650625
0.400025
0.000650339
0.40002
0.000650114
0.400015
0.000649937
0.400012
0.000649799
0.400009
0.000649693
0.400007
0.00064961
0.400005
0.000649547
0.400004
0.000649498
0.400003
0.000649462
0.400002
0.000649434
0.400002
0.000649413
0.400001
0.000649397
0.400001
0.000649385
0.400001
0.000649376
0.400001
0.00064937
0.4
0.000649364
0.4
0.000649361
0.4
0.000649358
0.4
0.000649356
0.4
0.000649354
0.4
0.000649353
0.4
0.000649352
0.4
0.000649351
0.4
0.00064935
0.4
0.00064935
0.4
0.00064935
0.4
0.00064935
0.4
0.00064935
0.4
0.00064935
0.4
0.00064935
0.4
0.00064935
0.4
0.00064935
0.4
0.00064935
0.4
0.00064935
0.4
0.00064935
0.4
0.00064935
0.4
0.00064935
0.4
0.000649349
0.4
0.000649349
0.4
0.000649349
0.4
0.000649349
0.4
0.000649349
0.4
0.000649349
0.4
0.000649349
0.4
0.000649349
0.4
0.000649349
0.4
0.000649349
0.4
0.000649348
0.4
0.000649348
0.4
0.000649347
0.4
0.000649346
0.4
0.000649344
0.4
0.000649342
0.4
0.000649339
0.4
0.000649335
0.4
0.00064933
0.4
0.000649324
0.4
0.000649316
0.400001
0.000649307
0.400001
0.000649297
0.400001
0.000649287
0.400001
0.000649277
0.400001
0.00064927
0.400001
0.000649272
0.400001
0.000649293
0.400001
0.000649346
0.399999
0.000649461
0.399997
0.000649682
0.399993
0.000650085
0.399986
0.000650807
0.399974
0.000652089
0.399955
0.000654448
0.399922
0.000658787
0.399871
0.000666789
0.399794
0.399715
0.000225537
0.391405
0.000282421
0.393438
0.000327916
0.395488
0.000358309
0.397118
0.000377523
0.398252
0.000389242
0.398999
0.000396105
0.399485
0.00039974
0.399794
0.000401277
0.399985
0.000401493
0.400096
0.000400919
0.400155
0.000399925
0.400181
0.000398743
0.400186
0.000397516
0.400178
0.000396334
0.400163
0.000395247
0.400145
0.000394279
0.400125
0.000393437
0.400107
0.000392718
0.40009
0.000392114
0.400074
0.000391611
0.400061
0.000391199
0.40005
0.000390864
0.40004
0.000390593
0.400032
0.000390377
0.400025
0.000390205
0.40002
0.000390069
0.400016
0.000389963
0.400012
0.00038988
0.400009
0.000389816
0.400007
0.000389766
0.400006
0.000389728
0.400004
0.000389699
0.400003
0.000389677
0.400002
0.00038966
0.400002
0.000389647
0.400001
0.000389638
0.400001
0.000389631
0.400001
0.000389625
0.400001
0.000389622
0.4
0.000389618
0.4
0.000389616
0.4
0.000389614
0.4
0.000389613
0.4
0.000389612
0.4
0.000389611
0.4
0.00038961
0.4
0.00038961
0.4
0.00038961
0.4
0.00038961
0.4
0.000389609
0.4
0.00038961
0.4
0.00038961
0.4
0.00038961
0.4
0.00038961
0.4
0.00038961
0.4
0.00038961
0.4
0.00038961
0.4
0.000389609
0.4
0.00038961
0.4
0.000389609
0.4
0.000389609
0.4
0.000389609
0.4
0.000389609
0.4
0.000389609
0.4
0.000389609
0.4
0.000389609
0.4
0.000389609
0.4
0.000389609
0.4
0.000389609
0.4
0.000389609
0.4
0.000389609
0.4
0.000389609
0.4
0.000389609
0.4
0.000389608
0.4
0.000389607
0.4
0.000389606
0.4
0.000389605
0.4
0.000389603
0.4
0.000389601
0.4
0.000389598
0.4
0.000389594
0.4
0.000389589
0.400001
0.000389584
0.400001
0.000389578
0.400001
0.000389572
0.400001
0.000389566
0.400001
0.000389562
0.400001
0.000389564
0.400001
0.000389576
0.400001
0.000389609
0.399999
0.000389679
0.399997
0.000389814
0.399993
0.00039006
0.399986
0.0003905
0.399974
0.000391282
0.399954
0.000392721
0.399921
0.000395369
0.399869
0.000400248
0.399789
0.399707
7.50961e-05
0.391387
9.40375e-05
0.393419
0.000109219
0.395473
0.000119374
0.397108
0.000125798
0.398246
0.000129717
0.398995
0.000132016
0.399483
0.000133234
0.399793
0.000133751
0.399984
0.000133827
0.400096
0.000133636
0.400156
0.000133306
0.400181
0.000132914
0.400186
0.000132507
0.400178
0.000132112
0.400163
0.000131749
0.400145
0.000131426
0.400126
0.000131146
0.400107
0.000130906
0.40009
0.000130705
0.400075
0.000130537
0.400061
0.0001304
0.40005
0.000130288
0.40004
0.000130198
0.400032
0.000130125
0.400025
0.000130068
0.40002
0.000130023
0.400016
0.000129987
0.400012
0.000129959
0.400009
0.000129938
0.400007
0.000129921
0.400006
0.000129909
0.400004
0.000129899
0.400003
0.000129892
0.400002
0.000129886
0.400002
0.000129882
0.400001
0.000129879
0.400001
0.000129877
0.400001
0.000129875
0.400001
0.000129874
0.4
0.000129872
0.4
0.000129872
0.4
0.000129871
0.4
0.000129871
0.4
0.00012987
0.4
0.00012987
0.4
0.000129869
0.4
0.000129869
0.4
0.000129869
0.4
0.000129869
0.4
0.000129869
0.4
0.000129869
0.4
0.000129869
0.4
0.000129869
0.4
0.000129869
0.4
0.000129869
0.4
0.000129869
0.4
0.000129869
0.4
0.000129869
0.4
0.000129869
0.4
0.000129869
0.4
0.000129869
0.4
0.000129869
0.4
0.000129869
0.4
0.000129869
0.4
0.000129869
0.4
0.000129869
0.4
0.000129869
0.4
0.000129869
0.4
0.000129869
0.4
0.000129869
0.4
0.000129869
0.4
0.000129869
0.4
0.000129869
0.4
0.000129869
0.4
0.000129869
0.4
0.000129869
0.4
0.000129868
0.4
0.000129867
0.4
0.000129867
0.4
0.000129865
0.4
0.000129864
0.4
0.000129863
0.400001
0.000129861
0.400001
0.000129859
0.400001
0.000129857
0.400001
0.000129855
0.400001
0.000129854
0.400001
0.000129854
0.400001
0.000129858
0.400001
0.000129869
0.399999
0.000129893
0.399997
0.000129938
0.399993
0.000130021
0.399986
0.000130169
0.399974
0.000130432
0.399954
0.000130915
0.399921
0.000131805
0.399868
0.000133445
0.399787
0.399705
-7.50771e-05
0.391405
-9.40209e-05
0.393438
-0.000109205
0.395488
-0.000119362
0.397118
-0.000125786
0.398252
-0.000129709
0.398999
-0.000132006
0.399485
-0.000133228
0.399794
-0.000133746
0.399985
-0.000133821
0.400096
-0.000133638
0.400155
-0.000133309
0.400181
-0.000132913
0.400186
-0.000132504
0.400178
-0.000132112
0.400163
-0.000131751
0.400145
-0.000131429
0.400125
-0.000131148
0.400107
-0.000130909
0.40009
-0.000130707
0.400074
-0.000130539
0.400061
-0.000130401
0.40005
-0.000130289
0.40004
-0.000130199
0.400032
-0.000130127
0.400025
-0.000130069
0.40002
-0.000130025
0.400016
-0.000129989
0.400012
-0.000129962
0.400009
-0.00012994
0.400007
-0.000129924
0.400006
-0.000129911
0.400004
-0.000129901
0.400003
-0.000129894
0.400002
-0.000129888
0.400002
-0.000129884
0.400001
-0.000129881
0.400001
-0.000129878
0.400001
-0.000129876
0.400001
-0.000129874
0.4
-0.000129874
0.4
-0.000129873
0.4
-0.000129873
0.4
-0.000129872
0.4
-0.000129872
0.4
-0.000129872
0.4
-0.000129872
0.4
-0.000129872
0.4
-0.000129872
0.4
-0.000129872
0.4
-0.000129872
0.4
-0.000129871
0.4
-0.000129871
0.4
-0.000129871
0.4
-0.000129871
0.4
-0.000129871
0.4
-0.000129871
0.4
-0.000129871
0.4
-0.000129871
0.4
-0.000129871
0.4
-0.000129871
0.4
-0.000129871
0.4
-0.000129871
0.4
-0.000129871
0.4
-0.000129871
0.4
-0.000129871
0.4
-0.000129871
0.4
-0.000129871
0.4
-0.000129871
0.4
-0.000129871
0.4
-0.000129871
0.4
-0.00012987
0.4
-0.00012987
0.4
-0.00012987
0.4
-0.00012987
0.4
-0.000129869
0.4
-0.000129869
0.4
-0.000129869
0.4
-0.000129868
0.4
-0.000129868
0.4
-0.000129867
0.4
-0.000129866
0.4
-0.000129864
0.400001
-0.000129862
0.400001
-0.000129861
0.400001
-0.000129858
0.400001
-0.000129856
0.400001
-0.000129855
0.400001
-0.000129856
0.400001
-0.00012986
0.400001
-0.000129871
0.399999
-0.000129895
0.399997
-0.00012994
0.399993
-0.000130023
0.399986
-0.00013017
0.399974
-0.000130433
0.399954
-0.000130917
0.399921
-0.000131807
0.399869
-0.000133446
0.399789
0.399707
-0.000225518
0.39146
-0.000282404
0.393495
-0.000327902
0.395534
-0.000358297
0.397148
-0.000377511
0.398271
-0.000389234
0.399011
-0.000396095
0.399492
-0.000399735
0.399797
-0.000401272
0.399986
-0.000401487
0.400096
-0.000400921
0.400155
-0.000399928
0.40018
-0.000398741
0.400185
-0.000397513
0.400176
-0.000396333
0.400162
-0.000395249
0.400143
-0.000394282
0.400124
-0.00039344
0.400106
-0.000392721
0.400089
-0.000392116
0.400074
-0.000391613
0.400061
-0.000391201
0.400049
-0.000390865
0.40004
-0.000390594
0.400032
-0.000390378
0.400025
-0.000390206
0.40002
-0.000390071
0.400015
-0.000389965
0.400012
-0.000389882
0.400009
-0.000389818
0.400007
-0.000389768
0.400005
-0.00038973
0.400004
-0.000389701
0.400003
-0.000389679
0.400002
-0.000389662
0.400002
-0.000389649
0.400001
-0.00038964
0.400001
-0.000389632
0.400001
-0.000389627
0.400001
-0.000389622
0.4
-0.00038962
0.4
-0.000389617
0.4
-0.000389616
0.4
-0.000389615
0.4
-0.000389614
0.4
-0.000389613
0.4
-0.000389613
0.4
-0.000389613
0.4
-0.000389613
0.4
-0.000389612
0.4
-0.000389612
0.4
-0.000389612
0.4
-0.000389612
0.4
-0.000389611
0.4
-0.000389611
0.4
-0.000389611
0.4
-0.000389611
0.4
-0.000389611
0.4
-0.000389611
0.4
-0.000389611
0.4
-0.000389612
0.4
-0.000389611
0.4
-0.000389612
0.4
-0.000389612
0.4
-0.000389612
0.4
-0.000389611
0.4
-0.000389611
0.4
-0.000389611
0.4
-0.000389611
0.4
-0.000389611
0.4
-0.00038961
0.4
-0.00038961
0.4
-0.00038961
0.4
-0.000389609
0.4
-0.000389608
0.4
-0.000389608
0.4
-0.000389607
0.4
-0.000389605
0.4
-0.000389604
0.4
-0.000389602
0.4
-0.000389599
0.4
-0.000389595
0.4
-0.000389591
0.400001
-0.000389586
0.400001
-0.00038958
0.400001
-0.000389573
0.400001
-0.000389567
0.400001
-0.000389564
0.400001
-0.000389565
0.400001
-0.000389578
0.400001
-0.000389611
0.399999
-0.000389681
0.399997
-0.000389816
0.399993
-0.000390061
0.399986
-0.000390502
0.399974
-0.000391283
0.399955
-0.000392723
0.399922
-0.00039537
0.399871
-0.000400249
0.399794
0.399715
-0.000376772
0.391551
-0.000471768
0.39359
-0.000547416
0.395609
-0.000597827
0.397199
-0.000629657
0.398303
-0.000649054
0.399031
-0.000660386
0.399503
-0.000666376
0.399803
-0.000668883
0.399989
-0.000669203
0.400097
-0.000668233
0.400154
-0.00066656
0.400178
-0.000664573
0.400183
-0.000662521
0.400174
-0.00066055
0.40016
-0.000658739
0.400142
-0.000657127
0.400123
-0.000655724
0.400105
-0.000654526
0.400088
-0.000653518
0.400073
-0.000652682
0.40006
-0.000651995
0.400048
-0.000651437
0.400039
-0.000650986
0.400031
-0.000650627
0.400025
-0.000650341
0.400019
-0.000650116
0.400015
-0.000649939
0.400012
-0.000649801
0.400009
-0.000649694
0.400007
-0.000649612
0.400005
-0.000649549
0.400004
-0.000649501
0.400003
-0.000649464
0.400002
-0.000649436
0.400002
-0.000649414
0.400001
-0.000649399
0.400001
-0.000649386
0.400001
-0.000649377
0.400001
-0.00064937
0.4
-0.000649366
0.4
-0.000649362
0.4
-0.000649359
0.4
-0.000649357
0.4
-0.000649356
0.4
-0.000649355
0.4
-0.000649354
0.4
-0.000649354
0.4
-0.000649353
0.4
-0.000649353
0.4
-0.000649353
0.4
-0.000649352
0.4
-0.000649352
0.4
-0.000649352
0.4
-0.000649352
0.4
-0.000649351
0.4
-0.000649352
0.4
-0.000649351
0.4
-0.000649352
0.4
-0.000649352
0.4
-0.000649352
0.4
-0.000649352
0.4
-0.000649352
0.4
-0.000649352
0.4
-0.000649352
0.4
-0.000649352
0.4
-0.000649352
0.4
-0.000649351
0.4
-0.000649351
0.4
-0.000649351
0.4
-0.00064935
0.4
-0.00064935
0.4
-0.000649349
0.4
-0.000649348
0.4
-0.000649347
0.4
-0.000649346
0.4
-0.000649344
0.4
-0.000649342
0.4
-0.000649339
0.4
-0.000649336
0.4
-0.000649331
0.4
-0.000649325
0.4
-0.000649318
0.400001
-0.000649309
0.400001
-0.000649299
0.400001
-0.000649288
0.400001
-0.000649278
0.400001
-0.000649272
0.400001
-0.000649274
0.400001
-0.000649294
0.400001
-0.000649348
0.399999
-0.000649463
0.399997
-0.000649684
0.399993
-0.000650086
0.399987
-0.000650808
0.399975
-0.000652091
0.399956
-0.00065445
0.399925
-0.000658789
0.399876
-0.00066679
0.399802
0.399727
-0.000529417
0.39168
-0.000662782
0.393723
-0.000768294
0.395715
-0.000838349
0.397269
-0.000882503
0.398347
-0.000909367
0.399057
-0.000925013
0.399519
-0.000933238
0.399812
-0.000936633
0.399992
-0.000937004
0.400097
-0.000935591
0.400153
-0.000933214
0.400176
-0.000930411
0.40018
-0.000927525
0.400172
-0.000924757
0.400157
-0.000922218
0.400139
-0.000919958
0.400121
-0.000917994
0.400103
-0.000916319
0.400086
-0.00091491
0.400071
-0.000913741
0.400059
-0.000912781
0.400048
-0.000912001
0.400038
-0.000911372
0.400031
-0.00091087
0.400024
-0.000910471
0.400019
-0.000910157
0.400015
-0.00090991
0.400012
-0.000909718
0.400009
-0.00090957
0.400007
-0.000909455
0.400005
-0.000909367
0.400004
-0.0009093
0.400003
-0.000909248
0.400002
-0.000909209
0.400002
-0.000909179
0.400001
-0.000909157
0.400001
-0.00090914
0.400001
-0.000909128
0.400001
-0.000909118
0.4
-0.000909111
0.4
-0.000909106
0.4
-0.000909103
0.4
-0.0009091
0.4
-0.000909098
0.4
-0.000909096
0.4
-0.000909095
0.4
-0.000909094
0.4
-0.000909094
0.4
-0.000909093
0.4
-0.000909093
0.4
-0.000909093
0.4
-0.000909092
0.4
-0.000909092
0.4
-0.000909092
0.4
-0.000909092
0.4
-0.000909092
0.4
-0.000909092
0.4
-0.000909092
0.4
-0.000909092
0.4
-0.000909092
0.4
-0.000909092
0.4
-0.000909092
0.4
-0.000909092
0.4
-0.000909092
0.4
-0.000909092
0.4
-0.000909092
0.4
-0.000909091
0.4
-0.000909091
0.4
-0.00090909
0.4
-0.00090909
0.4
-0.000909089
0.4
-0.000909089
0.4
-0.000909087
0.4
-0.000909086
0.4
-0.000909084
0.4
-0.000909082
0.4
-0.000909079
0.4
-0.000909075
0.4
-0.00090907
0.4
-0.000909063
0.4
-0.000909055
0.4
-0.000909045
0.400001
-0.000909032
0.400001
-0.000909018
0.400001
-0.000909003
0.400001
-0.000908989
0.400001
-0.000908979
0.400001
-0.000908982
0.400001
-0.000909008
0.400001
-0.000909081
0.4
-0.000909237
0.399998
-0.000909538
0.399994
-0.000910089
0.399987
-0.000911075
0.399976
-0.000912827
0.399958
-0.000916048
0.399928
-0.000921968
0.399882
-0.0009329
0.399812
0.399744
-0.000684086
0.391848
-0.000856142
0.393895
-0.000991086
0.39585
-0.00108025
0.397358
-0.00113633
0.398403
-0.00117036
0.399091
-0.00119011
0.399539
-0.00120041
0.399822
-0.00120458
0.399996
-0.00120492
0.400097
-0.00120301
0.400151
-0.0011999
0.400173
-0.00119626
0.400176
-0.00119252
0.400168
-0.00118895
0.400153
-0.00118568
0.400136
-0.00118277
0.400118
-0.00118025
0.4001
-0.00117809
0.400084
-0.00117629
0.40007
-0.00117479
0.400057
-0.00117356
0.400046
-0.00117256
0.400037
-0.00117175
0.40003
-0.00117111
0.400024
-0.0011706
0.400019
-0.00117019
0.400014
-0.00116988
0.400011
-0.00116963
0.400009
-0.00116944
0.400007
-0.0011693
0.400005
-0.00116918
0.400004
-0.0011691
0.400003
-0.00116903
0.400002
-0.00116898
0.400002
-0.00116894
0.400001
-0.00116892
0.400001
-0.00116889
0.400001
-0.00116888
0.400001
-0.00116887
0.4
-0.00116886
0.4
-0.00116885
0.4
-0.00116885
0.4
-0.00116884
0.4
-0.00116884
0.4
-0.00116884
0.4
-0.00116884
0.4
-0.00116884
0.4
-0.00116883
0.4
-0.00116883
0.4
-0.00116883
0.4
-0.00116883
0.4
-0.00116883
0.4
-0.00116883
0.4
-0.00116883
0.4
-0.00116883
0.4
-0.00116883
0.4
-0.00116883
0.4
-0.00116883
0.4
-0.00116883
0.4
-0.00116883
0.4
-0.00116883
0.4
-0.00116883
0.4
-0.00116883
0.4
-0.00116883
0.4
-0.00116883
0.4
-0.00116883
0.4
-0.00116883
0.4
-0.00116883
0.4
-0.00116883
0.4
-0.00116883
0.4
-0.00116883
0.4
-0.00116883
0.4
-0.00116883
0.4
-0.00116882
0.4
-0.00116882
0.4
-0.00116882
0.4
-0.00116882
0.4
-0.00116881
0.4
-0.0011688
0.4
-0.0011688
0.4
-0.00116878
0.4
-0.00116877
0.400001
-0.00116876
0.400001
-0.00116874
0.400001
-0.00116872
0.400001
-0.0011687
0.400001
-0.00116869
0.400001
-0.00116869
0.400001
-0.00116872
0.400001
-0.00116881
0.4
-0.001169
0.399998
-0.00116937
0.399994
-0.00117006
0.399988
-0.00117129
0.399977
-0.00117347
0.39996
-0.00117747
0.399932
-0.00118482
0.399889
-0.00119841
0.399826
0.399765
-0.000841493
0.392057
-0.00105258
0.394106
-0.00121635
0.396014
-0.00132394
0.397465
-0.0013914
0.398471
-0.00143223
0.399132
-0.00145579
0.399562
-0.00146797
0.399834
-0.00147277
0.400001
-0.00147298
0.400098
-0.00147051
0.400148
-0.00146662
0.400169
-0.00146211
0.400172
-0.00145751
0.400163
-0.00145313
0.400149
-0.00144912
0.400132
-0.00144556
0.400114
-0.00144248
0.400097
-0.00143985
0.400081
-0.00143764
0.400067
-0.00143581
0.400055
-0.00143431
0.400045
-0.0014331
0.400036
-0.00143212
0.400029
-0.00143133
0.400023
-0.00143071
0.400018
-0.00143022
0.400014
-0.00142984
0.400011
-0.00142954
0.400008
-0.00142931
0.400006
-0.00142913
0.400005
-0.001429
0.400004
-0.00142889
0.400003
-0.00142881
0.400002
-0.00142875
0.400002
-0.00142871
0.400001
-0.00142867
0.400001
-0.00142865
0.400001
-0.00142863
0.400001
-0.00142861
0.4
-0.0014286
0.4
-0.00142859
0.4
-0.00142859
0.4
-0.00142858
0.4
-0.00142858
0.4
-0.00142858
0.4
-0.00142858
0.4
-0.00142858
0.4
-0.00142857
0.4
-0.00142857
0.4
-0.00142857
0.4
-0.00142857
0.4
-0.00142857
0.4
-0.00142857
0.4
-0.00142857
0.4
-0.00142857
0.4
-0.00142857
0.4
-0.00142857
0.4
-0.00142857
0.4
-0.00142857
0.4
-0.00142857
0.4
-0.00142857
0.4
-0.00142857
0.4
-0.00142857
0.4
-0.00142857
0.4
-0.00142857
0.4
-0.00142857
0.4
-0.00142857
0.4
-0.00142857
0.4
-0.00142857
0.4
-0.00142857
0.4
-0.00142857
0.4
-0.00142857
0.4
-0.00142857
0.4
-0.00142856
0.4
-0.00142856
0.4
-0.00142856
0.4
-0.00142855
0.4
-0.00142855
0.4
-0.00142854
0.4
-0.00142853
0.4
-0.00142851
0.4
-0.0014285
0.4
-0.00142848
0.400001
-0.00142846
0.400001
-0.00142843
0.400001
-0.00142841
0.400001
-0.00142839
0.400001
-0.00142839
0.400001
-0.00142843
0.400001
-0.00142853
0.4
-0.00142875
0.399998
-0.00142919
0.399995
-0.00142999
0.399989
-0.00143143
0.399979
-0.00143399
0.399963
-0.00143867
0.399937
-0.00144726
0.399898
-0.00146317
0.399842
0.39979
-0.00100246
0.392309
-0.00125286
0.394356
-0.00144463
0.396205
-0.00156978
0.397591
-0.00164799
0.398549
-0.00169516
0.399179
-0.00172219
0.399589
-0.00173599
0.399848
-0.00174125
0.400006
-0.00174122
0.400098
-0.00173811
0.400145
-0.00173338
0.400164
-0.00172797
0.400166
-0.00172249
0.400158
-0.00171728
0.400144
-0.00171253
0.400127
-0.00170832
0.40011
-0.00170467
0.400093
-0.00170157
0.400078
-0.00169897
0.400065
-0.00169682
0.400053
-0.00169505
0.400043
-0.00169362
0.400035
-0.00169247
0.400028
-0.00169155
0.400022
-0.00169082
0.400017
-0.00169025
0.400013
-0.0016898
0.40001
-0.00168945
0.400008
-0.00168918
0.400006
-0.00168897
0.400005
-0.00168881
0.400004
-0.00168869
0.400003
-0.00168859
0.400002
-0.00168852
0.400002
-0.00168847
0.400001
-0.00168843
0.400001
-0.0016884
0.400001
-0.00168838
0.4
-0.00168836
0.4
-0.00168835
0.4
-0.00168834
0.4
-0.00168833
0.4
-0.00168833
0.4
-0.00168832
0.4
-0.00168832
0.4
-0.00168832
0.4
-0.00168832
0.4
-0.00168831
0.4
-0.00168831
0.4
-0.00168831
0.4
-0.00168831
0.4
-0.00168831
0.4
-0.00168831
0.4
-0.00168831
0.4
-0.00168831
0.4
-0.00168831
0.4
-0.00168831
0.4
-0.00168831
0.4
-0.00168831
0.4
-0.00168831
0.4
-0.00168831
0.4
-0.00168831
0.4
-0.00168831
0.4
-0.00168831
0.4
-0.00168831
0.4
-0.00168831
0.4
-0.00168831
0.4
-0.00168831
0.4
-0.00168831
0.4
-0.00168831
0.4
-0.00168831
0.4
-0.00168831
0.4
-0.0016883
0.4
-0.0016883
0.4
-0.0016883
0.4
-0.00168829
0.4
-0.00168829
0.4
-0.00168828
0.4
-0.00168827
0.4
-0.00168826
0.4
-0.00168824
0.4
-0.00168823
0.4
-0.0016882
0.400001
-0.00168818
0.400001
-0.00168815
0.400001
-0.00168812
0.400001
-0.00168809
0.400001
-0.00168809
0.400001
-0.00168813
0.400001
-0.00168824
0.4
-0.00168849
0.399998
-0.00168898
0.399995
-0.00168988
0.39999
-0.0016915
0.39998
-0.00169437
0.399966
-0.00169961
0.399942
-0.00170922
0.399907
-0.00172703
0.39986
0.399818
-0.00116798
0.392606
-0.00145782
0.394646
-0.0016765
0.396424
-0.00181817
0.397732
-0.00190635
0.398637
-0.00195931
0.399232
-0.00198942
0.39962
-0.00200456
0.399863
-0.00201007
0.400012
-0.00200966
0.400097
-0.00200581
0.400141
-0.00200019
0.400159
-0.00199384
0.40016
-0.00198745
0.400151
-0.0019814
0.400138
-0.0019759
0.400122
-0.00197104
0.400105
-0.00196684
0.400089
-0.00196326
0.400075
-0.00196027
0.400062
-0.0019578
0.400051
-0.00195577
0.400041
-0.00195413
0.400033
-0.00195281
0.400026
-0.00195175
0.400021
-0.00195092
0.400016
-0.00195026
0.400013
-0.00194975
0.40001
-0.00194935
0.400008
-0.00194904
0.400006
-0.0019488
0.400005
-0.00194862
0.400003
-0.00194848
0.400003
-0.00194837
0.400002
-0.00194829
0.400001
-0.00194823
0.400001
-0.00194818
0.400001
-0.00194815
0.400001
-0.00194812
0.4
-0.0019481
0.4
-0.00194809
0.4
-0.00194808
0.4
-0.00194807
0.4
-0.00194806
0.4
-0.00194806
0.4
-0.00194806
0.4
-0.00194805
0.4
-0.00194805
0.4
-0.00194805
0.4
-0.00194805
0.4
-0.00194805
0.4
-0.00194805
0.4
-0.00194805
0.4
-0.00194805
0.4
-0.00194805
0.4
-0.00194805
0.4
-0.00194805
0.4
-0.00194805
0.4
-0.00194805
0.4
-0.00194805
0.4
-0.00194805
0.4
-0.00194805
0.4
-0.00194805
0.4
-0.00194805
0.4
-0.00194805
0.4
-0.00194805
0.4
-0.00194805
0.4
-0.00194805
0.4
-0.00194805
0.4
-0.00194805
0.4
-0.00194804
0.4
-0.00194804
0.4
-0.00194804
0.4
-0.00194804
0.4
-0.00194804
0.4
-0.00194803
0.4
-0.00194803
0.4
-0.00194802
0.4
-0.00194801
0.4
-0.001948
0.4
-0.00194799
0.4
-0.00194797
0.4
-0.00194795
0.4
-0.00194792
0.400001
-0.00194789
0.400001
-0.00194786
0.400001
-0.00194782
0.400001
-0.00194779
0.400001
-0.00194779
0.400001
-0.00194782
0.400001
-0.00194794
0.4
-0.0019482
0.399998
-0.00194873
0.399996
-0.00194971
0.399991
-0.00195147
0.399982
-0.00195458
0.399969
-0.00196026
0.399948
-0.00197063
0.399918
-0.00198986
0.399879
0.399848
-0.00133919
0.392953
-0.00166831
0.394975
-0.0019125
0.396668
-0.00206947
0.397889
-0.00216674
0.398734
-0.00222487
0.399291
-0.00225758
0.399652
-0.00227373
0.399879
-0.00227927
0.400017
-0.00227831
0.400096
-0.00227363
0.400137
-0.00226704
0.400152
-0.00225971
0.400153
-0.00225239
0.400144
-0.00224549
0.400131
-0.00223923
0.400115
-0.00223371
0.4001
-0.00222895
0.400084
-0.00222491
0.400071
-0.00222153
0.400058
-0.00221874
0.400048
-0.00221646
0.400039
-0.0022146
0.400031
-0.00221312
0.400025
-0.00221193
0.40002
-0.00221099
0.400015
-0.00221026
0.400012
-0.00220968
0.400009
-0.00220923
0.400007
-0.00220888
0.400006
-0.00220862
0.400004
-0.00220841
0.400003
-0.00220826
0.400002
-0.00220814
0.400002
-0.00220805
0.400001
-0.00220798
0.400001
-0.00220793
0.400001
-0.00220789
0.400001
-0.00220786
0.4
-0.00220784
0.4
-0.00220782
0.4
-0.00220781
0.4
-0.0022078
0.4
-0.0022078
0.4
-0.00220779
0.4
-0.00220779
0.4
-0.00220779
0.4
-0.00220778
0.4
-0.00220778
0.4
-0.00220778
0.4
-0.00220778
0.4
-0.00220778
0.4
-0.00220778
0.4
-0.00220778
0.4
-0.00220778
0.4
-0.00220778
0.4
-0.00220778
0.4
-0.00220778
0.4
-0.00220778
0.4
-0.00220778
0.4
-0.00220778
0.4
-0.00220778
0.4
-0.00220778
0.4
-0.00220778
0.4
-0.00220778
0.4
-0.00220778
0.4
-0.00220778
0.4
-0.00220778
0.4
-0.00220778
0.4
-0.00220778
0.4
-0.00220777
0.4
-0.00220777
0.4
-0.00220777
0.4
-0.00220777
0.4
-0.00220777
0.4
-0.00220776
0.4
-0.00220776
0.4
-0.00220775
0.4
-0.00220774
0.4
-0.00220773
0.4
-0.00220771
0.4
-0.00220769
0.4
-0.00220767
0.4
-0.00220764
0.400001
-0.0022076
0.400001
-0.00220756
0.400001
-0.00220752
0.400001
-0.00220749
0.400001
-0.00220747
0.400001
-0.0022075
0.400001
-0.00220762
0.4
-0.00220789
0.399999
-0.00220845
0.399996
-0.00220948
0.399992
-0.00221134
0.399984
-0.00221463
0.399972
-0.00222059
0.399954
-0.00223143
0.399928
-0.00225154
0.399899
0.399879
-0.0015175
0.393352
-0.00188527
0.395343
-0.00215319
0.396936
-0.00232405
0.39806
-0.00242939
0.39884
-0.00249197
0.399353
-0.00252677
0.399687
-0.00254356
0.399896
-0.00254886
0.400023
-0.00254719
0.400094
-0.00254155
0.400131
-0.00253392
0.400145
-0.00252557
0.400144
-0.00251728
0.400136
-0.00250951
0.400123
-0.00250249
0.400108
-0.00249632
0.400093
-0.002491
0.400079
-0.0024865
0.400066
-0.00248274
0.400055
-0.00247963
0.400045
-0.00247709
0.400036
-0.00247504
0.400029
-0.00247339
0.400023
-0.00247208
0.400018
-0.00247104
0.400014
-0.00247022
0.400011
-0.00246959
0.400009
-0.00246909
0.400007
-0.00246871
0.400005
-0.00246841
0.400004
-0.00246819
0.400003
-0.00246802
0.400002
-0.00246788
0.400002
-0.00246779
0.400001
-0.00246771
0.400001
-0.00246765
0.400001
-0.00246761
0.400001
-0.00246758
0.4
-0.00246756
0.4
-0.00246754
0.4
-0.00246753
0.4
-0.00246752
0.4
-0.00246751
0.4
-0.0024675
0.4
-0.0024675
0.4
-0.0024675
0.4
-0.0024675
0.4
-0.00246749
0.4
-0.00246749
0.4
-0.00246749
0.4
-0.00246749
0.4
-0.00246749
0.4
-0.00246749
0.4
-0.00246749
0.4
-0.00246749
0.4
-0.00246749
0.4
-0.00246749
0.4
-0.00246749
0.4
-0.00246749
0.4
-0.00246749
0.4
-0.00246749
0.4
-0.00246749
0.4
-0.00246749
0.4
-0.00246749
0.4
-0.00246749
0.4
-0.00246749
0.4
-0.00246749
0.4
-0.00246749
0.4
-0.00246749
0.4
-0.00246749
0.4
-0.00246748
0.4
-0.00246748
0.4
-0.00246748
0.4
-0.00246748
0.4
-0.00246747
0.4
-0.00246747
0.4
-0.00246746
0.4
-0.00246745
0.4
-0.00246743
0.4
-0.00246742
0.4
-0.00246739
0.4
-0.00246737
0.4
-0.00246733
0.400001
-0.00246729
0.400001
-0.00246725
0.400001
-0.0024672
0.400001
-0.00246716
0.400001
-0.00246713
0.400001
-0.00246716
0.400001
-0.00246727
0.4
-0.00246754
0.399999
-0.00246811
0.399997
-0.00246917
0.399993
-0.00247109
0.399986
-0.00247447
0.399975
-0.00248057
0.39996
-0.00249158
0.399939
-0.00251196
0.399919
0.399911
-0.00170457
0.39381
-0.00210964
0.395748
-0.00239909
0.397226
-0.00258221
0.398243
-0.00269448
0.398952
-0.00276071
0.399419
-0.00279703
0.399723
-0.00281405
0.399913
-0.00281885
0.400027
-0.00281627
0.400092
-0.00280955
0.400124
-0.0028008
0.400136
-0.00279137
0.400135
-0.00278209
0.400126
-0.00277344
0.400114
-0.00276565
0.4001
-0.00275881
0.400087
-0.00275294
0.400073
-0.00274798
0.400061
-0.00274384
0.400051
-0.00274043
0.400041
-0.00273764
0.400033
-0.00273539
0.400027
-0.00273358
0.400021
-0.00273215
0.400017
-0.00273101
0.400013
-0.00273012
0.40001
-0.00272942
0.400008
-0.00272888
0.400006
-0.00272847
0.400005
-0.00272815
0.400004
-0.0027279
0.400003
-0.00272771
0.400002
-0.00272757
0.400002
-0.00272746
0.400001
-0.00272738
0.400001
-0.00272732
0.400001
-0.00272727
0.400001
-0.00272724
0.4
-0.00272721
0.4
-0.0027272
0.4
-0.00272718
0.4
-0.00272717
0.4
-0.00272716
0.4
-0.00272716
0.4
-0.00272715
0.4
-0.00272715
0.4
-0.00272715
0.4
-0.00272715
0.4
-0.00272714
0.4
-0.00272714
0.4
-0.00272714
0.4
-0.00272714
0.4
-0.00272714
0.4
-0.00272714
0.4
-0.00272714
0.4
-0.00272714
0.4
-0.00272714
0.4
-0.00272714
0.4
-0.00272714
0.4
-0.00272714
0.4
-0.00272714
0.4
-0.00272714
0.4
-0.00272714
0.4
-0.00272714
0.4
-0.00272714
0.4
-0.00272714
0.4
-0.00272714
0.4
-0.00272714
0.4
-0.00272714
0.4
-0.00272714
0.4
-0.00272714
0.4
-0.00272713
0.4
-0.00272713
0.4
-0.00272713
0.4
-0.00272712
0.4
-0.00272712
0.4
-0.00272711
0.4
-0.0027271
0.4
-0.00272708
0.4
-0.00272706
0.4
-0.00272704
0.4
-0.00272701
0.4
-0.00272697
0.4
-0.00272693
0.400001
-0.00272687
0.400001
-0.00272682
0.400001
-0.00272677
0.400001
-0.00272674
0.400001
-0.00272675
0.400001
-0.00272685
0.4
-0.00272711
0.399999
-0.00272768
0.399997
-0.00272875
0.399994
-0.00273068
0.399988
-0.00273408
0.399979
-0.00274015
0.399966
-0.00275102
0.39995
-0.00277101
0.399939
0.399942
-0.00190233
0.39433
-0.00234237
0.396188
-0.00265064
0.397534
-0.00284418
0.398437
-0.00296211
0.39907
-0.00303112
0.399488
-0.00306832
0.399761
-0.00308515
0.39993
-0.00308913
0.400031
-0.00308544
0.400088
-0.0030775
0.400116
-0.00306755
0.400126
-0.00305699
0.400124
-0.00304669
0.400116
-0.00303713
0.400105
-0.00302856
0.400092
-0.00302107
0.400079
-0.00301465
0.400067
-0.00300923
0.400056
-0.00300472
0.400046
-0.003001
0.400038
-0.00299798
0.40003
-0.00299553
0.400024
-0.00299358
0.400019
-0.00299202
0.400015
-0.00299079
0.400012
-0.00298983
0.400009
-0.00298908
0.400007
-0.00298849
0.400006
-0.00298804
0.400004
-0.0029877
0.400003
-0.00298743
0.400003
-0.00298723
0.400002
-0.00298708
0.400001
-0.00298696
0.400001
-0.00298687
0.400001
-0.00298681
0.400001
-0.00298676
0.4
-0.00298672
0.4
-0.0029867
0.4
-0.00298668
0.4
-0.00298666
0.4
-0.00298665
0.4
-0.00298664
0.4
-0.00298663
0.4
-0.00298663
0.4
-0.00298663
0.4
-0.00298662
0.4
-0.00298662
0.4
-0.00298662
0.4
-0.00298662
0.4
-0.00298662
0.4
-0.00298662
0.4
-0.00298662
0.4
-0.00298662
0.4
-0.00298662
0.4
-0.00298662
0.4
-0.00298662
0.4
-0.00298662
0.4
-0.00298662
0.4
-0.00298662
0.4
-0.00298662
0.4
-0.00298662
0.4
-0.00298662
0.4
-0.00298662
0.4
-0.00298662
0.4
-0.00298662
0.4
-0.00298662
0.4
-0.00298662
0.4
-0.00298661
0.4
-0.00298661
0.4
-0.00298661
0.4
-0.00298661
0.4
-0.00298661
0.4
-0.0029866
0.4
-0.0029866
0.4
-0.00298659
0.4
-0.00298658
0.4
-0.00298657
0.4
-0.00298655
0.4
-0.00298653
0.4
-0.00298651
0.4
-0.00298647
0.4
-0.00298643
0.4
-0.00298638
0.400001
-0.00298632
0.400001
-0.00298626
0.400001
-0.0029862
0.400001
-0.00298616
0.400001
-0.00298616
0.400001
-0.00298624
0.4
-0.00298649
0.4
-0.00298704
0.399998
-0.00298808
0.399995
-0.00298999
0.39999
-0.00299333
0.399982
-0.00299923
0.399972
-0.00300963
0.399961
-0.00302853
0.399958
0.399971
-0.00211288
0.394919
-0.00258422
0.39666
-0.00290802
0.397858
-0.00310992
0.398639
-0.00323212
0.399192
-0.00330296
0.399559
-0.00334037
0.399798
-0.00335652
0.399946
-0.00335937
0.400034
-0.00335436
0.400083
-0.00334507
0.400107
-0.00333382
0.400115
-0.00332207
0.400112
-0.00331071
0.400105
-0.00330023
0.400094
-0.00329088
0.400083
-0.00328273
0.400071
-0.00327577
0.40006
-0.0032699
0.40005
-0.00326502
0.400041
-0.00326101
0.400034
-0.00325775
0.400027
-0.00325512
0.400022
-0.00325301
0.400017
-0.00325134
0.400014
-0.00325003
0.400011
-0.00324899
0.400008
-0.00324819
0.400006
-0.00324756
0.400005
-0.00324708
0.400004
-0.00324671
0.400003
-0.00324643
0.400002
-0.00324622
0.400002
-0.00324606
0.400001
-0.00324593
0.400001
-0.00324584
0.400001
-0.00324577
0.400001
-0.00324572
0.4
-0.00324568
0.4
-0.00324565
0.4
-0.00324563
0.4
-0.00324561
0.4
-0.0032456
0.4
-0.00324559
0.4
-0.00324558
0.4
-0.00324558
0.4
-0.00324558
0.4
-0.00324557
0.4
-0.00324557
0.4
-0.00324557
0.4
-0.00324557
0.4
-0.00324557
0.4
-0.00324557
0.4
-0.00324557
0.4
-0.00324557
0.4
-0.00324557
0.4
-0.00324557
0.4
-0.00324557
0.4
-0.00324557
0.4
-0.00324557
0.4
-0.00324557
0.4
-0.00324557
0.4
-0.00324557
0.4
-0.00324557
0.4
-0.00324557
0.4
-0.00324557
0.4
-0.00324556
0.4
-0.00324556
0.4
-0.00324556
0.4
-0.00324556
0.4
-0.00324556
0.4
-0.00324556
0.4
-0.00324556
0.4
-0.00324555
0.4
-0.00324555
0.4
-0.00324555
0.4
-0.00324554
0.4
-0.00324553
0.4
-0.00324551
0.4
-0.0032455
0.4
-0.00324548
0.4
-0.00324545
0.4
-0.00324541
0.4
-0.00324537
0.4
-0.00324531
0.4
-0.00324525
0.400001
-0.00324518
0.400001
-0.00324511
0.400001
-0.00324505
0.400001
-0.00324503
0.400001
-0.00324509
0.4
-0.00324532
0.4
-0.00324583
0.399998
-0.00324684
0.399996
-0.00324867
0.399992
-0.00325188
0.399985
-0.00325745
0.399977
-0.00326708
0.39997
-0.00328416
0.399975
0.399997
-0.00233801
0.395581
-0.00283533
0.397157
-0.00317071
0.398193
-0.00337866
0.398847
-0.00350361
0.399317
-0.00357525
0.399631
-0.00361216
0.399835
-0.00362715
0.399961
-0.00362853
0.400036
-0.00362197
0.400077
-0.00361118
0.400096
-0.00359854
0.400102
-0.00358554
0.400099
-0.0035731
0.400092
-0.00356169
0.400083
-0.00355155
0.400072
-0.00354274
0.400062
-0.00353523
0.400052
-0.00352892
0.400044
-0.00352368
0.400036
-0.00351939
0.400029
-0.0035159
0.400024
-0.00351309
0.400019
-0.00351084
0.400015
-0.00350906
0.400012
-0.00350766
0.400009
-0.00350656
0.400007
-0.00350571
0.400006
-0.00350504
0.400004
-0.00350453
0.400003
-0.00350414
0.400003
-0.00350385
0.400002
-0.00350362
0.400001
-0.00350345
0.400001
-0.00350332
0.400001
-0.00350322
0.400001
-0.00350315
0.4
-0.00350309
0.4
-0.00350305
0.4
-0.00350302
0.4
-0.003503
0.4
-0.00350298
0.4
-0.00350297
0.4
-0.00350296
0.4
-0.00350295
0.4
-0.00350294
0.4
-0.00350294
0.4
-0.00350294
0.4
-0.00350294
0.4
-0.00350293
0.4
-0.00350293
0.4
-0.00350293
0.4
-0.00350293
0.4
-0.00350293
0.4
-0.00350293
0.4
-0.00350293
0.4
-0.00350293
0.4
-0.00350293
0.4
-0.00350293
0.4
-0.00350293
0.4
-0.00350293
0.4
-0.00350293
0.4
-0.00350293
0.4
-0.00350293
0.4
-0.00350293
0.4
-0.00350293
0.4
-0.00350293
0.4
-0.00350293
0.4
-0.00350293
0.4
-0.00350293
0.4
-0.00350293
0.4
-0.00350292
0.4
-0.00350292
0.4
-0.00350292
0.4
-0.00350291
0.4
-0.00350291
0.4
-0.0035029
0.4
-0.00350289
0.4
-0.00350288
0.4
-0.00350286
0.4
-0.00350284
0.4
-0.0035028
0.4
-0.00350277
0.4
-0.00350272
0.4
-0.00350266
0.4
-0.00350259
0.400001
-0.00350251
0.400001
-0.00350243
0.400001
-0.00350235
0.400001
-0.00350231
0.400001
-0.00350235
0.4
-0.00350254
0.4
-0.00350301
0.399999
-0.00350395
0.399997
-0.00350568
0.399993
-0.00350869
0.399988
-0.00351381
0.399982
-0.00352235
0.399979
-0.00353686
0.39999
0.400018
-0.00257785
0.396317
-0.00309388
0.397673
-0.00343604
0.398535
-0.00364744
0.399058
-0.00377351
0.399443
-0.00384488
0.399702
-0.00388055
0.399871
-0.00389386
0.399974
-0.00389343
0.400035
-0.0038851
0.400068
-0.00387266
0.400084
-0.00385853
0.400088
-0.00384424
0.400085
-0.00383067
0.400079
-0.00381831
0.40007
-0.00380737
0.400061
-0.00379791
0.400053
-0.00378986
0.400044
-0.00378312
0.400037
-0.00377753
0.40003
-0.00377296
0.400025
-0.00376925
0.40002
-0.00376627
0.400016
-0.00376389
0.400013
-0.003762
0.40001
-0.00376052
0.400008
-0.00375936
0.400006
-0.00375846
0.400005
-0.00375776
0.400004
-0.00375723
0.400003
-0.00375682
0.400002
-0.0037565
0.400002
-0.00375627
0.400001
-0.00375608
0.400001
-0.00375595
0.400001
-0.00375585
0.400001
-0.00375577
0.4
-0.00375571
0.4
-0.00375567
0.4
-0.00375564
0.4
-0.00375561
0.4
-0.0037556
0.4
-0.00375558
0.4
-0.00375557
0.4
-0.00375557
0.4
-0.00375556
0.4
-0.00375556
0.4
-0.00375555
0.4
-0.00375555
0.4
-0.00375555
0.4
-0.00375555
0.4
-0.00375555
0.4
-0.00375555
0.4
-0.00375555
0.4
-0.00375555
0.4
-0.00375555
0.4
-0.00375555
0.4
-0.00375555
0.4
-0.00375555
0.4
-0.00375555
0.4
-0.00375555
0.4
-0.00375555
0.4
-0.00375554
0.4
-0.00375554
0.4
-0.00375554
0.4
-0.00375554
0.4
-0.00375554
0.4
-0.00375554
0.4
-0.00375554
0.4
-0.00375554
0.4
-0.00375554
0.4
-0.00375554
0.4
-0.00375554
0.4
-0.00375553
0.4
-0.00375553
0.4
-0.00375552
0.4
-0.00375551
0.4
-0.0037555
0.4
-0.00375549
0.4
-0.00375547
0.4
-0.00375544
0.4
-0.00375541
0.4
-0.00375537
0.4
-0.00375532
0.4
-0.00375525
0.4
-0.00375518
0.4
-0.00375509
0.400001
-0.003755
0.400001
-0.00375491
0.400001
-0.00375484
0.400001
-0.00375485
0.4
-0.003755
0.4
-0.0037554
0.399999
-0.00375625
0.399998
-0.00375785
0.399995
-0.00376061
0.399991
-0.00376517
0.399987
-0.00377237
0.399986
-0.00378355
0.400001
0.400033
-0.00282655
0.397122
-0.00335189
0.398198
-0.00369493
0.398878
-0.00390685
0.39927
-0.00403237
0.399569
-0.00410233
0.399772
-0.00413601
0.399904
-0.00414713
0.399985
-0.00414454
0.400033
-0.00413421
0.400058
-0.00411997
0.400069
-0.00410427
0.400072
-0.00408862
0.40007
-0.00407391
0.400064
-0.00406058
0.400057
-0.00404885
0.40005
-0.00403874
0.400042
-0.00403016
0.400036
-0.00402299
0.40003
-0.00401706
0.400024
-0.00401222
0.40002
-0.0040083
0.400016
-0.00400516
0.400013
-0.00400265
0.40001
-0.00400067
0.400008
-0.00399911
0.400006
-0.00399789
0.400005
-0.00399695
0.400004
-0.00399622
0.400003
-0.00399566
0.400002
-0.00399523
0.400002
-0.0039949
0.400001
-0.00399466
0.400001
-0.00399447
0.400001
-0.00399433
0.400001
-0.00399422
0.4
-0.00399414
0.4
-0.00399408
0.4
-0.00399404
0.4
-0.003994
0.4
-0.00399398
0.4
-0.00399396
0.4
-0.00399395
0.4
-0.00399394
0.4
-0.00399393
0.4
-0.00399392
0.4
-0.00399392
0.4
-0.00399392
0.4
-0.00399391
0.4
-0.00399391
0.4
-0.00399391
0.4
-0.00399391
0.4
-0.00399391
0.4
-0.00399391
0.4
-0.00399391
0.4
-0.00399391
0.4
-0.00399391
0.4
-0.00399391
0.4
-0.00399391
0.4
-0.00399391
0.4
-0.00399391
0.4
-0.00399391
0.4
-0.00399391
0.4
-0.00399391
0.4
-0.00399391
0.4
-0.00399391
0.4
-0.00399391
0.4
-0.00399391
0.4
-0.0039939
0.4
-0.0039939
0.4
-0.0039939
0.4
-0.0039939
0.4
-0.0039939
0.4
-0.00399389
0.4
-0.00399389
0.4
-0.00399388
0.4
-0.00399388
0.4
-0.00399386
0.4
-0.00399385
0.4
-0.00399383
0.4
-0.0039938
0.4
-0.00399377
0.4
-0.00399372
0.4
-0.00399367
0.4
-0.0039936
0.4
-0.00399352
0.4
-0.00399342
0.4
-0.00399331
0.400001
-0.0039932
0.400001
-0.00399312
0.400001
-0.00399309
0.4
-0.00399318
0.4
-0.00399351
0.4
-0.00399426
0.399998
-0.00399569
0.399996
-0.00399817
0.399994
-0.00400209
0.399991
-0.00400775
0.399992
-0.0040149
0.400008
0.400041
-0.00305945
0.397977
-0.00358271
0.398722
-0.00391908
0.399215
-0.00412827
0.399479
-0.00425154
0.399692
-0.00431898
0.39984
-0.00434993
0.399935
-0.00435834
0.399994
-0.00435326
0.400028
-0.00434072
0.400045
-0.00432455
0.400053
-0.0043072
0.400055
-0.00429015
0.400052
-0.00427426
0.400048
-0.00425997
0.400043
-0.00424745
0.400037
-0.00423669
0.400032
-0.0042276
0.400027
-0.00422001
0.400022
-0.00421376
0.400018
-0.00420867
0.400015
-0.00420455
0.400012
-0.00420125
0.400009
-0.00419862
0.400008
-0.00419655
0.400006
-0.00419492
0.400005
-0.00419365
0.400004
-0.00419267
0.400003
-0.00419191
0.400002
-0.00419133
0.400002
-0.00419088
0.400001
-0.00419054
0.400001
-0.00419029
0.400001
-0.00419009
0.400001
-0.00418995
0.4
-0.00418984
0.4
-0.00418975
0.4
-0.00418969
0.4
-0.00418965
0.4
-0.00418961
0.4
-0.00418959
0.4
-0.00418957
0.4
-0.00418955
0.4
-0.00418954
0.4
-0.00418954
0.4
-0.00418953
0.4
-0.00418953
0.4
-0.00418952
0.4
-0.00418952
0.4
-0.00418952
0.4
-0.00418952
0.4
-0.00418952
0.4
-0.00418952
0.4
-0.00418952
0.4
-0.00418952
0.4
-0.00418952
0.4
-0.00418952
0.4
-0.00418951
0.4
-0.00418951
0.4
-0.00418951
0.4
-0.00418951
0.4
-0.00418951
0.4
-0.00418951
0.4
-0.00418951
0.4
-0.00418951
0.4
-0.00418951
0.4
-0.00418951
0.4
-0.00418951
0.4
-0.00418951
0.4
-0.00418951
0.4
-0.00418951
0.4
-0.00418951
0.4
-0.0041895
0.4
-0.0041895
0.4
-0.0041895
0.4
-0.00418949
0.4
-0.00418948
0.4
-0.00418947
0.4
-0.00418945
0.4
-0.00418943
0.4
-0.00418941
0.4
-0.00418937
0.4
-0.00418932
0.4
-0.00418926
0.4
-0.00418919
0.4
-0.0041891
0.4
-0.00418899
0.4
-0.00418887
0.4
-0.00418875
0.4
-0.00418863
0.4
-0.00418856
0.4
-0.0041886
0.4
-0.00418885
0.4
-0.00418947
0.399999
-0.00419072
0.399998
-0.00419288
0.399996
-0.00419614
0.399994
-0.00420016
0.399996
-0.00420277
0.400011
0.40004
-0.00319526
0.398829
-0.00370312
0.399229
-0.00402282
0.399534
-0.00422566
0.399682
-0.00434504
0.399811
-0.00440885
0.399903
-0.00443638
0.399963
-0.00444163
0.399999
-0.00443379
0.40002
-0.00441887
0.400031
-0.00440068
0.400035
-0.00438163
0.400036
-0.00436317
0.400034
-0.00434612
0.400031
-0.00433088
0.400028
-0.00431759
0.400024
-0.00430621
0.40002
-0.00429662
0.400017
-0.00428865
0.400014
-0.00428209
0.400012
-0.00427676
0.400009
-0.00427246
0.400008
-0.00426901
0.400006
-0.00426628
0.400005
-0.00426413
0.400004
-0.00426244
0.400003
-0.00426112
0.400002
-0.00426011
0.400002
-0.00425932
0.400001
-0.00425872
0.400001
-0.00425826
0.400001
-0.00425791
0.400001
-0.00425765
0.4
-0.00425745
0.4
-0.0042573
0.4
-0.00425718
0.4
-0.0042571
0.4
-0.00425704
0.4
-0.00425699
0.4
-0.00425695
0.4
-0.00425693
0.4
-0.00425691
0.4
-0.00425689
0.4
-0.00425688
0.4
-0.00425688
0.4
-0.00425687
0.4
-0.00425687
0.4
-0.00425686
0.4
-0.00425686
0.4
-0.00425686
0.4
-0.00425686
0.4
-0.00425686
0.4
-0.00425686
0.4
-0.00425686
0.4
-0.00425686
0.4
-0.00425686
0.4
-0.00425686
0.4
-0.00425685
0.4
-0.00425685
0.4
-0.00425685
0.4
-0.00425685
0.4
-0.00425685
0.4
-0.00425685
0.4
-0.00425685
0.4
-0.00425685
0.4
-0.00425685
0.4
-0.00425685
0.4
-0.00425685
0.4
-0.00425685
0.4
-0.00425685
0.4
-0.00425685
0.4
-0.00425685
0.4
-0.00425684
0.4
-0.00425684
0.4
-0.00425684
0.4
-0.00425683
0.4
-0.00425682
0.4
-0.00425681
0.4
-0.00425679
0.4
-0.00425677
0.4
-0.00425674
0.4
-0.0042567
0.4
-0.00425666
0.4
-0.00425659
0.4
-0.00425652
0.4
-0.00425642
0.4
-0.0042563
0.4
-0.00425617
0.4
-0.00425602
0.4
-0.00425588
0.4
-0.00425576
0.4
-0.00425574
0.4
-0.0042559
0.4
-0.00425639
0.399999
-0.00425743
0.399999
-0.00425928
0.399998
-0.0042619
0.399997
-0.00426437
0.399998
-0.0042625
0.400009
0.400031
-0.00298461
0.399583
-0.00345781
0.399703
-0.00374841
0.399825
-0.00394093
0.399874
-0.00405496
0.399925
-0.00411404
0.399962
-0.00413761
0.399986
-0.00413941
0.400001
-0.00412871
0.400009
-0.00411139
0.400013
-0.00409123
0.400015
-0.00407055
0.400015
-0.00405077
0.400014
-0.00403264
0.400013
-0.00401653
0.400011
-0.00400253
0.40001
-0.0039906
0.400008
-0.00398058
0.400007
-0.00397227
0.400006
-0.00396545
0.400005
-0.00395991
0.400004
-0.00395545
0.400003
-0.00395189
0.400002
-0.00394907
0.400002
-0.00394685
0.400002
-0.00394511
0.400001
-0.00394376
0.400001
-0.00394272
0.400001
-0.00394191
0.400001
-0.0039413
0.4
-0.00394083
0.4
-0.00394047
0.4
-0.0039402
0.4
-0.00394
0.4
-0.00393984
0.4
-0.00393973
0.4
-0.00393964
0.4
-0.00393958
0.4
-0.00393953
0.4
-0.0039395
0.4
-0.00393947
0.4
-0.00393945
0.4
-0.00393943
0.4
-0.00393942
0.4
-0.00393942
0.4
-0.00393941
0.4
-0.00393941
0.4
-0.0039394
0.4
-0.0039394
0.4
-0.0039394
0.4
-0.0039394
0.4
-0.0039394
0.4
-0.0039394
0.4
-0.0039394
0.4
-0.0039394
0.4
-0.00393939
0.4
-0.00393939
0.4
-0.00393939
0.4
-0.00393939
0.4
-0.00393939
0.4
-0.00393939
0.4
-0.00393939
0.4
-0.00393939
0.4
-0.00393939
0.4
-0.00393939
0.4
-0.00393939
0.4
-0.00393939
0.4
-0.00393939
0.4
-0.00393939
0.4
-0.00393939
0.4
-0.00393939
0.4
-0.00393939
0.4
-0.00393938
0.4
-0.00393938
0.4
-0.00393938
0.4
-0.00393937
0.4
-0.00393936
0.4
-0.00393935
0.4
-0.00393933
0.4
-0.00393931
0.4
-0.00393928
0.4
-0.00393924
0.4
-0.00393919
0.4
-0.00393913
0.4
-0.00393904
0.4
-0.00393894
0.4
-0.00393882
0.4
-0.00393867
0.4
-0.0039385
0.4
-0.00393833
0.4
-0.00393817
0.4
-0.00393808
0.4
-0.00393814
0.4
-0.0039385
0.4
-0.00393934
0.4
-0.00394088
0.399999
-0.00394294
0.399999
-0.00394422
0.4
-0.00393922
0.400004
0.400014
-0.00188938
-0.0021867
-0.00236186
-0.00248742
-0.00256198
-0.00259951
-0.00261323
-0.00261241
-0.00260342
-0.0025902
-0.00257531
-0.00256029
-0.00254605
-0.0025331
-0.00252165
-0.00251174
-0.00250332
-0.00249627
-0.00249043
-0.00248566
-0.00248179
-0.00247868
-0.0024762
-0.00247423
-0.00247269
-0.00247149
-0.00247055
-0.00246983
-0.00246927
-0.00246884
-0.00246852
-0.00246827
-0.00246809
-0.00246795
-0.00246784
-0.00246776
-0.0024677
-0.00246766
-0.00246763
-0.0024676
-0.00246758
-0.00246757
-0.00246756
-0.00246755
-0.00246755
-0.00246754
-0.00246754
-0.00246754
-0.00246754
-0.00246753
-0.00246753
-0.00246753
-0.00246753
-0.00246753
-0.00246753
-0.00246753
-0.00246753
-0.00246753
-0.00246753
-0.00246753
-0.00246753
-0.00246753
-0.00246753
-0.00246753
-0.00246753
-0.00246753
-0.00246753
-0.00246753
-0.00246753
-0.00246753
-0.00246753
-0.00246753
-0.00246753
-0.00246752
-0.00246752
-0.00246752
-0.00246751
-0.0024675
-0.00246749
-0.00246747
-0.00246745
-0.00246743
-0.00246739
-0.00246735
-0.00246729
-0.00246722
-0.00246713
-0.00246702
-0.00246689
-0.00246676
-0.00246663
-0.00246653
-0.00246652
-0.00246669
-0.00246716
-0.00246807
-0.00246924
-0.00246974
-0.00246568
)
;

boundaryField
{
    inlet
    {
        type            calculated;
        value           nonuniform List<scalar> 
40
(
-0.00147204
-0.00223093
-0.00234292
-0.00220528
-0.0020213
-0.00184172
-0.0016762
-0.00152386
-0.00138172
-0.00124708
-0.0011179
-0.000992759
-0.000870638
-0.000750817
-0.000632763
-0.000516065
-0.000400397
-0.000285486
-0.000171095
-5.70066e-05
5.69814e-05
0.00017107
0.000285462
0.000400374
0.000516043
0.000632742
0.000750799
0.000870621
0.000992744
0.00111789
0.00124707
0.00138171
0.00152385
0.0016762
0.00184172
0.00202131
0.00220529
0.00234292
0.00223094
0.00147204
)
;
    }
    outlet
    {
        type            calculated;
        value           nonuniform List<scalar> 
40
(
0.00245155
0.00392239
0.00425314
0.00420222
0.00402269
0.00379864
0.00355799
0.00330995
0.00305761
0.00280205
0.00254374
0.00228295
0.0020199
0.00175482
0.00148796
0.00121955
0.000949877
0.000679203
0.00040781
0.000135984
-0.000135986
-0.000407812
-0.000679204
-0.000949879
-0.00121955
-0.00148796
-0.00175483
-0.0020199
-0.00228295
-0.00254375
-0.00280205
-0.00305761
-0.00330995
-0.00355799
-0.00379864
-0.00402269
-0.00420222
-0.00425314
-0.00392239
-0.00245155
)
;
    }
    lowerWall
    {
        type            calculated;
        value           nonuniform List<scalar> 
100
(
-0.4
-0.4
-0.4
-0.4
-0.4
-0.4
-0.4
-0.4
-0.4
-0.4
-0.4
-0.4
-0.4
-0.4
-0.4
-0.4
-0.4
-0.4
-0.4
-0.4
-0.4
-0.4
-0.4
-0.4
-0.4
-0.4
-0.4
-0.4
-0.4
-0.4
-0.4
-0.4
-0.4
-0.4
-0.4
-0.4
-0.4
-0.4
-0.4
-0.4
-0.4
-0.4
-0.4
-0.4
-0.4
-0.4
-0.4
-0.4
-0.4
-0.4
-0.4
-0.4
-0.4
-0.4
-0.4
-0.4
-0.4
-0.4
-0.4
-0.4
-0.4
-0.4
-0.4
-0.4
-0.4
-0.4
-0.4
-0.4
-0.4
-0.4
-0.4
-0.4
-0.4
-0.4
-0.4
-0.4
-0.4
-0.4
-0.4
-0.4
-0.4
-0.4
-0.4
-0.4
-0.4
-0.4
-0.4
-0.4
-0.4
-0.4
-0.4
-0.4
-0.4
-0.4
-0.4
-0.4
-0.4
-0.4
-0.4
-0.4
)
;
    }
    upperWall
    {
        type            calculated;
        value           nonuniform List<scalar> 
100
(
0.4
0.4
0.4
0.4
0.4
0.4
0.4
0.4
0.4
0.4
0.4
0.4
0.4
0.4
0.4
0.4
0.4
0.4
0.4
0.4
0.4
0.4
0.4
0.4
0.4
0.4
0.4
0.4
0.4
0.4
0.4
0.4
0.4
0.4
0.4
0.4
0.4
0.4
0.4
0.4
0.4
0.4
0.4
0.4
0.4
0.4
0.4
0.4
0.4
0.4
0.4
0.4
0.4
0.4
0.4
0.4
0.4
0.4
0.4
0.4
0.4
0.4
0.4
0.4
0.4
0.4
0.4
0.4
0.4
0.4
0.4
0.4
0.4
0.4
0.4
0.4
0.4
0.4
0.4
0.4
0.4
0.4
0.4
0.4
0.4
0.4
0.4
0.4
0.4
0.4
0.4
0.4
0.4
0.4
0.4
0.4
0.4
0.4
0.4
0.4
)
;
    }
    frontAndBack
    {
        type            empty;
        value           nonuniform 0();
    }
}


// ************************************************************************* //
