/*--------------------------------*- C++ -*----------------------------------*\
| =========                 |                                                 |
| \\      /  F ield         | OpenFOAM: The Open Source CFD Toolbox           |
|  \\    /   O peration     | Version:  2.3.0                                 |
|   \\  /    A nd           | Web:      www.OpenFOAM.org                      |
|    \\/     M anipulation  |                                                 |
\*---------------------------------------------------------------------------*/
FoamFile
{
    version     2.0;
    format      ascii;
    class       volVectorField;
    location    "1";
    object      U;
}
// * * * * * * * * * * * * * * * * * * * * * * * * * * * * * * * * * * * * * //

dimensions      [0 1 -1 0 0 0 0];

internalField   nonuniform List<vector> 
4000
(
(0.537562 0.0563929 0)
(0.552214 0.00359482 0)
(0.517087 -0.00176416 0)
(0.522909 -0.00200078 0)
(0.521087 -0.00213041 0)
(0.522014 -0.00203723 0)
(0.5214 -0.00204424 0)
(0.521242 -0.00203432 0)
(0.52089 -0.00204381 0)
(0.520671 -0.00204756 0)
(0.520455 -0.00205309 0)
(0.520289 -0.00205678 0)
(0.520144 -0.00206025 0)
(0.520026 -0.00206285 0)
(0.519925 -0.00206498 0)
(0.519841 -0.00206674 0)
(0.519771 -0.00206822 0)
(0.519713 -0.00206947 0)
(0.519666 -0.00207052 0)
(0.519626 -0.0020714 0)
(0.519595 -0.00207212 0)
(0.519569 -0.00207272 0)
(0.519549 -0.00207321 0)
(0.519533 -0.00207363 0)
(0.51952 -0.00207395 0)
(0.51951 -0.00207422 0)
(0.519503 -0.00207443 0)
(0.519497 -0.00207459 0)
(0.519493 -0.00207471 0)
(0.51949 -0.00207481 0)
(0.519487 -0.00207488 0)
(0.519485 -0.00207494 0)
(0.519484 -0.00207498 0)
(0.519483 -0.00207501 0)
(0.519482 -0.00207502 0)
(0.519482 -0.00207505 0)
(0.519481 -0.00207506 0)
(0.519481 -0.00207507 0)
(0.519481 -0.00207507 0)
(0.519481 -0.00207507 0)
(0.519481 -0.00207507 0)
(0.519481 -0.00207509 0)
(0.519481 -0.00207509 0)
(0.51948 -0.00207509 0)
(0.51948 -0.00207508 0)
(0.51948 -0.00207509 0)
(0.51948 -0.00207509 0)
(0.51948 -0.00207509 0)
(0.51948 -0.00207509 0)
(0.51948 -0.00207509 0)
(0.51948 -0.00207508 0)
(0.519481 -0.00207509 0)
(0.519481 -0.00207509 0)
(0.519481 -0.00207509 0)
(0.519481 -0.00207509 0)
(0.519481 -0.00207509 0)
(0.51948 -0.00207509 0)
(0.51948 -0.00207509 0)
(0.51948 -0.00207509 0)
(0.51948 -0.00207509 0)
(0.51948 -0.00207509 0)
(0.51948 -0.00207509 0)
(0.51948 -0.00207509 0)
(0.51948 -0.00207509 0)
(0.519481 -0.00207509 0)
(0.519481 -0.00207509 0)
(0.519481 -0.00207509 0)
(0.519481 -0.00207509 0)
(0.519481 -0.00207509 0)
(0.519481 -0.00207509 0)
(0.519481 -0.00207508 0)
(0.51948 -0.00207509 0)
(0.51948 -0.00207509 0)
(0.51948 -0.00207509 0)
(0.51948 -0.00207508 0)
(0.51948 -0.00207509 0)
(0.51948 -0.00207509 0)
(0.51948 -0.00207509 0)
(0.51948 -0.00207508 0)
(0.51948 -0.00207508 0)
(0.51948 -0.00207507 0)
(0.51948 -0.00207507 0)
(0.51948 -0.00207506 0)
(0.51948 -0.00207505 0)
(0.519479 -0.00207503 0)
(0.519479 -0.00207501 0)
(0.519478 -0.00207497 0)
(0.519476 -0.00207492 0)
(0.519475 -0.00207485 0)
(0.519472 -0.00207475 0)
(0.519469 -0.00207463 0)
(0.519464 -0.00207449 0)
(0.519458 -0.00207434 0)
(0.51945 -0.00207433 0)
(0.519443 -0.00207462 0)
(0.519435 -0.00207527 0)
(0.519442 -0.00207437 0)
(0.51936 -0.00206116 0)
(0.519227 -0.00202115 0)
(0.518637 -0.00215157 0)
(0.86494 0.128442 0)
(0.911619 0.0160005 0)
(0.861991 0.000987727 0)
(0.871381 -6.87798e-05 0)
(0.867984 -0.000503162 0)
(0.869566 -0.000188061 0)
(0.868598 -0.000199331 0)
(0.86842 -0.000160957 0)
(0.867896 -0.000190001 0)
(0.867585 -0.000202348 0)
(0.867265 -0.000221562 0)
(0.867022 -0.000234408 0)
(0.866808 -0.000246626 0)
(0.866632 -0.000256264 0)
(0.866482 -0.000264332 0)
(0.866356 -0.000270853 0)
(0.866251 -0.000276409 0)
(0.866163 -0.000281156 0)
(0.86609 -0.000285219 0)
(0.86603 -0.000288685 0)
(0.865981 -0.000291558 0)
(0.865942 -0.000293989 0)
(0.86591 -0.000296006 0)
(0.865885 -0.000297709 0)
(0.865865 -0.00029903 0)
(0.865849 -0.000300117 0)
(0.865837 -0.000301002 0)
(0.865828 -0.000301701 0)
(0.865821 -0.000302203 0)
(0.865816 -0.000302622 0)
(0.865812 -0.00030292 0)
(0.865809 -0.000303189 0)
(0.865807 -0.000303361 0)
(0.865805 -0.000303477 0)
(0.865804 -0.000303552 0)
(0.865803 -0.000303663 0)
(0.865802 -0.000303713 0)
(0.865802 -0.000303753 0)
(0.865802 -0.000303757 0)
(0.865801 -0.000303788 0)
(0.865801 -0.000303779 0)
(0.865801 -0.000303819 0)
(0.865801 -0.000303823 0)
(0.865801 -0.000303846 0)
(0.865801 -0.000303819 0)
(0.865801 -0.000303825 0)
(0.865801 -0.000303826 0)
(0.865801 -0.000303853 0)
(0.865801 -0.000303844 0)
(0.865801 -0.000303847 0)
(0.865801 -0.000303822 0)
(0.865801 -0.000303842 0)
(0.865801 -0.000303843 0)
(0.865801 -0.000303854 0)
(0.865801 -0.000303835 0)
(0.865801 -0.000303839 0)
(0.865801 -0.000303832 0)
(0.865801 -0.000303854 0)
(0.865801 -0.000303837 0)
(0.865801 -0.000303848 0)
(0.865801 -0.000303836 0)
(0.865801 -0.000303853 0)
(0.865801 -0.000303842 0)
(0.865801 -0.000303847 0)
(0.865801 -0.000303835 0)
(0.865801 -0.00030385 0)
(0.865801 -0.000303836 0)
(0.865801 -0.000303844 0)
(0.865801 -0.000303831 0)
(0.865801 -0.000303835 0)
(0.865801 -0.000303826 0)
(0.865801 -0.000303834 0)
(0.865801 -0.000303829 0)
(0.865801 -0.000303841 0)
(0.865801 -0.000303825 0)
(0.865801 -0.000303833 0)
(0.865801 -0.00030383 0)
(0.865801 -0.000303833 0)
(0.8658 -0.000303815 0)
(0.8658 -0.000303812 0)
(0.8658 -0.000303788 0)
(0.8658 -0.000303777 0)
(0.8658 -0.000303741 0)
(0.865799 -0.000303698 0)
(0.865799 -0.000303628 0)
(0.865798 -0.000303549 0)
(0.865796 -0.000303414 0)
(0.865795 -0.000303234 0)
(0.865792 -0.000302976 0)
(0.865788 -0.000302637 0)
(0.865783 -0.000302168 0)
(0.865776 -0.000301617 0)
(0.865766 -0.000300985 0)
(0.865754 -0.000300644 0)
(0.865741 -0.000300865 0)
(0.865723 -0.000301434 0)
(0.865717 -0.000293313 0)
(0.865545 -0.000239515 0)
(0.865251 -7.33432e-05 0)
(0.863184 -0.000219094 0)
(0.960352 0.135881 0)
(1.02539 0.0244284 0)
(0.976352 0.00334598 0)
(0.987444 0.000828601 0)
(0.983126 0.000106281 0)
(0.985025 0.000612038 0)
(0.983945 0.000618156 0)
(0.983843 0.000683134 0)
(0.983309 0.000636382 0)
(0.983019 0.000613439 0)
(0.982702 0.000579652 0)
(0.982466 0.00055634 0)
(0.982254 0.000534556 0)
(0.982081 0.000517238 0)
(0.981932 0.000502517 0)
(0.981808 0.000490454 0)
(0.981702 0.000480117 0)
(0.981614 0.00047127 0)
(0.98154 0.000463702 0)
(0.98148 0.000457176 0)
(0.98143 0.000451709 0)
(0.981389 0.00044707 0)
(0.981356 0.000443235 0)
(0.98133 0.000440005 0)
(0.981309 0.000437428 0)
(0.981293 0.000435315 0)
(0.98128 0.000433619 0)
(0.98127 0.000432247 0)
(0.981263 0.000431242 0)
(0.981257 0.00043041 0)
(0.981253 0.00042982 0)
(0.98125 0.000429304 0)
(0.981247 0.000428945 0)
(0.981246 0.000428676 0)
(0.981244 0.000428523 0)
(0.981243 0.000428326 0)
(0.981243 0.000428224 0)
(0.981242 0.000428134 0)
(0.981242 0.00042812 0)
(0.981242 0.000428061 0)
(0.981241 0.000428064 0)
(0.981241 0.00042801 0)
(0.981241 0.00042801 0)
(0.981241 0.000427969 0)
(0.981241 0.000427992 0)
(0.981241 0.000427977 0)
(0.981241 0.000427992 0)
(0.981241 0.000427958 0)
(0.981241 0.000427967 0)
(0.981241 0.000427944 0)
(0.981241 0.000427977 0)
(0.981241 0.000427956 0)
(0.981241 0.000427965 0)
(0.981241 0.000427943 0)
(0.981241 0.000427964 0)
(0.981241 0.000427951 0)
(0.981241 0.000427968 0)
(0.981241 0.000427939 0)
(0.981241 0.000427959 0)
(0.981241 0.000427943 0)
(0.981241 0.000427962 0)
(0.981241 0.000427939 0)
(0.981241 0.000427952 0)
(0.981241 0.00042794 0)
(0.981241 0.000427962 0)
(0.981241 0.000427944 0)
(0.981241 0.000427964 0)
(0.981241 0.000427954 0)
(0.981241 0.000427975 0)
(0.981241 0.000427967 0)
(0.981241 0.000427984 0)
(0.981241 0.000427972 0)
(0.981241 0.000427984 0)
(0.981241 0.000427964 0)
(0.981241 0.000427981 0)
(0.981241 0.000427971 0)
(0.981241 0.00042798 0)
(0.981241 0.000427975 0)
(0.981241 0.000428003 0)
(0.98124 0.000428012 0)
(0.98124 0.000428055 0)
(0.98124 0.000428085 0)
(0.98124 0.000428152 0)
(0.981239 0.000428233 0)
(0.981239 0.000428368 0)
(0.981238 0.000428528 0)
(0.981236 0.000428782 0)
(0.981234 0.000429127 0)
(0.981232 0.000429625 0)
(0.981228 0.000430282 0)
(0.981223 0.000431188 0)
(0.981215 0.000432284 0)
(0.981205 0.000433608 0)
(0.981192 0.000434592 0)
(0.981178 0.000435245 0)
(0.981151 0.000436384 0)
(0.981131 0.000458821 0)
(0.980908 0.000569134 0)
(0.980541 0.000943267 0)
(0.977593 0.00117818 0)
(0.984998 0.123258 0)
(1.05955 0.0286552 0)
(1.01378 0.00469534 0)
(1.02595 0.000705409 0)
(1.02103 -0.000181323 0)
(1.02314 0.000447633 0)
(1.02202 0.000486655 0)
(1.02202 0.0005706 0)
(1.02153 0.00051107 0)
(1.0213 0.000477649 0)
(1.02102 0.000430977 0)
(1.02081 0.000397648 0)
(1.02063 0.000366792 0)
(1.02048 0.00034192 0)
(1.02035 0.000320459 0)
(1.02024 0.000303415 0)
(1.02014 0.000288791 0)
(1.02006 0.000276236 0)
(1.02 0.000265479 0)
(1.01994 0.000256155 0)
(1.0199 0.000248276 0)
(1.01986 0.000241566 0)
(1.01983 0.000235997 0)
(1.0198 0.000231285 0)
(1.01979 0.00022746 0)
(1.01977 0.000224345 0)
(1.01976 0.000221868 0)
(1.01975 0.000219851 0)
(1.01974 0.000218348 0)
(1.01974 0.000217116 0)
(1.01973 0.000216237 0)
(1.01973 0.000215487 0)
(1.01973 0.00021494 0)
(1.01973 0.000214517 0)
(1.01972 0.000214285 0)
(1.01972 0.000214014 0)
(1.01972 0.000213854 0)
(1.01972 0.00021371 0)
(1.01972 0.000213682 0)
(1.01972 0.000213605 0)
(1.01972 0.000213602 0)
(1.01972 0.00021353 0)
(1.01972 0.000213525 0)
(1.01972 0.000213473 0)
(1.01972 0.000213494 0)
(1.01972 0.000213472 0)
(1.01972 0.000213495 0)
(1.01972 0.000213454 0)
(1.01972 0.00021346 0)
(1.01972 0.000213424 0)
(1.01972 0.000213461 0)
(1.01972 0.000213438 0)
(1.01972 0.00021345 0)
(1.01972 0.000213422 0)
(1.01972 0.000213446 0)
(1.01972 0.000213427 0)
(1.01972 0.000213451 0)
(1.01972 0.000213418 0)
(1.01972 0.000213439 0)
(1.01972 0.000213423 0)
(1.01972 0.000213448 0)
(1.01972 0.000213421 0)
(1.01972 0.000213432 0)
(1.01972 0.000213414 0)
(1.01972 0.000213444 0)
(1.01972 0.000213425 0)
(1.01972 0.000213447 0)
(1.01972 0.000213438 0)
(1.01972 0.000213467 0)
(1.01972 0.00021346 0)
(1.01972 0.000213482 0)
(1.01972 0.000213468 0)
(1.01972 0.000213484 0)
(1.01972 0.00021346 0)
(1.01972 0.000213478 0)
(1.01972 0.000213465 0)
(1.01972 0.000213477 0)
(1.01972 0.000213472 0)
(1.01972 0.00021351 0)
(1.01972 0.000213527 0)
(1.01972 0.000213587 0)
(1.01972 0.000213637 0)
(1.01972 0.000213734 0)
(1.01972 0.000213854 0)
(1.01972 0.000214051 0)
(1.01972 0.000214291 0)
(1.01972 0.000214656 0)
(1.01971 0.000215157 0)
(1.01971 0.000215881 0)
(1.01971 0.000216844 0)
(1.0197 0.000218174 0)
(1.0197 0.000219816 0)
(1.01969 0.000221903 0)
(1.01968 0.000223763 0)
(1.01966 0.000226158 0)
(1.01963 0.000230556 0)
(1.0196 0.00027157 0)
(1.01935 0.000444193 0)
(1.01899 0.00104987 0)
(1.01589 0.00176949 0)
(0.988593 0.109926 0)
(1.068 0.0309626 0)
(1.02562 0.00570165 0)
(1.03854 0.000552291 0)
(1.03321 -0.000403007 0)
(1.03549 0.000302625 0)
(1.03436 0.000376131 0)
(1.03447 0.000472014 0)
(1.03403 0.00040412 0)
(1.03386 0.00036212 0)
(1.03362 0.000305716 0)
(1.03346 0.000264647 0)
(1.03331 0.00022701 0)
(1.03319 0.000196559 0)
(1.03308 0.000170307 0)
(1.03299 0.000149168 0)
(1.03291 0.000130971 0)
(1.03284 0.000115271 0)
(1.03279 0.000101773 0)
(1.03274 9.00061e-05 0)
(1.0327 7.99597e-05 0)
(1.03267 7.13262e-05 0)
(1.03264 6.40782e-05 0)
(1.03262 5.78548e-05 0)
(1.03261 5.26489e-05 0)
(1.03259 4.85058e-05 0)
(1.03258 4.53404e-05 0)
(1.03257 4.27535e-05 0)
(1.03257 4.0804e-05 0)
(1.03256 3.92113e-05 0)
(1.03256 3.80687e-05 0)
(1.03256 3.71108e-05 0)
(1.03255 3.63952e-05 0)
(1.03255 3.58235e-05 0)
(1.03255 3.55048e-05 0)
(1.03255 3.51703e-05 0)
(1.03255 3.49649e-05 0)
(1.03255 3.47693e-05 0)
(1.03255 3.47204e-05 0)
(1.03255 3.46294e-05 0)
(1.03255 3.46225e-05 0)
(1.03255 3.45355e-05 0)
(1.03255 3.45205e-05 0)
(1.03255 3.4457e-05 0)
(1.03255 3.44779e-05 0)
(1.03255 3.44506e-05 0)
(1.03255 3.4478e-05 0)
(1.03255 3.4429e-05 0)
(1.03255 3.44318e-05 0)
(1.03255 3.43857e-05 0)
(1.03255 3.44247e-05 0)
(1.03255 3.44007e-05 0)
(1.03255 3.44153e-05 0)
(1.03255 3.43805e-05 0)
(1.03255 3.44077e-05 0)
(1.03255 3.43871e-05 0)
(1.03255 3.44181e-05 0)
(1.03255 3.43822e-05 0)
(1.03255 3.44038e-05 0)
(1.03255 3.4387e-05 0)
(1.03255 3.4419e-05 0)
(1.03255 3.43887e-05 0)
(1.03255 3.43974e-05 0)
(1.03255 3.43711e-05 0)
(1.03255 3.44061e-05 0)
(1.03255 3.43902e-05 0)
(1.03255 3.44153e-05 0)
(1.03255 3.44041e-05 0)
(1.03255 3.44408e-05 0)
(1.03255 3.44365e-05 0)
(1.03255 3.44662e-05 0)
(1.03255 3.445e-05 0)
(1.03255 3.44695e-05 0)
(1.03255 3.44412e-05 0)
(1.03255 3.44596e-05 0)
(1.03255 3.44446e-05 0)
(1.03255 3.44581e-05 0)
(1.03255 3.44513e-05 0)
(1.03255 3.44969e-05 0)
(1.03255 3.4523e-05 0)
(1.03255 3.45974e-05 0)
(1.03255 3.46651e-05 0)
(1.03255 3.47898e-05 0)
(1.03255 3.49427e-05 0)
(1.03255 3.51937e-05 0)
(1.03254 3.55036e-05 0)
(1.03254 3.59663e-05 0)
(1.03254 3.65974e-05 0)
(1.03254 3.75138e-05 0)
(1.03254 3.87359e-05 0)
(1.03253 4.04323e-05 0)
(1.03253 4.25646e-05 0)
(1.03252 4.54073e-05 0)
(1.03251 4.83034e-05 0)
(1.03249 5.33124e-05 0)
(1.03246 6.23904e-05 0)
(1.03242 0.000123638 0)
(1.03218 0.000349324 0)
(1.03185 0.00116845 0)
(1.02902 0.00229727 0)
(0.986407 0.0982387 0)
(1.06827 0.0321882 0)
(1.02899 0.0065273 0)
(1.04247 0.000506707 0)
(1.03684 -0.000468267 0)
(1.03926 0.000281806 0)
(1.03813 0.000387359 0)
(1.03834 0.000489673 0)
(1.03796 0.000417512 0)
(1.03786 0.000369637 0)
(1.03767 0.000307268 0)
(1.03755 0.000261512 0)
(1.03743 0.000220212 0)
(1.03734 0.000187024 0)
(1.03725 0.000158485 0)
(1.03718 0.000134282 0)
(1.03712 0.000113359 0)
(1.03707 9.52449e-05 0)
(1.03702 7.96472e-05 0)
(1.03698 6.60295e-05 0)
(1.03695 5.43472e-05 0)
(1.03693 4.42769e-05 0)
(1.0369 3.58135e-05 0)
(1.03689 2.85565e-05 0)
(1.03687 2.24604e-05 0)
(1.03686 1.7575e-05 0)
(1.03685 1.38273e-05 0)
(1.03685 1.07533e-05 0)
(1.03684 8.41257e-06 0)
(1.03684 6.50012e-06 0)
(1.03683 5.11175e-06 0)
(1.03683 3.95602e-06 0)
(1.03683 3.07218e-06 0)
(1.03683 2.33796e-06 0)
(1.03683 1.90599e-06 0)
(1.03683 1.51221e-06 0)
(1.03682 1.27334e-06 0)
(1.03682 1.0355e-06 0)
(1.03682 9.61112e-07 0)
(1.03682 8.52631e-07 0)
(1.03682 8.43046e-07 0)
(1.03682 7.47287e-07 0)
(1.03682 7.26881e-07 0)
(1.03682 6.5437e-07 0)
(1.03682 6.69548e-07 0)
(1.03682 6.34336e-07 0)
(1.03682 6.67147e-07 0)
(1.03682 6.14514e-07 0)
(1.03682 6.14194e-07 0)
(1.03682 5.57432e-07 0)
(1.03682 5.94321e-07 0)
(1.03682 5.70119e-07 0)
(1.03682 5.88101e-07 0)
(1.03682 5.48972e-07 0)
(1.03682 5.78061e-07 0)
(1.03682 5.56015e-07 0)
(1.03682 5.93068e-07 0)
(1.03682 5.57937e-07 0)
(1.03682 5.81156e-07 0)
(1.03682 5.61658e-07 0)
(1.03682 5.9808e-07 0)
(1.03682 5.66662e-07 0)
(1.03682 5.73349e-07 0)
(1.03682 5.38291e-07 0)
(1.03682 5.75814e-07 0)
(1.03682 5.62187e-07 0)
(1.03682 5.92104e-07 0)
(1.03682 5.81176e-07 0)
(1.03682 6.23519e-07 0)
(1.03682 6.21508e-07 0)
(1.03682 6.57421e-07 0)
(1.03682 6.42087e-07 0)
(1.03682 6.64619e-07 0)
(1.03682 6.32277e-07 0)
(1.03682 6.49162e-07 0)
(1.03682 6.31975e-07 0)
(1.03682 6.46866e-07 0)
(1.03682 6.38416e-07 0)
(1.03682 6.88592e-07 0)
(1.03682 7.22576e-07 0)
(1.03682 8.09923e-07 0)
(1.03682 8.93126e-07 0)
(1.03682 1.04047e-06 0)
(1.03682 1.22022e-06 0)
(1.03682 1.51468e-06 0)
(1.03682 1.88802e-06 0)
(1.03682 2.46009e-06 0)
(1.03682 3.22703e-06 0)
(1.03682 4.32214e-06 0)
(1.03681 5.77581e-06 0)
(1.03681 7.79373e-06 0)
(1.03681 1.03669e-05 0)
(1.0368 1.39445e-05 0)
(1.03679 1.79551e-05 0)
(1.03677 2.56481e-05 0)
(1.03674 3.9419e-05 0)
(1.0367 0.000119394 0)
(1.03647 0.000384007 0)
(1.03621 0.00139883 0)
(1.03382 0.0028471 0)
(0.983101 0.0876271 0)
(1.06614 0.0325 0)
(1.02961 0.00711899 0)
(1.04351 0.000482748 0)
(1.03766 -0.000481907 0)
(1.04019 0.000286665 0)
(1.03907 0.000422709 0)
(1.03937 0.000529306 0)
(1.03905 0.000455088 0)
(1.039 0.000402774 0)
(1.03886 0.000335896 0)
(1.03878 0.000286274 0)
(1.0387 0.000241702 0)
(1.03863 0.000205752 0)
(1.03857 0.00017487 0)
(1.03852 0.000148509 0)
(1.03847 0.000125693 0)
(1.03843 0.0001059 0)
(1.0384 8.88481e-05 0)
(1.03837 7.39736e-05 0)
(1.03835 6.12069e-05 0)
(1.03833 5.02202e-05 0)
(1.03831 4.10395e-05 0)
(1.0383 3.32598e-05 0)
(1.03829 2.6799e-05 0)
(1.03828 2.14843e-05 0)
(1.03827 1.72727e-05 0)
(1.03827 1.38067e-05 0)
(1.03826 1.11414e-05 0)
(1.03826 8.95907e-06 0)
(1.03826 7.35257e-06 0)
(1.03825 6.01956e-06 0)
(1.03825 4.98056e-06 0)
(1.03825 4.09159e-06 0)
(1.03825 3.56457e-06 0)
(1.03825 3.12309e-06 0)
(1.03825 2.8572e-06 0)
(1.03825 2.58729e-06 0)
(1.03825 2.48922e-06 0)
(1.03825 2.36563e-06 0)
(1.03825 2.35356e-06 0)
(1.03825 2.25203e-06 0)
(1.03825 2.22538e-06 0)
(1.03825 2.14736e-06 0)
(1.03825 2.1573e-06 0)
(1.03825 2.11391e-06 0)
(1.03825 2.14883e-06 0)
(1.03825 2.09435e-06 0)
(1.03825 2.09055e-06 0)
(1.03825 2.02565e-06 0)
(1.03825 2.05892e-06 0)
(1.03825 2.03557e-06 0)
(1.03825 2.05522e-06 0)
(1.03825 2.01163e-06 0)
(1.03825 2.04168e-06 0)
(1.03825 2.02168e-06 0)
(1.03825 2.0645e-06 0)
(1.03825 2.03175e-06 0)
(1.03825 2.05587e-06 0)
(1.03825 2.03346e-06 0)
(1.03825 2.07219e-06 0)
(1.03825 2.04179e-06 0)
(1.03825 2.0471e-06 0)
(1.03825 2.00394e-06 0)
(1.03825 2.04112e-06 0)
(1.03825 2.03033e-06 0)
(1.03825 2.0654e-06 0)
(1.03825 2.05603e-06 0)
(1.03825 2.1022e-06 0)
(1.03825 2.10289e-06 0)
(1.03825 2.14402e-06 0)
(1.03825 2.13102e-06 0)
(1.03825 2.15616e-06 0)
(1.03825 2.12045e-06 0)
(1.03825 2.13421e-06 0)
(1.03825 2.11527e-06 0)
(1.03825 2.1311e-06 0)
(1.03825 2.12123e-06 0)
(1.03825 2.17302e-06 0)
(1.03825 2.21327e-06 0)
(1.03825 2.31128e-06 0)
(1.03825 2.40764e-06 0)
(1.03825 2.57267e-06 0)
(1.03825 2.77263e-06 0)
(1.03825 3.09899e-06 0)
(1.03825 3.52028e-06 0)
(1.03825 4.16958e-06 0)
(1.03824 5.06639e-06 0)
(1.03824 6.31992e-06 0)
(1.03824 7.97083e-06 0)
(1.03824 1.02616e-05 0)
(1.03824 1.32207e-05 0)
(1.03823 1.74863e-05 0)
(1.03822 2.26145e-05 0)
(1.03821 3.27877e-05 0)
(1.03818 5.0769e-05 0)
(1.03814 0.000147142 0)
(1.03794 0.000446253 0)
(1.03774 0.001626 0)
(1.03587 0.00331322 0)
(0.980007 0.0779168 0)
(1.06352 0.0320456 0)
(1.02938 0.00746327 0)
(1.04358 0.000446735 0)
(1.03758 -0.000486879 0)
(1.0402 0.000281667 0)
(1.03908 0.00044479 0)
(1.03947 0.000553401 0)
(1.0392 0.000479301 0)
(1.03921 0.000424228 0)
(1.03911 0.000354728 0)
(1.03907 0.000302607 0)
(1.03902 0.000255864 0)
(1.03898 0.000217935 0)
(1.03894 0.000185353 0)
(1.03891 0.000157615 0)
(1.03888 0.000133575 0)
(1.03885 0.000112672 0)
(1.03883 9.46226e-05 0)
(1.03881 7.88604e-05 0)
(1.0388 6.52945e-05 0)
(1.03878 5.35902e-05 0)
(1.03877 4.3791e-05 0)
(1.03876 3.55062e-05 0)
(1.03875 2.86157e-05 0)
(1.03875 2.29029e-05 0)
(1.03874 1.83531e-05 0)
(1.03874 1.46122e-05 0)
(1.03873 1.17173e-05 0)
(1.03873 9.34744e-06 0)
(1.03873 7.59032e-06 0)
(1.03873 6.15086e-06 0)
(1.03873 5.03434e-06 0)
(1.03873 4.06867e-06 0)
(1.03873 3.47988e-06 0)
(1.03872 2.98407e-06 0)
(1.03872 2.6889e-06 0)
(1.03872 2.39945e-06 0)
(1.03872 2.28062e-06 0)
(1.03872 2.14264e-06 0)
(1.03872 2.12545e-06 0)
(1.03872 2.02116e-06 0)
(1.03872 1.98914e-06 0)
(1.03872 1.91015e-06 0)
(1.03872 1.91539e-06 0)
(1.03872 1.86326e-06 0)
(1.03872 1.89592e-06 0)
(1.03872 1.84215e-06 0)
(1.03872 1.83621e-06 0)
(1.03872 1.76585e-06 0)
(1.03872 1.79225e-06 0)
(1.03872 1.77003e-06 0)
(1.03872 1.79115e-06 0)
(1.03872 1.74502e-06 0)
(1.03872 1.77436e-06 0)
(1.03872 1.75834e-06 0)
(1.03872 1.80603e-06 0)
(1.03872 1.77737e-06 0)
(1.03872 1.80174e-06 0)
(1.03872 1.77652e-06 0)
(1.03872 1.8146e-06 0)
(1.03872 1.78674e-06 0)
(1.03872 1.79159e-06 0)
(1.03872 1.74212e-06 0)
(1.03872 1.77618e-06 0)
(1.03872 1.76866e-06 0)
(1.03872 1.80877e-06 0)
(1.03872 1.80307e-06 0)
(1.03872 1.85134e-06 0)
(1.03872 1.85457e-06 0)
(1.03872 1.89934e-06 0)
(1.03872 1.88992e-06 0)
(1.03872 1.91731e-06 0)
(1.03872 1.87943e-06 0)
(1.03872 1.88835e-06 0)
(1.03872 1.86799e-06 0)
(1.03872 1.88426e-06 0)
(1.03872 1.87365e-06 0)
(1.03872 1.92449e-06 0)
(1.03872 1.96904e-06 0)
(1.03872 2.07469e-06 0)
(1.03872 2.18304e-06 0)
(1.03872 2.36248e-06 0)
(1.03872 2.57728e-06 0)
(1.03872 2.92525e-06 0)
(1.03872 3.3993e-06 0)
(1.03872 4.08344e-06 0)
(1.03872 5.02899e-06 0)
(1.03872 6.35688e-06 0)
(1.03872 8.12083e-06 0)
(1.03872 1.0595e-05 0)
(1.03871 1.38496e-05 0)
(1.03871 1.87061e-05 0)
(1.0387 2.48879e-05 0)
(1.03869 3.76725e-05 0)
(1.03866 5.99404e-05 0)
(1.03863 0.000170713 0)
(1.03847 0.000496152 0)
(1.03834 0.00179879 0)
(1.03701 0.00365085 0)
(0.977413 0.0690728 0)
(1.06099 0.0309863 0)
(1.02893 0.00758529 0)
(1.04336 0.000401959 0)
(1.03723 -0.000486803 0)
(1.03991 0.000267263 0)
(1.0388 0.000452494 0)
(1.03927 0.000560877 0)
(1.03904 0.000488825 0)
(1.03911 0.000432702 0)
(1.03905 0.000362568 0)
(1.03905 0.000309521 0)
(1.03902 0.000262005 0)
(1.03901 0.00022324 0)
(1.03899 0.000189925 0)
(1.03898 0.000161579 0)
(1.03897 0.000136971 0)
(1.03895 0.000115527 0)
(1.03894 9.6963e-05 0)
(1.03893 8.07233e-05 0)
(1.03892 6.67069e-05 0)
(1.03892 5.45744e-05 0)
(1.03891 4.43754e-05 0)
(1.0389 3.57504e-05 0)
(1.0389 2.85536e-05 0)
(1.0389 2.25727e-05 0)
(1.03889 1.78121e-05 0)
(1.03889 1.39092e-05 0)
(1.03889 1.08782e-05 0)
(1.03889 8.4009e-06 0)
(1.03889 6.55616e-06 0)
(1.03888 5.07288e-06 0)
(1.03888 3.94395e-06 0)
(1.03888 2.96883e-06 0)
(1.03888 2.33965e-06 0)
(1.03888 1.81082e-06 0)
(1.03888 1.49919e-06 0)
(1.03888 1.20076e-06 0)
(1.03888 1.06358e-06 0)
(1.03888 9.10185e-07 0)
(1.03888 8.81038e-07 0)
(1.03888 7.74089e-07 0)
(1.03888 7.38121e-07 0)
(1.03888 6.61889e-07 0)
(1.03888 6.64051e-07 0)
(1.03888 6.03603e-07 0)
(1.03888 6.29126e-07 0)
(1.03888 5.77374e-07 0)
(1.03888 5.71485e-07 0)
(1.03888 4.98771e-07 0)
(1.03888 5.15267e-07 0)
(1.03888 4.93416e-07 0)
(1.03888 5.16528e-07 0)
(1.03888 4.71061e-07 0)
(1.03888 4.98058e-07 0)
(1.03888 4.86024e-07 0)
(1.03888 5.37163e-07 0)
(1.03888 5.14088e-07 0)
(1.03888 5.38485e-07 0)
(1.03888 5.11078e-07 0)
(1.03888 5.45405e-07 0)
(1.03888 5.20428e-07 0)
(1.03888 5.25893e-07 0)
(1.03888 4.73197e-07 0)
(1.03888 5.02169e-07 0)
(1.03888 4.97689e-07 0)
(1.03888 5.42111e-07 0)
(1.03888 5.42427e-07 0)
(1.03888 5.92157e-07 0)
(1.03888 5.97592e-07 0)
(1.03888 6.43993e-07 0)
(1.03888 6.38622e-07 0)
(1.03888 6.68114e-07 0)
(1.03888 6.29709e-07 0)
(1.03888 6.32375e-07 0)
(1.03888 6.10287e-07 0)
(1.03888 6.26301e-07 0)
(1.03888 6.15801e-07 0)
(1.03888 6.64172e-07 0)
(1.03888 7.10845e-07 0)
(1.03888 8.20837e-07 0)
(1.03888 9.45141e-07 0)
(1.03888 1.13977e-06 0)
(1.03888 1.36807e-06 0)
(1.03888 1.72874e-06 0)
(1.03888 2.22243e-06 0)
(1.03888 2.91487e-06 0)
(1.03888 3.84402e-06 0)
(1.03888 5.17555e-06 0)
(1.03888 6.97776e-06 0)
(1.03888 9.55049e-06 0)
(1.03888 1.30071e-05 0)
(1.03887 1.83336e-05 0)
(1.03887 2.54337e-05 0)
(1.03886 4.05914e-05 0)
(1.03884 6.66361e-05 0)
(1.03881 0.000188609 0)
(1.03869 0.000530432 0)
(1.03863 0.00191178 0)
(1.03784 0.00386 0)
(0.975311 0.0609985 0)
(1.05872 0.0294492 0)
(1.02846 0.00751387 0)
(1.04305 0.000354897 0)
(1.03683 -0.000479973 0)
(1.03955 0.000247371 0)
(1.03845 0.000448756 0)
(1.03898 0.000554938 0)
(1.03881 0.000486447 0)
(1.03892 0.000430788 0)
(1.0389 0.000361761 0)
(1.03893 0.000309197 0)
(1.03893 0.00026216 0)
(1.03894 0.000223589 0)
(1.03894 0.000190417 0)
(1.03895 0.000162181 0)
(1.03895 0.000137629 0)
(1.03895 0.000116192 0)
(1.03895 9.75911e-05 0)
(1.03895 8.12894e-05 0)
(1.03895 6.71887e-05 0)
(1.03895 5.49514e-05 0)
(1.03894 4.4624e-05 0)
(1.03894 3.5888e-05 0)
(1.03894 2.85864e-05 0)
(1.03894 2.25017e-05 0)
(1.03894 1.7649e-05 0)
(1.03894 1.36787e-05 0)
(1.03894 1.05865e-05 0)
(1.03894 8.05842e-06 0)
(1.03894 6.1593e-06 0)
(1.03894 4.65306e-06 0)
(1.03894 3.52231e-06 0)
(1.03894 2.5462e-06 0)
(1.03894 1.89811e-06 0)
(1.03893 1.37073e-06 0)
(1.03893 1.06097e-06 0)
(1.03893 7.67438e-07 0)
(1.03893 6.23815e-07 0)
(1.03893 4.63195e-07 0)
(1.03893 4.26654e-07 0)
(1.03893 3.2237e-07 0)
(1.03893 2.83703e-07 0)
(1.03893 2.1183e-07 0)
(1.03893 2.12836e-07 0)
(1.03893 1.45752e-07 0)
(1.03893 1.59373e-07 0)
(1.03893 1.08918e-07 0)
(1.03893 1.05314e-07 0)
(1.03893 3.38398e-08 0)
(1.03893 3.95369e-08 0)
(1.03893 1.56463e-08 0)
(1.03893 4.19054e-08 0)
(1.03893 2.79279e-10 0)
(1.03893 2.44305e-08 0)
(1.03893 1.40316e-08 0)
(1.03893 6.68966e-08 0)
(1.03893 5.04371e-08 0)
(1.03893 7.53401e-08 0)
(1.03893 4.68741e-08 0)
(1.03893 7.46309e-08 0)
(1.03893 5.16539e-08 0)
(1.03893 5.87298e-08 0)
(1.03893 6.31243e-09 0)
(1.03893 2.97664e-08 0)
(1.03893 2.77127e-08 0)
(1.03893 7.59304e-08 0)
(1.03893 8.43391e-08 0)
(1.03893 1.36157e-07 0)
(1.03893 1.43759e-07 0)
(1.03893 1.89925e-07 0)
(1.03893 1.88079e-07 0)
(1.03893 2.19539e-07 0)
(1.03893 1.82262e-07 0)
(1.03893 1.77957e-07 0)
(1.03893 1.53204e-07 0)
(1.03893 1.6793e-07 0)
(1.03893 1.58074e-07 0)
(1.03893 2.03444e-07 0)
(1.03893 2.50518e-07 0)
(1.03893 3.61175e-07 0)
(1.03893 4.90155e-07 0)
(1.03893 6.89174e-07 0)
(1.03893 9.21073e-07 0)
(1.03893 1.28029e-06 0)
(1.03893 1.74949e-06 0)
(1.03893 2.42424e-06 0)
(1.03893 3.33971e-06 0)
(1.03893 4.66407e-06 0)
(1.03893 6.47604e-06 0)
(1.03893 9.09591e-06 0)
(1.03893 1.26792e-05 0)
(1.03893 1.835e-05 0)
(1.03893 2.6182e-05 0)
(1.03892 4.32431e-05 0)
(1.03891 7.21919e-05 0)
(1.03889 0.000201532 0)
(1.03882 0.000550071 0)
(1.03882 0.00196725 0)
(1.03856 0.00394889 0)
(0.973622 0.053573 0)
(1.05673 0.0275282 0)
(1.02803 0.00727298 0)
(1.04273 0.000308641 0)
(1.03644 -0.000466005 0)
(1.0392 0.000223918 0)
(1.0381 0.000434848 0)
(1.03869 0.000537058 0)
(1.03855 0.000473273 0)
(1.03871 0.000419389 0)
(1.03872 0.000352948 0)
(1.03878 0.000302081 0)
(1.03881 0.000256597 0)
(1.03884 0.000219106 0)
(1.03886 0.000186829 0)
(1.03888 0.000159352 0)
(1.0389 0.000135431 0)
(1.03891 0.000114506 0)
(1.03892 9.63091e-05 0)
(1.03893 8.03326e-05 0)
(1.03894 6.64891e-05 0)
(1.03894 5.4451e-05 0)
(1.03894 4.42564e-05 0)
(1.03895 3.56274e-05 0)
(1.03895 2.84113e-05 0)
(1.03895 2.23808e-05 0)
(1.03895 1.7554e-05 0)
(1.03895 1.36076e-05 0)
(1.03895 1.05296e-05 0)
(1.03895 8.01008e-06 0)
(1.03895 6.09422e-06 0)
(1.03895 4.5851e-06 0)
(1.03895 3.46444e-06 0)
(1.03895 2.49613e-06 0)
(1.03895 1.8327e-06 0)
(1.03895 1.29855e-06 0)
(1.03895 9.90121e-07 0)
(1.03895 7.1232e-07 0)
(1.03895 5.75265e-07 0)
(1.03895 4.17278e-07 0)
(1.03895 3.80469e-07 0)
(1.03895 2.83729e-07 0)
(1.03895 2.43959e-07 0)
(1.03895 1.768e-07 0)
(1.03895 1.79792e-07 0)
(1.03895 1.09163e-07 0)
(1.03895 1.10206e-07 0)
(1.03895 5.85441e-08 0)
(1.03895 5.86124e-08 0)
(1.03895 -7.8676e-09 0)
(1.03895 -1.37665e-08 0)
(1.03895 -4.18145e-08 0)
(1.03895 -1.24893e-08 0)
(1.03895 -4.60846e-08 0)
(1.03895 -2.42911e-08 0)
(1.03895 -3.59369e-08 0)
(1.03895 1.66447e-08 0)
(1.03895 7.51223e-09 0)
(1.03895 3.41393e-08 0)
(1.03895 4.96095e-09 0)
(1.03895 2.48968e-08 0)
(1.03895 2.01625e-09 0)
(1.03895 1.10679e-08 0)
(1.03895 -3.79098e-08 0)
(1.03895 -1.85934e-08 0)
(1.03895 -1.84257e-08 0)
(1.03895 3.12689e-08 0)
(1.03895 4.68501e-08 0)
(1.03895 1.0135e-07 0)
(1.03895 1.10824e-07 0)
(1.03895 1.55189e-07 0)
(1.03895 1.55271e-07 0)
(1.03895 1.88479e-07 0)
(1.03895 1.53975e-07 0)
(1.03895 1.43504e-07 0)
(1.03895 1.15248e-07 0)
(1.03895 1.28188e-07 0)
(1.03895 1.18792e-07 0)
(1.03895 1.60654e-07 0)
(1.03895 2.05835e-07 0)
(1.03895 3.13058e-07 0)
(1.03895 4.34547e-07 0)
(1.03895 6.26325e-07 0)
(1.03895 8.51249e-07 0)
(1.03895 1.19778e-06 0)
(1.03895 1.65193e-06 0)
(1.03895 2.31186e-06 0)
(1.03895 3.21469e-06 0)
(1.03895 4.5203e-06 0)
(1.03895 6.31337e-06 0)
(1.03895 8.9275e-06 0)
(1.03895 1.25555e-05 0)
(1.03895 1.84235e-05 0)
(1.03895 2.67517e-05 0)
(1.03895 4.51299e-05 0)
(1.03895 7.59572e-05 0)
(1.03893 0.00020862 0)
(1.03892 0.000554762 0)
(1.03898 0.00196706 0)
(1.03921 0.00392555 0)
(0.972268 0.046689 0)
(1.055 0.0252962 0)
(1.02766 0.00688347 0)
(1.04244 0.000264632 0)
(1.03609 -0.000444772 0)
(1.03886 0.000198258 0)
(1.03777 0.000411739 0)
(1.03841 0.000508328 0)
(1.03831 0.000450095 0)
(1.03851 0.000399126 0)
(1.03855 0.000336542 0)
(1.03864 0.000288429 0)
(1.03869 0.000245437 0)
(1.03874 0.00020981 0)
(1.03878 0.000179096 0)
(1.03881 0.000152958 0)
(1.03884 0.000130189 0)
(1.03886 0.000110236 0)
(1.03888 9.28458e-05 0)
(1.0389 7.75491e-05 0)
(1.03891 6.42753e-05 0)
(1.03892 5.27145e-05 0)
(1.03893 4.28964e-05 0)
(1.03894 3.45759e-05 0)
(1.03894 2.76174e-05 0)
(1.03895 2.17885e-05 0)
(1.03895 1.71054e-05 0)
(1.03895 1.32741e-05 0)
(1.03895 1.02883e-05 0)
(1.03895 7.84367e-06 0)
(1.03896 5.96042e-06 0)
(1.03896 4.47816e-06 0)
(1.03896 3.39189e-06 0)
(1.03896 2.45636e-06 0)
(1.03896 1.79701e-06 0)
(1.03896 1.26129e-06 0)
(1.03896 9.55429e-07 0)
(1.03896 6.94943e-07 0)
(1.03896 5.68354e-07 0)
(1.03896 4.1507e-07 0)
(1.03896 3.76375e-07 0)
(1.03896 2.85858e-07 0)
(1.03896 2.46485e-07 0)
(1.03896 1.8335e-07 0)
(1.03896 1.90863e-07 0)
(1.03896 1.20596e-07 0)
(1.03896 1.10928e-07 0)
(1.03896 5.47194e-08 0)
(1.03896 5.8648e-08 0)
(1.03896 2.2104e-10 0)
(1.03896 -1.59803e-08 0)
(1.03896 -5.01556e-08 0)
(1.03896 -1.89513e-08 0)
(1.03896 -4.12874e-08 0)
(1.03896 -2.006e-08 0)
(1.03896 -3.47552e-08 0)
(1.03896 1.51579e-08 0)
(1.03896 1.25516e-08 0)
(1.03896 4.22356e-08 0)
(1.03896 1.29792e-08 0)
(1.03896 2.52918e-08 0)
(1.03896 2.96837e-10 0)
(1.03896 1.15815e-08 0)
(1.03896 -3.17759e-08 0)
(1.03896 -1.42862e-08 0)
(1.03896 -1.21536e-08 0)
(1.03896 3.6609e-08 0)
(1.03896 5.69838e-08 0)
(1.03896 1.14549e-07 0)
(1.03896 1.25963e-07 0)
(1.03896 1.67619e-07 0)
(1.03896 1.67411e-07 0)
(1.03896 2.01683e-07 0)
(1.03896 1.71282e-07 0)
(1.03896 1.56425e-07 0)
(1.03896 1.24081e-07 0)
(1.03896 1.34723e-07 0)
(1.03896 1.25211e-07 0)
(1.03896 1.63105e-07 0)
(1.03896 2.04303e-07 0)
(1.03896 3.05006e-07 0)
(1.03896 4.21282e-07 0)
(1.03896 6.05806e-07 0)
(1.03896 8.22549e-07 0)
(1.03896 1.15273e-06 0)
(1.03896 1.58831e-06 0)
(1.03896 2.22293e-06 0)
(1.03896 3.09418e-06 0)
(1.03896 4.35383e-06 0)
(1.03896 6.08794e-06 0)
(1.03896 8.634e-06 0)
(1.03896 1.22135e-05 0)
(1.03896 1.81106e-05 0)
(1.03897 2.66611e-05 0)
(1.03897 4.5694e-05 0)
(1.03897 7.72953e-05 0)
(1.03896 0.000209203 0)
(1.03901 0.000544343 0)
(1.03912 0.00191381 0)
(1.03982 0.00379858 0)
(0.971183 0.0402571 0)
(1.05353 0.0228122 0)
(1.02733 0.00636446 0)
(1.04218 0.000223651 0)
(1.03579 -0.000416037 0)
(1.03856 0.000171665 0)
(1.03748 0.000380597 0)
(1.03816 0.000470009 0)
(1.03809 0.000417936 0)
(1.03832 0.000370864 0)
(1.03839 0.000313227 0)
(1.0385 0.000268787 0)
(1.03857 0.000229104 0)
(1.03864 0.000196038 0)
(1.0387 0.000167484 0)
(1.03874 0.000143201 0)
(1.03878 0.000122049 0)
(1.03882 0.000103484 0)
(1.03885 8.72646e-05 0)
(1.03887 7.29703e-05 0)
(1.03889 6.05514e-05 0)
(1.0389 4.97208e-05 0)
(1.03892 4.05051e-05 0)
(1.03893 3.26816e-05 0)
(1.03893 2.61401e-05 0)
(1.03894 2.06496e-05 0)
(1.03895 1.62228e-05 0)
(1.03895 1.2594e-05 0)
(1.03895 9.77336e-06 0)
(1.03895 7.46837e-06 0)
(1.03896 5.66995e-06 0)
(1.03896 4.24595e-06 0)
(1.03896 3.21772e-06 0)
(1.03896 2.34097e-06 0)
(1.03896 1.71248e-06 0)
(1.03896 1.19098e-06 0)
(1.03896 8.9319e-07 0)
(1.03896 6.51234e-07 0)
(1.03896 5.39878e-07 0)
(1.03896 3.95446e-07 0)
(1.03896 3.56926e-07 0)
(1.03896 2.73699e-07 0)
(1.03896 2.35776e-07 0)
(1.03896 1.74701e-07 0)
(1.03896 1.86933e-07 0)
(1.03896 1.20602e-07 0)
(1.03896 1.02313e-07 0)
(1.03896 3.92239e-08 0)
(1.03896 4.4788e-08 0)
(1.03896 -3.41563e-09 0)
(1.03896 -2.48775e-08 0)
(1.03896 -6.71194e-08 0)
(1.03896 -3.58461e-08 0)
(1.03896 -4.65152e-08 0)
(1.03896 -2.27556e-08 0)
(1.03896 -4.10767e-08 0)
(1.03896 3.58232e-09 0)
(1.03896 5.03486e-09 0)
(1.03896 3.87e-08 0)
(1.03896 1.11948e-08 0)
(1.03896 1.70844e-08 0)
(1.03896 -1.16137e-08 0)
(1.03896 1.77263e-09 0)
(1.03896 -3.5161e-08 0)
(1.03896 -1.6943e-08 0)
(1.03896 -1.33081e-08 0)
(1.03896 3.39479e-08 0)
(1.03896 5.73489e-08 0)
(1.03896 1.18467e-07 0)
(1.03896 1.3285e-07 0)
(1.03896 1.71785e-07 0)
(1.03896 1.69121e-07 0)
(1.03896 2.03107e-07 0)
(1.03896 1.77474e-07 0)
(1.03896 1.60145e-07 0)
(1.03896 1.23335e-07 0)
(1.03896 1.30491e-07 0)
(1.03896 1.20023e-07 0)
(1.03896 1.53864e-07 0)
(1.03896 1.90185e-07 0)
(1.03896 2.8263e-07 0)
(1.03896 3.90989e-07 0)
(1.03896 5.6507e-07 0)
(1.03896 7.69756e-07 0)
(1.03896 1.07848e-06 0)
(1.03896 1.48466e-06 0)
(1.03896 2.07748e-06 0)
(1.03896 2.89449e-06 0)
(1.03896 4.07892e-06 0)
(1.03896 5.71359e-06 0)
(1.03897 8.12927e-06 0)
(1.03897 1.15646e-05 0)
(1.03897 1.73133e-05 0)
(1.03898 2.5791e-05 0)
(1.03898 4.47735e-05 0)
(1.03899 7.60113e-05 0)
(1.03899 0.00020318 0)
(1.0391 0.000519285 0)
(1.03926 0.00181123 0)
(1.04037 0.00357753 0)
(0.970316 0.034201 0)
(1.05228 0.0201249 0)
(1.02706 0.0057338 0)
(1.04196 0.00018599 0)
(1.03552 -0.000379702 0)
(1.03829 0.000145181 0)
(1.03721 0.000342635 0)
(1.03793 0.000423409 0)
(1.03789 0.000377911 0)
(1.03815 0.000335572 0)
(1.03824 0.000283803 0)
(1.03837 0.000243826 0)
(1.03846 0.000208155 0)
(1.03855 0.000178258 0)
(1.03862 0.000152388 0)
(1.03868 0.000130413 0)
(1.03873 0.000111287 0)
(1.03877 9.44796e-05 0)
(1.03881 7.97579e-05 0)
(1.03884 6.6755e-05 0)
(1.03887 5.54484e-05 0)
(1.03889 4.55757e-05 0)
(1.0389 3.71672e-05 0)
(1.03892 3.00152e-05 0)
(1.03893 2.40363e-05 0)
(1.03893 1.9009e-05 0)
(1.03894 1.49431e-05 0)
(1.03895 1.15983e-05 0)
(1.03895 9.00826e-06 0)
(1.03895 6.9009e-06 0)
(1.03895 5.23796e-06 0)
(1.03896 3.9035e-06 0)
(1.03896 2.95285e-06 0)
(1.03896 2.1556e-06 0)
(1.03896 1.58233e-06 0)
(1.03896 1.09273e-06 0)
(1.03896 8.10864e-07 0)
(1.03896 5.89184e-07 0)
(1.03896 4.9725e-07 0)
(1.03896 3.66814e-07 0)
(1.03896 3.31892e-07 0)
(1.03896 2.57842e-07 0)
(1.03896 2.2294e-07 0)
(1.03896 1.62316e-07 0)
(1.03896 1.78513e-07 0)
(1.03896 1.18806e-07 0)
(1.03896 9.58457e-08 0)
(1.03896 2.54201e-08 0)
(1.03896 2.85004e-08 0)
(1.03896 -8.5179e-09 0)
(1.03896 -2.9864e-08 0)
(1.03896 -7.97378e-08 0)
(1.03896 -5.15251e-08 0)
(1.03896 -5.16127e-08 0)
(1.03896 -2.24002e-08 0)
(1.03896 -4.33269e-08 0)
(1.03896 -6.0486e-09 0)
(1.03896 -3.30532e-09 0)
(1.03896 3.4541e-08 0)
(1.03896 1.03809e-08 0)
(1.03896 1.17961e-08 0)
(1.03896 -2.1034e-08 0)
(1.03896 -7.13729e-09 0)
(1.03896 -3.76408e-08 0)
(1.03896 -1.63806e-08 0)
(1.03896 -1.04842e-08 0)
(1.03896 3.4865e-08 0)
(1.03896 5.86987e-08 0)
(1.03896 1.2282e-07 0)
(1.03896 1.41195e-07 0)
(1.03896 1.78098e-07 0)
(1.03896 1.71314e-07 0)
(1.03896 2.03097e-07 0)
(1.03896 1.82316e-07 0)
(1.03896 1.64731e-07 0)
(1.03896 1.23848e-07 0)
(1.03896 1.26475e-07 0)
(1.03896 1.13832e-07 0)
(1.03896 1.4319e-07 0)
(1.03896 1.73985e-07 0)
(1.03896 2.56632e-07 0)
(1.03896 3.53661e-07 0)
(1.03896 5.12278e-07 0)
(1.03896 6.99323e-07 0)
(1.03896 9.80616e-07 0)
(1.03896 1.34769e-06 0)
(1.03896 1.88442e-06 0)
(1.03896 2.62714e-06 0)
(1.03896 3.70994e-06 0)
(1.03897 5.20833e-06 0)
(1.03897 7.43546e-06 0)
(1.03897 1.06337e-05 0)
(1.03898 1.6056e-05 0)
(1.03898 2.41604e-05 0)
(1.03899 4.23792e-05 0)
(1.03901 7.2131e-05 0)
(1.03902 0.00019079 0)
(1.03918 0.000480511 0)
(1.03938 0.00166391 0)
(1.04087 0.0032726 0)
(0.969628 0.0284542 0)
(1.05124 0.0172746 0)
(1.02684 0.00500818 0)
(1.04176 0.000151553 0)
(1.0353 -0.00033597 0)
(1.03806 0.000119529 0)
(1.03699 0.000298989 0)
(1.03774 0.000369782 0)
(1.03771 0.000331124 0)
(1.038 0.000294213 0)
(1.03811 0.000249081 0)
(1.03827 0.000214234 0)
(1.03837 0.000183168 0)
(1.03847 0.00015696 0)
(1.03855 0.000134227 0)
(1.03862 0.000114951 0)
(1.03868 9.82024e-05 0)
(1.03874 8.34757e-05 0)
(1.03878 7.05396e-05 0)
(1.03881 5.90826e-05 0)
(1.03884 4.91159e-05 0)
(1.03887 4.04022e-05 0)
(1.03889 3.29812e-05 0)
(1.0389 2.66573e-05 0)
(1.03892 2.13715e-05 0)
(1.03893 1.69185e-05 0)
(1.03894 1.33083e-05 0)
(1.03894 1.03228e-05 0)
(1.03895 8.02027e-06 0)
(1.03895 6.15987e-06 0)
(1.03895 4.67932e-06 0)
(1.03895 3.46663e-06 0)
(1.03896 2.61078e-06 0)
(1.03896 1.90855e-06 0)
(1.03896 1.41091e-06 0)
(1.03896 9.70456e-07 0)
(1.03896 7.12785e-07 0)
(1.03896 5.13438e-07 0)
(1.03896 4.43295e-07 0)
(1.03896 3.31047e-07 0)
(1.03896 3.02689e-07 0)
(1.03896 2.3999e-07 0)
(1.03896 2.10221e-07 0)
(1.03896 1.49563e-07 0)
(1.03896 1.68039e-07 0)
(1.03896 1.16454e-07 0)
(1.03896 9.28009e-08 0)
(1.03896 1.61938e-08 0)
(1.03896 1.30954e-08 0)
(1.03896 -1.37405e-08 0)
(1.03896 -2.97234e-08 0)
(1.03896 -8.46738e-08 0)
(1.03896 -6.26317e-08 0)
(1.03896 -5.5137e-08 0)
(1.03896 -1.85172e-08 0)
(1.03896 -3.98829e-08 0)
(1.03896 -1.09957e-08 0)
(1.03896 -9.68164e-09 0)
(1.03896 3.15121e-08 0)
(1.03896 1.19655e-08 0)
(1.03896 1.05652e-08 0)
(1.03896 -2.60753e-08 0)
(1.03896 -1.30747e-08 0)
(1.03896 -3.7898e-08 0)
(1.03896 -1.24823e-08 0)
(1.03896 -2.32945e-09 0)
(1.03896 4.15755e-08 0)
(1.03896 6.35446e-08 0)
(1.03896 1.28797e-07 0)
(1.03896 1.51751e-07 0)
(1.03896 1.87812e-07 0)
(1.03896 1.7626e-07 0)
(1.03896 2.03638e-07 0)
(1.03896 1.87086e-07 0)
(1.03896 1.71188e-07 0)
(1.03896 1.27463e-07 0)
(1.03896 1.24802e-07 0)
(1.03896 1.08902e-07 0)
(1.03896 1.32837e-07 0)
(1.03896 1.5753e-07 0)
(1.03896 2.29078e-07 0)
(1.03896 3.12124e-07 0)
(1.03896 4.51166e-07 0)
(1.03896 6.1514e-07 0)
(1.03896 8.63328e-07 0)
(1.03896 1.18387e-06 0)
(1.03896 1.65295e-06 0)
(1.03896 2.30416e-06 0)
(1.03897 3.26151e-06 0)
(1.03897 4.59024e-06 0)
(1.03897 6.57562e-06 0)
(1.03897 9.44942e-06 0)
(1.03898 1.43742e-05 0)
(1.03899 2.1813e-05 0)
(1.039 3.85797e-05 0)
(1.03903 6.5783e-05 0)
(1.03905 0.000172478 0)
(1.03925 0.000429248 0)
(1.03949 0.00147696 0)
(1.04131 0.00289439 0)
(0.969092 0.0229577 0)
(1.0504 0.0142952 0)
(1.02665 0.00420345 0)
(1.04161 0.000119999 0)
(1.03512 -0.000285361 0)
(1.03787 9.51274e-05 0)
(1.0368 0.00025071 0)
(1.03757 0.000310317 0)
(1.03757 0.000278653 0)
(1.03787 0.000247739 0)
(1.038 0.000209869 0)
(1.03817 0.000180705 0)
(1.03829 0.000154734 0)
(1.0384 0.000132648 0)
(1.0385 0.000113434 0)
(1.03858 9.71896e-05 0)
(1.03864 8.31135e-05 0)
(1.0387 7.07393e-05 0)
(1.03875 5.98368e-05 0)
(1.03879 5.01442e-05 0)
(1.03883 4.17134e-05 0)
(1.03885 3.43326e-05 0)
(1.03888 2.80524e-05 0)
(1.03889 2.26922e-05 0)
(1.03891 1.82128e-05 0)
(1.03892 1.44305e-05 0)
(1.03893 1.13592e-05 0)
(1.03894 8.80091e-06 0)
(1.03894 6.83484e-06 0)
(1.03895 5.26112e-06 0)
(1.03895 4.00382e-06 0)
(1.03895 2.94578e-06 0)
(1.03896 2.20177e-06 0)
(1.03896 1.60586e-06 0)
(1.03896 1.1989e-06 0)
(1.03896 8.23375e-07 0)
(1.03896 5.9928e-07 0)
(1.03896 4.25295e-07 0)
(1.03896 3.7804e-07 0)
(1.03896 2.86992e-07 0)
(1.03896 2.67143e-07 0)
(1.03896 2.17543e-07 0)
(1.03896 1.95472e-07 0)
(1.03896 1.35523e-07 0)
(1.03896 1.54023e-07 0)
(1.03896 1.10672e-07 0)
(1.03896 8.98025e-08 0)
(1.03896 1.00847e-08 0)
(1.03896 -2.0107e-09 0)
(1.03896 -2.15534e-08 0)
(1.03896 -2.82478e-08 0)
(1.03896 -8.38964e-08 0)
(1.03896 -7.00921e-08 0)
(1.03896 -5.92862e-08 0)
(1.03896 -1.50556e-08 0)
(1.03896 -3.38043e-08 0)
(1.03896 -1.28867e-08 0)
(1.03896 -1.5579e-08 0)
(1.03896 2.70867e-08 0)
(1.03896 1.28732e-08 0)
(1.03896 1.01458e-08 0)
(1.03896 -2.92348e-08 0)
(1.03896 -1.75587e-08 0)
(1.03896 -3.80399e-08 0)
(1.03896 -8.70907e-09 0)
(1.03896 7.47403e-09 0)
(1.03896 5.1187e-08 0)
(1.03896 6.99305e-08 0)
(1.03896 1.3367e-07 0)
(1.03896 1.60991e-07 0)
(1.03896 1.97587e-07 0)
(1.03896 1.8185e-07 0)
(1.03896 2.02828e-07 0)
(1.03896 1.89131e-07 0)
(1.03896 1.7618e-07 0)
(1.03896 1.31386e-07 0)
(1.03896 1.23132e-07 0)
(1.03896 1.03096e-07 0)
(1.03896 1.20516e-07 0)
(1.03896 1.38416e-07 0)
(1.03896 1.97938e-07 0)
(1.03896 2.65504e-07 0)
(1.03896 3.81827e-07 0)
(1.03896 5.17921e-07 0)
(1.03896 7.27474e-07 0)
(1.03896 9.95208e-07 0)
(1.03896 1.38749e-06 0)
(1.03896 1.93267e-06 0)
(1.03897 2.7433e-06 0)
(1.03897 3.87241e-06 0)
(1.03897 5.56843e-06 0)
(1.03898 8.03884e-06 0)
(1.03898 1.23084e-05 0)
(1.03899 1.88101e-05 0)
(1.03901 3.34905e-05 0)
(1.03904 5.71818e-05 0)
(1.03907 0.000148862 0)
(1.03931 0.00036698 0)
(1.03959 0.00125589 0)
(1.04168 0.0024538 0)
(0.968684 0.0176589 0)
(1.04974 0.0112158 0)
(1.02651 0.00333479 0)
(1.04148 9.0852e-05 0)
(1.03498 -0.00022869 0)
(1.03771 7.21256e-05 0)
(1.03665 0.000198766 0)
(1.03744 0.000246152 0)
(1.03745 0.000221557 0)
(1.03777 0.00019709 0)
(1.03792 0.000166976 0)
(1.0381 0.000143939 0)
(1.03823 0.000123459 0)
(1.03835 0.000105845 0)
(1.03845 9.04612e-05 0)
(1.03854 7.75205e-05 0)
(1.03861 6.63581e-05 0)
(1.03867 5.65565e-05 0)
(1.03873 4.78936e-05 0)
(1.03877 4.01475e-05 0)
(1.03881 3.34149e-05 0)
(1.03884 2.75122e-05 0)
(1.03887 2.24987e-05 0)
(1.03889 1.82143e-05 0)
(1.0389 1.46361e-05 0)
(1.03892 1.16049e-05 0)
(1.03893 9.14279e-06 0)
(1.03894 7.07055e-06 0)
(1.03894 5.48233e-06 0)
(1.03895 4.22531e-06 0)
(1.03895 3.22386e-06 0)
(1.03895 2.35203e-06 0)
(1.03895 1.73761e-06 0)
(1.03896 1.25631e-06 0)
(1.03896 9.49507e-07 0)
(1.03896 6.51884e-07 0)
(1.03896 4.71054e-07 0)
(1.03896 3.26459e-07 0)
(1.03896 3.02592e-07 0)
(1.03896 2.34592e-07 0)
(1.03896 2.2471e-07 0)
(1.03896 1.89418e-07 0)
(1.03896 1.77761e-07 0)
(1.03896 1.20559e-07 0)
(1.03896 1.36918e-07 0)
(1.03896 1.00436e-07 0)
(1.03896 8.47398e-08 0)
(1.03896 6.35261e-09 0)
(1.03896 -1.61532e-08 0)
(1.03896 -3.2468e-08 0)
(1.03896 -2.7931e-08 0)
(1.03896 -7.90104e-08 0)
(1.03896 -7.35922e-08 0)
(1.03896 -6.41603e-08 0)
(1.03896 -1.41694e-08 0)
(1.03896 -2.71125e-08 0)
(1.03896 -1.22858e-08 0)
(1.03896 -2.08618e-08 0)
(1.03896 2.04713e-08 0)
(1.03896 1.15429e-08 0)
(1.03896 8.69427e-09 0)
(1.03896 -3.19391e-08 0)
(1.03896 -2.1471e-08 0)
(1.03896 -3.85424e-08 0)
(1.03896 -6.51814e-09 0)
(1.03896 1.64081e-08 0)
(1.03896 6.17857e-08 0)
(1.03896 7.72464e-08 0)
(1.03896 1.36592e-07 0)
(1.03896 1.67048e-07 0)
(1.03896 2.05296e-07 0)
(1.03896 1.87055e-07 0)
(1.03896 2.00411e-07 0)
(1.03896 1.87617e-07 0)
(1.03896 1.77982e-07 0)
(1.03896 1.34081e-07 0)
(1.03896 1.20596e-07 0)
(1.03896 9.5921e-08 0)
(1.03896 1.05762e-07 0)
(1.03896 1.16015e-07 0)
(1.03896 1.62483e-07 0)
(1.03896 2.13497e-07 0)
(1.03896 3.05101e-07 0)
(1.03896 4.09482e-07 0)
(1.03896 5.75234e-07 0)
(1.03896 7.84561e-07 0)
(1.03896 1.0929e-06 0)
(1.03897 1.52062e-06 0)
(1.03897 2.16638e-06 0)
(1.03897 3.06984e-06 0)
(1.03897 4.43538e-06 0)
(1.03898 6.43421e-06 0)
(1.03899 9.9106e-06 0)
(1.039 1.52365e-05 0)
(1.03901 2.72758e-05 0)
(1.03906 4.66227e-05 0)
(1.03909 0.000120707 0)
(1.03936 0.000295409 0)
(1.03967 0.00100653 0)
(1.04198 0.00196194 0)
(0.968391 0.0125094 0)
(1.04925 0.00806223 0)
(1.02641 0.00241687 0)
(1.04139 6.35837e-05 0)
(1.03487 -0.000167025 0)
(1.0376 5.04519e-05 0)
(1.03653 0.000144054 0)
(1.03734 0.000178379 0)
(1.03736 0.000160881 0)
(1.0377 0.000143202 0)
(1.03785 0.000121219 0)
(1.03804 0.000104646 0)
(1.03818 8.99613e-05 0)
(1.03831 7.70895e-05 0)
(1.03841 6.57766e-05 0)
(1.03851 5.63533e-05 0)
(1.03859 4.82927e-05 0)
(1.03865 4.12311e-05 0)
(1.03871 3.49695e-05 0)
(1.03876 2.93142e-05 0)
(1.0388 2.44072e-05 0)
(1.03883 2.00977e-05 0)
(1.03886 1.64493e-05 0)
(1.03888 1.33279e-05 0)
(1.0389 1.07257e-05 0)
(1.03891 8.50882e-06 0)
(1.03892 6.71165e-06 0)
(1.03893 5.17403e-06 0)
(1.03894 3.99795e-06 0)
(1.03894 3.0789e-06 0)
(1.03895 2.35626e-06 0)
(1.03895 1.69802e-06 0)
(1.03895 1.2314e-06 0)
(1.03896 8.71317e-07 0)
(1.03896 6.69105e-07 0)
(1.03896 4.58281e-07 0)
(1.03896 3.29753e-07 0)
(1.03896 2.19206e-07 0)
(1.03896 2.19276e-07 0)
(1.03896 1.75283e-07 0)
(1.03896 1.76532e-07 0)
(1.03896 1.55912e-07 0)
(1.03896 1.56985e-07 0)
(1.03896 1.05408e-07 0)
(1.03896 1.18301e-07 0)
(1.03896 8.61718e-08 0)
(1.03896 7.65999e-08 0)
(1.03896 4.30543e-09 0)
(1.03896 -2.78615e-08 0)
(1.03896 -4.53e-08 0)
(1.03896 -2.99206e-08 0)
(1.03896 -7.13929e-08 0)
(1.03896 -7.2398e-08 0)
(1.03896 -6.83663e-08 0)
(1.03896 -1.62074e-08 0)
(1.03896 -2.12332e-08 0)
(1.03896 -9.52612e-09 0)
(1.03896 -2.458e-08 0)
(1.03896 1.23496e-08 0)
(1.03896 7.66596e-09 0)
(1.03896 5.59888e-09 0)
(1.03896 -3.48559e-08 0)
(1.03896 -2.4906e-08 0)
(1.03896 -3.87957e-08 0)
(1.03896 -5.78723e-09 0)
(1.03896 2.33478e-08 0)
(1.03896 7.21557e-08 0)
(1.03896 8.55568e-08 0)
(1.03896 1.3821e-07 0)
(1.03896 1.6961e-07 0)
(1.03896 2.09946e-07 0)
(1.03896 1.91516e-07 0)
(1.03896 1.97223e-07 0)
(1.03896 1.83187e-07 0)
(1.03896 1.76349e-07 0)
(1.03896 1.35042e-07 0)
(1.03896 1.17289e-07 0)
(1.03896 8.78273e-08 0)
(1.03896 8.93045e-08 0)
(1.03896 9.09759e-08 0)
(1.03896 1.23303e-07 0)
(1.03896 1.56829e-07 0)
(1.03896 2.22619e-07 0)
(1.03896 2.92682e-07 0)
(1.03896 4.1024e-07 0)
(1.03896 5.56101e-07 0)
(1.03896 7.75114e-07 0)
(1.03897 1.07711e-06 0)
(1.03897 1.54371e-06 0)
(1.03897 2.20014e-06 0)
(1.03897 3.20149e-06 0)
(1.03898 4.67338e-06 0)
(1.03899 7.24415e-06 0)
(1.039 1.11976e-05 0)
(1.03902 2.0142e-05 0)
(1.03907 3.44695e-05 0)
(1.0391 8.88981e-05 0)
(1.0394 0.000216417 0)
(1.03973 0.000734953 0)
(1.04221 0.00143005 0)
(0.968201 0.00746439 0)
(1.04893 0.00485732 0)
(1.02634 0.00146401 0)
(1.04133 3.76489e-05 0)
(1.0348 -0.000101642 0)
(1.03752 2.98564e-05 0)
(1.03645 8.74073e-05 0)
(1.03727 0.000108057 0)
(1.0373 9.76577e-05 0)
(1.03764 8.70065e-05 0)
(1.03781 7.34148e-05 0)
(1.038 6.35411e-05 0)
(1.03815 5.48683e-05 0)
(1.03828 4.69333e-05 0)
(1.03839 3.98624e-05 0)
(1.03849 3.41086e-05 0)
(1.03857 2.92862e-05 0)
(1.03864 2.50808e-05 0)
(1.0387 2.13351e-05 0)
(1.03875 1.78765e-05 0)
(1.03879 1.48862e-05 0)
(1.03883 1.22535e-05 0)
(1.03885 1.00416e-05 0)
(1.03888 8.14491e-06 0)
(1.0389 6.57236e-06 0)
(1.03891 5.2146e-06 0)
(1.03892 4.12281e-06 0)
(1.03893 3.15652e-06 0)
(1.03894 2.41981e-06 0)
(1.03894 1.85258e-06 0)
(1.03895 1.42184e-06 0)
(1.03895 9.97698e-07 0)
(1.03895 6.96266e-07 0)
(1.03896 4.63362e-07 0)
(1.03896 3.66415e-07 0)
(1.03896 2.46588e-07 0)
(1.03896 1.77639e-07 0)
(1.03896 1.05715e-07 0)
(1.03896 1.30643e-07 0)
(1.03896 1.10986e-07 0)
(1.03896 1.24447e-07 0)
(1.03896 1.17924e-07 0)
(1.03896 1.33147e-07 0)
(1.03896 9.03342e-08 0)
(1.03896 9.97375e-08 0)
(1.03896 6.89923e-08 0)
(1.03896 6.48903e-08 0)
(1.03896 2.7676e-09 0)
(1.03896 -3.60765e-08 0)
(1.03896 -5.82201e-08 0)
(1.03896 -3.44655e-08 0)
(1.03896 -6.27099e-08 0)
(1.03896 -6.64301e-08 0)
(1.03896 -7.0205e-08 0)
(1.03896 -2.04381e-08 0)
(1.03896 -1.7333e-08 0)
(1.03896 -5.33233e-09 0)
(1.03896 -2.60805e-08 0)
(1.03896 3.82192e-09 0)
(1.03896 1.47876e-09 0)
(1.03896 6.36023e-10 0)
(1.03896 -3.84936e-08 0)
(1.03896 -2.79803e-08 0)
(1.03896 -3.81651e-08 0)
(1.03896 -5.67938e-09 0)
(1.03896 2.79296e-08 0)
(1.03896 8.12417e-08 0)
(1.03896 9.465e-08 0)
(1.03896 1.39507e-07 0)
(1.03896 1.6908e-07 0)
(1.03896 2.10993e-07 0)
(1.03896 1.94653e-07 0)
(1.03896 1.94e-07 0)
(1.03896 1.76883e-07 0)
(1.03896 1.71639e-07 0)
(1.03896 1.34018e-07 0)
(1.03896 1.13435e-07 0)
(1.03896 7.94119e-08 0)
(1.03896 7.21199e-08 0)
(1.03896 6.43402e-08 0)
(1.03896 8.14878e-08 0)
(1.03896 9.65004e-08 0)
(1.03896 1.36012e-07 0)
(1.03896 1.70455e-07 0)
(1.03896 2.36702e-07 0)
(1.03896 3.14713e-07 0)
(1.03896 4.4038e-07 0)
(1.03897 6.11442e-07 0)
(1.03897 8.8896e-07 0)
(1.03897 1.28243e-06 0)
(1.03897 1.89414e-06 0)
(1.03898 2.79814e-06 0)
(1.03899 4.38044e-06 0)
(1.039 6.81529e-06 0)
(1.03902 1.23284e-05 0)
(1.03907 2.11394e-05 0)
(1.03911 5.44143e-05 0)
(1.03943 0.000132028 0)
(1.03977 0.000447391 0)
(1.04236 0.000869517 0)
(0.968107 0.00248115 0)
(1.04877 0.00162231 0)
(1.0263 0.000490291 0)
(1.0413 1.25076e-05 0)
(1.03477 -3.39655e-05 0)
(1.03748 9.95953e-06 0)
(1.03642 2.96162e-05 0)
(1.03724 3.62161e-05 0)
(1.03727 3.29085e-05 0)
(1.03762 2.94264e-05 0)
(1.03778 2.43824e-05 0)
(1.03798 2.13451e-05 0)
(1.03813 1.88126e-05 0)
(1.03827 1.5934e-05 0)
(1.03838 1.32094e-05 0)
(1.03848 1.12151e-05 0)
(1.03856 9.71492e-06 0)
(1.03863 8.43281e-06 0)
(1.03869 7.27e-06 0)
(1.03874 6.07367e-06 0)
(1.03879 5.05494e-06 0)
(1.03882 4.14898e-06 0)
(1.03885 3.41783e-06 0)
(1.03888 2.78259e-06 0)
(1.03889 2.27165e-06 0)
(1.03891 1.79862e-06 0)
(1.03892 1.43637e-06 0)
(1.03893 1.0651e-06 0)
(1.03894 7.87455e-07 0)
(1.03894 5.79701e-07 0)
(1.03895 4.45031e-07 0)
(1.03895 2.66604e-07 0)
(1.03895 1.44898e-07 0)
(1.03896 4.48155e-08 0)
(1.03896 5.16787e-08 0)
(1.03896 2.24678e-08 0)
(1.03896 1.76982e-08 0)
(1.03896 -1.18946e-08 0)
(1.03896 3.91895e-08 0)
(1.03896 4.38285e-08 0)
(1.03896 7.05995e-08 0)
(1.03896 7.67795e-08 0)
(1.03896 1.06363e-07 0)
(1.03896 7.50253e-08 0)
(1.03896 8.23764e-08 0)
(1.03896 5.03546e-08 0)
(1.03896 4.97556e-08 0)
(1.03896 3.43693e-10 0)
(1.03896 -4.05114e-08 0)
(1.03896 -6.93383e-08 0)
(1.03896 -4.10191e-08 0)
(1.03896 -5.46878e-08 0)
(1.03896 -5.65536e-08 0)
(1.03896 -6.84775e-08 0)
(1.03896 -2.54837e-08 0)
(1.03896 -1.60852e-08 0)
(1.03896 -8.14423e-10 0)
(1.03896 -2.52797e-08 0)
(1.03896 -4.04181e-09 0)
(1.03896 -6.4982e-09 0)
(1.03896 -6.04622e-09 0)
(1.03896 -4.31252e-08 0)
(1.03896 -3.08909e-08 0)
(1.03896 -3.63199e-08 0)
(1.03896 -5.09657e-09 0)
(1.03896 3.03871e-08 0)
(1.03896 8.81512e-08 0)
(1.03896 1.03768e-07 0)
(1.03896 1.41241e-07 0)
(1.03896 1.66245e-07 0)
(1.03896 2.08271e-07 0)
(1.03896 1.95586e-07 0)
(1.03896 1.90937e-07 0)
(1.03896 1.69664e-07 0)
(1.03896 1.64513e-07 0)
(1.03896 1.30864e-07 0)
(1.03896 1.09085e-07 0)
(1.03896 7.10509e-08 0)
(1.03896 5.50196e-08 0)
(1.03896 3.71358e-08 0)
(1.03896 3.8357e-08 0)
(1.03896 3.37182e-08 0)
(1.03896 4.67736e-08 0)
(1.03896 4.54244e-08 0)
(1.03896 5.89004e-08 0)
(1.03896 6.57218e-08 0)
(1.03896 9.51939e-08 0)
(1.03897 1.32733e-07 0)
(1.03897 2.15869e-07 0)
(1.03897 3.36549e-07 0)
(1.03898 5.42303e-07 0)
(1.03898 8.53015e-07 0)
(1.03899 1.39658e-06 0)
(1.03901 2.22291e-06 0)
(1.03902 4.0979e-06 0)
(1.03908 7.08775e-06 0)
(1.03912 1.8299e-05 0)
(1.03944 4.43597e-05 0)
(1.03979 0.000150196 0)
(1.04244 0.000291761 0)
(0.968107 -0.00248163 0)
(1.04877 -0.00162262 0)
(1.0263 -0.000490376 0)
(1.0413 -1.2371e-05 0)
(1.03477 3.44858e-05 0)
(1.03748 -9.69632e-06 0)
(1.03642 -2.85586e-05 0)
(1.03724 -3.61295e-05 0)
(1.03727 -3.23508e-05 0)
(1.03762 -2.86173e-05 0)
(1.03778 -2.50586e-05 0)
(1.03798 -2.12192e-05 0)
(1.03813 -1.75699e-05 0)
(1.03827 -1.53477e-05 0)
(1.03838 -1.36867e-05 0)
(1.03848 -1.18935e-05 0)
(1.03856 -1.00411e-05 0)
(1.03863 -8.38023e-06 0)
(1.03869 -6.94095e-06 0)
(1.03874 -5.85143e-06 0)
(1.03879 -4.88001e-06 0)
(1.03882 -4.04312e-06 0)
(1.03885 -3.27736e-06 0)
(1.03888 -2.63905e-06 0)
(1.03889 -2.07809e-06 0)
(1.03891 -1.66017e-06 0)
(1.03892 -1.28531e-06 0)
(1.03893 -1.05181e-06 0)
(1.03894 -8.59245e-07 0)
(1.03894 -7.05339e-07 0)
(1.03895 -5.47197e-07 0)
(1.03895 -4.7782e-07 0)
(1.03895 -4.10199e-07 0)
(1.03896 -3.72711e-07 0)
(1.03896 -2.64269e-07 0)
(1.03896 -2.07027e-07 0)
(1.03896 -1.46215e-07 0)
(1.03896 -1.31293e-07 0)
(1.03896 -5.26263e-08 0)
(1.03896 -2.39574e-08 0)
(1.03896 1.72362e-08 0)
(1.03896 3.42138e-08 0)
(1.03896 7.71235e-08 0)
(1.03896 5.8884e-08 0)
(1.03896 6.68492e-08 0)
(1.03896 3.18908e-08 0)
(1.03896 3.2097e-08 0)
(1.03896 -4.13651e-09 0)
(1.03896 -4.1628e-08 0)
(1.03896 -7.709e-08 0)
(1.03896 -4.83187e-08 0)
(1.03896 -4.86817e-08 0)
(1.03896 -4.43447e-08 0)
(1.03896 -6.28237e-08 0)
(1.03896 -2.97346e-08 0)
(1.03896 -1.74807e-08 0)
(1.03896 2.87218e-09 0)
(1.03896 -2.27965e-08 0)
(1.03896 -1.04241e-08 0)
(1.03896 -1.55274e-08 0)
(1.03896 -1.39606e-08 0)
(1.03896 -4.87212e-08 0)
(1.03896 -3.3846e-08 0)
(1.03896 -3.33283e-08 0)
(1.03896 -3.05138e-09 0)
(1.03896 3.14285e-08 0)
(1.03896 9.23733e-08 0)
(1.03896 1.11777e-07 0)
(1.03896 1.43681e-07 0)
(1.03896 1.62058e-07 0)
(1.03896 2.02072e-07 0)
(1.03896 1.93391e-07 0)
(1.03896 1.87643e-07 0)
(1.03896 1.62183e-07 0)
(1.03896 1.55771e-07 0)
(1.03896 1.2559e-07 0)
(1.03896 1.04127e-07 0)
(1.03896 6.28623e-08 0)
(1.03896 3.85345e-08 0)
(1.03896 1.02088e-08 0)
(1.03896 -4.6935e-09 0)
(1.03896 -3.0048e-08 0)
(1.03896 -4.35915e-08 0)
(1.03896 -8.01361e-08 0)
(1.03896 -1.19094e-07 0)
(1.03896 -1.85241e-07 0)
(1.03896 -2.536e-07 0)
(1.03897 -3.5e-07 0)
(1.03897 -4.61966e-07 0)
(1.03897 -6.17312e-07 0)
(1.03898 -8.23935e-07 0)
(1.03898 -1.11568e-06 0)
(1.03899 -1.62698e-06 0)
(1.03901 -2.43923e-06 0)
(1.03902 -4.2723e-06 0)
(1.03908 -7.20685e-06 0)
(1.03912 -1.83648e-05 0)
(1.03944 -4.4407e-05 0)
(1.03979 -0.000150217 0)
(1.04244 -0.000291739 0)
(0.968201 -0.00746486 0)
(1.04893 -0.00485762 0)
(1.02634 -0.00146411 0)
(1.04133 -3.75135e-05 0)
(1.0348 0.000102161 0)
(1.03752 -2.95952e-05 0)
(1.03645 -8.63656e-05 0)
(1.03727 -0.000107971 0)
(1.0373 -9.71072e-05 0)
(1.03765 -8.62056e-05 0)
(1.03781 -7.40895e-05 0)
(1.038 -6.34275e-05 0)
(1.03815 -5.36427e-05 0)
(1.03828 -4.63507e-05 0)
(1.03839 -4.03295e-05 0)
(1.03849 -3.47816e-05 0)
(1.03857 -2.96018e-05 0)
(1.03864 -2.50249e-05 0)
(1.0387 -2.10105e-05 0)
(1.03875 -1.76544e-05 0)
(1.03879 -1.47106e-05 0)
(1.03883 -1.21487e-05 0)
(1.03885 -9.89881e-06 0)
(1.03888 -7.99951e-06 0)
(1.0389 -6.37761e-06 0)
(1.03891 -5.08145e-06 0)
(1.03892 -3.97859e-06 0)
(1.03893 -3.14505e-06 0)
(1.03894 -2.48094e-06 0)
(1.03894 -1.96875e-06 0)
(1.03895 -1.52676e-06 0)
(1.03895 -1.21637e-06 0)
(1.03895 -9.56411e-07 0)
(1.03896 -7.78779e-07 0)
(1.03896 -5.71076e-07 0)
(1.03896 -4.34037e-07 0)
(1.03896 -3.0943e-07 0)
(1.03896 -2.49744e-07 0)
(1.03896 -1.42367e-07 0)
(1.03896 -9.01482e-08 0)
(1.03896 -3.35285e-08 0)
(1.03896 -7.78593e-09 0)
(1.03896 4.64136e-08 0)
(1.03896 4.13976e-08 0)
(1.03896 5.32666e-08 0)
(1.03896 1.51245e-08 0)
(1.03896 1.34387e-08 0)
(1.03896 -1.12888e-08 0)
(1.03896 -4.04514e-08 0)
(1.03896 -8.0562e-08 0)
(1.03896 -5.46969e-08 0)
(1.03896 -4.52377e-08 0)
(1.03896 -3.17028e-08 0)
(1.03896 -5.37179e-08 0)
(1.03896 -3.1626e-08 0)
(1.03896 -2.08941e-08 0)
(1.03896 4.80508e-09 0)
(1.03896 -1.95875e-08 0)
(1.03896 -1.49378e-08 0)
(1.03896 -2.4818e-08 0)
(1.03896 -2.24369e-08 0)
(1.03896 -5.49727e-08 0)
(1.03896 -3.69591e-08 0)
(1.03896 -2.96311e-08 0)
(1.03896 1.00477e-09 0)
(1.03896 3.19784e-08 0)
(1.03896 9.38713e-08 0)
(1.03896 1.17451e-07 0)
(1.03896 1.46493e-07 0)
(1.03896 1.57371e-07 0)
(1.03896 1.93106e-07 0)
(1.03896 1.87406e-07 0)
(1.03896 1.83292e-07 0)
(1.03896 1.54666e-07 0)
(1.03896 1.46178e-07 0)
(1.03896 1.18384e-07 0)
(1.03896 9.83592e-08 0)
(1.03896 5.47353e-08 0)
(1.03896 2.28944e-08 0)
(1.03896 -1.58792e-08 0)
(1.03896 -4.63948e-08 0)
(1.03896 -9.31082e-08 0)
(1.03896 -1.33416e-07 0)
(1.03896 -2.04194e-07 0)
(1.03896 -2.93593e-07 0)
(1.03896 -4.32433e-07 0)
(1.03896 -5.98739e-07 0)
(1.03897 -8.27637e-07 0)
(1.03897 -1.13116e-06 0)
(1.03897 -1.55902e-06 0)
(1.03897 -2.174e-06 0)
(1.03898 -3.06079e-06 0)
(1.03899 -4.60872e-06 0)
(1.039 -7.02862e-06 0)
(1.03902 -1.25003e-05 0)
(1.03907 -2.12582e-05 0)
(1.03911 -5.44813e-05 0)
(1.03943 -0.000132074 0)
(1.03977 -0.000447412 0)
(1.04236 -0.000869495 0)
(0.968391 -0.0125099 0)
(1.04925 -0.00806252 0)
(1.02641 -0.00241697 0)
(1.04139 -6.34498e-05 0)
(1.03487 0.00016754 0)
(1.0376 -5.01952e-05 0)
(1.03653 -0.000143042 0)
(1.03734 -0.000178296 0)
(1.03736 -0.000160346 0)
(1.0377 -0.000142418 0)
(1.03785 -0.000121892 0)
(1.03804 -0.000104555 0)
(1.03818 -8.87694e-05 0)
(1.03831 -7.65165e-05 0)
(1.03841 -6.62259e-05 0)
(1.03851 -5.70148e-05 0)
(1.03859 -4.85896e-05 0)
(1.03865 -4.11709e-05 0)
(1.03871 -3.4653e-05 0)
(1.03876 -2.90923e-05 0)
(1.0388 -2.423e-05 0)
(1.03883 -1.99944e-05 0)
(1.03886 -1.63029e-05 0)
(1.03888 -1.31801e-05 0)
(1.0389 -1.05289e-05 0)
(1.03891 -8.38517e-06 0)
(1.03892 -6.57966e-06 0)
(1.03893 -5.16542e-06 0)
(1.03894 -4.03953e-06 0)
(1.03895 -3.17862e-06 0)
(1.03895 -2.46619e-06 0)
(1.03895 -1.92879e-06 0)
(1.03895 -1.48083e-06 0)
(1.03896 -1.16417e-06 0)
(1.03896 -8.59752e-07 0)
(1.03896 -6.5069e-07 0)
(1.03896 -4.66753e-07 0)
(1.03896 -3.64088e-07 0)
(1.03896 -2.27671e-07 0)
(1.03896 -1.52705e-07 0)
(1.03896 -7.99611e-08 0)
(1.03896 -4.72871e-08 0)
(1.03896 1.56536e-08 0)
(1.03896 2.24164e-08 0)
(1.03896 4.12617e-08 0)
(1.03896 1.13902e-09 0)
(1.03896 -4.40869e-09 0)
(1.03896 -2.09886e-08 0)
(1.03896 -3.82779e-08 0)
(1.03896 -7.96723e-08 0)
(1.03896 -5.85273e-08 0)
(1.03896 -4.40321e-08 0)
(1.03896 -2.04275e-08 0)
(1.03896 -4.24501e-08 0)
(1.03896 -3.03217e-08 0)
(1.03896 -2.53127e-08 0)
(1.03896 4.45985e-09 0)
(1.03896 -1.68592e-08 0)
(1.03896 -1.77049e-08 0)
(1.03896 -3.36913e-08 0)
(1.03896 -3.07871e-08 0)
(1.03896 -6.13658e-08 0)
(1.03896 -4.01779e-08 0)
(1.03896 -2.58749e-08 0)
(1.03896 7.01522e-09 0)
(1.03896 3.28685e-08 0)
(1.03896 9.30252e-08 0)
(1.03896 1.19797e-07 0)
(1.03896 1.48807e-07 0)
(1.03896 1.52702e-07 0)
(1.03896 1.82358e-07 0)
(1.03896 1.7748e-07 0)
(1.03896 1.76922e-07 0)
(1.03896 1.46928e-07 0)
(1.03896 1.36319e-07 0)
(1.03896 1.09609e-07 0)
(1.03896 9.15972e-08 0)
(1.03896 4.64392e-08 0)
(1.03896 8.0916e-09 0)
(1.03896 -4.08407e-08 0)
(1.03896 -8.57691e-08 0)
(1.03896 -1.53688e-07 0)
(1.03896 -2.20769e-07 0)
(1.03896 -3.24743e-07 0)
(1.03896 -4.61335e-07 0)
(1.03896 -6.70243e-07 0)
(1.03896 -9.32619e-07 0)
(1.03897 -1.2908e-06 0)
(1.03897 -1.77855e-06 0)
(1.03897 -2.46884e-06 0)
(1.03897 -3.47751e-06 0)
(1.03898 -4.93547e-06 0)
(1.03899 -7.46842e-06 0)
(1.039 -1.14053e-05 0)
(1.03902 -2.03093e-05 0)
(1.03907 -3.45877e-05 0)
(1.0391 -8.89673e-05 0)
(1.0394 -0.000216462 0)
(1.03973 -0.000734971 0)
(1.04221 -0.00143003 0)
(0.968684 -0.0176593 0)
(1.04974 -0.0112161 0)
(1.02651 -0.0033349 0)
(1.04148 -9.0719e-05 0)
(1.03498 0.000229194 0)
(1.03771 -7.18762e-05 0)
(1.03664 -0.000197797 0)
(1.03744 -0.000246071 0)
(1.03745 -0.000221044 0)
(1.03777 -0.000196332 0)
(1.03792 -0.000167648 0)
(1.0381 -0.000143881 0)
(1.03823 -0.000122316 0)
(1.03835 -0.00010529 0)
(1.03845 -9.08884e-05 0)
(1.03854 -7.81637e-05 0)
(1.03861 -6.66319e-05 0)
(1.03867 -5.64947e-05 0)
(1.03873 -4.75878e-05 0)
(1.03877 -3.9926e-05 0)
(1.03881 -3.32357e-05 0)
(1.03884 -2.741e-05 0)
(1.03887 -2.23494e-05 0)
(1.03889 -1.80657e-05 0)
(1.0389 -1.44373e-05 0)
(1.03892 -1.14933e-05 0)
(1.03893 -9.02592e-06 0)
(1.03894 -7.06456e-06 0)
(1.03894 -5.49863e-06 0)
(1.03895 -4.30569e-06 0)
(1.03895 -3.34014e-06 0)
(1.03895 -2.59486e-06 0)
(1.03896 -1.97034e-06 0)
(1.03896 -1.5206e-06 0)
(1.03896 -1.12313e-06 0)
(1.03896 -8.49886e-07 0)
(1.03896 -6.12913e-07 0)
(1.03896 -4.70867e-07 0)
(1.03896 -3.06333e-07 0)
(1.03896 -2.09938e-07 0)
(1.03896 -1.20886e-07 0)
(1.03896 -8.26672e-08 0)
(1.03896 -1.35278e-08 0)
(1.03896 2.30906e-09 0)
(1.03896 3.0167e-08 0)
(1.03896 -9.6381e-09 0)
(1.03896 -1.97551e-08 0)
(1.03896 -3.23635e-08 0)
(1.03896 -3.63104e-08 0)
(1.03896 -7.51232e-08 0)
(1.03896 -5.86639e-08 0)
(1.03896 -4.41033e-08 0)
(1.03896 -1.17922e-08 0)
(1.03896 -3.07725e-08 0)
(1.03896 -2.59406e-08 0)
(1.03896 -2.96047e-08 0)
(1.03896 1.86352e-09 0)
(1.03896 -1.56541e-08 0)
(1.03896 -1.923e-08 0)
(1.03896 -4.166e-08 0)
(1.03896 -3.84052e-08 0)
(1.03896 -6.72603e-08 0)
(1.03896 -4.32523e-08 0)
(1.03896 -2.26871e-08 0)
(1.03896 1.43455e-08 0)
(1.03896 3.46146e-08 0)
(1.03896 9.05003e-08 0)
(1.03896 1.18345e-07 0)
(1.03896 1.49497e-07 0)
(1.03896 1.48149e-07 0)
(1.03896 1.709e-07 0)
(1.03896 1.64116e-07 0)
(1.03896 1.67805e-07 0)
(1.03896 1.38553e-07 0)
(1.03896 1.26549e-07 0)
(1.03896 9.97746e-08 0)
(1.03896 8.38091e-08 0)
(1.03896 3.77776e-08 0)
(1.03896 -5.95859e-09 0)
(1.03896 -6.45096e-08 0)
(1.03896 -1.22143e-07 0)
(1.03896 -2.10062e-07 0)
(1.03896 -3.03421e-07 0)
(1.03896 -4.39542e-07 0)
(1.03896 -6.19352e-07 0)
(1.03896 -8.93384e-07 0)
(1.03896 -1.24751e-06 0)
(1.03897 -1.72978e-06 0)
(1.03897 -2.39115e-06 0)
(1.03897 -3.32773e-06 0)
(1.03897 -4.70504e-06 0)
(1.03898 -6.69428e-06 0)
(1.03899 -1.01294e-05 0)
(1.039 -1.54366e-05 0)
(1.03901 -2.74368e-05 0)
(1.03906 -4.67401e-05 0)
(1.03909 -0.000120778 0)
(1.03936 -0.000295451 0)
(1.03967 -0.00100655 0)
(1.04198 -0.00196192 0)
(0.969091 -0.0229581 0)
(1.0504 -0.0142954 0)
(1.02665 -0.00420357 0)
(1.04161 -0.000119865 0)
(1.03512 0.000285844 0)
(1.03787 -9.4889e-05 0)
(1.0368 -0.000249791 0)
(1.03757 -0.00031024 0)
(1.03757 -0.000278172 0)
(1.03787 -0.000247015 0)
(1.038 -0.000210538 0)
(1.03817 -0.000180684 0)
(1.03829 -0.000153655 0)
(1.0384 -0.000132124 0)
(1.0385 -0.000113838 0)
(1.03858 -9.78073e-05 0)
(1.03864 -8.3364e-05 0)
(1.0387 -7.06818e-05 0)
(1.03875 -5.95433e-05 0)
(1.03879 -4.99234e-05 0)
(1.03883 -4.15314e-05 0)
(1.03885 -3.42309e-05 0)
(1.03888 -2.79028e-05 0)
(1.03889 -2.25463e-05 0)
(1.03891 -1.8013e-05 0)
(1.03892 -1.43315e-05 0)
(1.03893 -1.12574e-05 0)
(1.03894 -8.796e-06 0)
(1.03894 -6.82404e-06 0)
(1.03895 -5.32367e-06 0)
(1.03895 -4.1263e-06 0)
(1.03895 -3.19562e-06 0)
(1.03896 -2.41193e-06 0)
(1.03896 -1.84046e-06 0)
(1.03896 -1.35592e-06 0)
(1.03896 -1.02587e-06 0)
(1.03896 -7.43045e-07 0)
(1.03896 -5.66568e-07 0)
(1.03896 -3.76375e-07 0)
(1.03896 -2.60602e-07 0)
(1.03896 -1.55737e-07 0)
(1.03896 -1.12811e-07 0)
(1.03896 -3.95868e-08 0)
(1.03896 -1.80334e-08 0)
(1.03896 1.93016e-08 0)
(1.03896 -1.74411e-08 0)
(1.03896 -3.13701e-08 0)
(1.03896 -4.39546e-08 0)
(1.03896 -3.52972e-08 0)
(1.03896 -6.81516e-08 0)
(1.03896 -5.46966e-08 0)
(1.03896 -4.40632e-08 0)
(1.03896 -6.24104e-09 0)
(1.03896 -2.03899e-08 0)
(1.03896 -1.91958e-08 0)
(1.03896 -3.27409e-08 0)
(1.03896 -2.39059e-09 0)
(1.03896 -1.65101e-08 0)
(1.03896 -2.01471e-08 0)
(1.03896 -4.84015e-08 0)
(1.03896 -4.48024e-08 0)
(1.03896 -7.197e-08 0)
(1.03896 -4.57547e-08 0)
(1.03896 -2.04574e-08 0)
(1.03896 2.20156e-08 0)
(1.03896 3.73348e-08 0)
(1.03896 8.70841e-08 0)
(1.03896 1.13311e-07 0)
(1.03896 1.4758e-07 0)
(1.03896 1.43461e-07 0)
(1.03896 1.59719e-07 0)
(1.03896 1.48462e-07 0)
(1.03896 1.55769e-07 0)
(1.03896 1.2916e-07 0)
(1.03896 1.17053e-07 0)
(1.03896 8.95418e-08 0)
(1.03896 7.52492e-08 0)
(1.03896 2.87589e-08 0)
(1.03896 -1.92207e-08 0)
(1.03896 -8.66227e-08 0)
(1.03896 -1.55017e-07 0)
(1.03896 -2.60665e-07 0)
(1.03896 -3.78916e-07 0)
(1.03896 -5.45943e-07 0)
(1.03896 -7.64771e-07 0)
(1.03896 -1.09704e-06 0)
(1.03896 -1.5359e-06 0)
(1.03896 -2.13472e-06 0)
(1.03897 -2.95621e-06 0)
(1.03897 -4.11758e-06 0)
(1.03897 -5.82882e-06 0)
(1.03898 -8.29449e-06 0)
(1.03898 -1.25207e-05 0)
(1.03899 -1.90015e-05 0)
(1.03901 -3.36441e-05 0)
(1.03904 -5.72979e-05 0)
(1.03907 -0.000148935 0)
(1.03931 -0.000367021 0)
(1.03959 -0.0012559 0)
(1.04168 -0.00245378 0)
(0.969628 -0.0284545 0)
(1.05124 -0.0172748 0)
(1.02684 -0.00500831 0)
(1.04176 -0.000151419 0)
(1.0353 0.00033642 0)
(1.03806 -0.000119306 0)
(1.03699 -0.000298127 0)
(1.03774 -0.000369708 0)
(1.03771 -0.000330681 0)
(1.038 -0.000293532 0)
(1.03811 -0.000249747 0)
(1.03827 -0.000214253 0)
(1.03837 -0.000182165 0)
(1.03847 -0.000156477 0)
(1.03855 -0.000134607 0)
(1.03862 -0.000115537 0)
(1.03868 -9.84325e-05 0)
(1.03874 -8.34296e-05 0)
(1.03878 -7.026e-05 0)
(1.03881 -5.88629e-05 0)
(1.03884 -4.89305e-05 0)
(1.03887 -4.03006e-05 0)
(1.03889 -3.28347e-05 0)
(1.0389 -2.65182e-05 0)
(1.03892 -2.11728e-05 0)
(1.03893 -1.68312e-05 0)
(1.03894 -1.32187e-05 0)
(1.03894 -1.03166e-05 0)
(1.03895 -7.98445e-06 0)
(1.03895 -6.20945e-06 0)
(1.03895 -4.806e-06 0)
(1.03896 -3.71465e-06 0)
(1.03896 -2.79361e-06 0)
(1.03896 -2.11675e-06 0)
(1.03896 -1.55452e-06 0)
(1.03896 -1.17467e-06 0)
(1.03896 -8.53295e-07 0)
(1.03896 -6.4813e-07 0)
(1.03896 -4.36263e-07 0)
(1.03896 -3.04081e-07 0)
(1.03896 -1.84685e-07 0)
(1.03896 -1.37381e-07 0)
(1.03896 -6.15333e-08 0)
(1.03896 -3.75658e-08 0)
(1.03896 8.06028e-09 0)
(1.03896 -2.31819e-08 0)
(1.03896 -3.88899e-08 0)
(1.03896 -5.42491e-08 0)
(1.03896 -3.55293e-08 0)
(1.03896 -6.03752e-08 0)
(1.03896 -4.71259e-08 0)
(1.03896 -4.26452e-08 0)
(1.03896 -3.53247e-09 0)
(1.03896 -1.26978e-08 0)
(1.03896 -1.14654e-08 0)
(1.03896 -3.41778e-08 0)
(1.03896 -7.42937e-09 0)
(1.03896 -1.94225e-08 0)
(1.03896 -2.11451e-08 0)
(1.03896 -5.38975e-08 0)
(1.03896 -4.98125e-08 0)
(1.03896 -7.50629e-08 0)
(1.03896 -4.73577e-08 0)
(1.03896 -1.93322e-08 0)
(1.03896 2.87842e-08 0)
(1.03896 4.05522e-08 0)
(1.03896 8.33241e-08 0)
(1.03896 1.0536e-07 0)
(1.03896 1.42355e-07 0)
(1.03896 1.37992e-07 0)
(1.03896 1.49341e-07 0)
(1.03896 1.31875e-07 0)
(1.03896 1.4112e-07 0)
(1.03896 1.1839e-07 0)
(1.03896 1.07684e-07 0)
(1.03896 7.93704e-08 0)
(1.03896 6.62232e-08 0)
(1.03896 1.95462e-08 0)
(1.03896 -3.1585e-08 0)
(1.03896 -1.06866e-07 0)
(1.03896 -1.8409e-07 0)
(1.03896 -3.04366e-07 0)
(1.03896 -4.44966e-07 0)
(1.03896 -6.41101e-07 0)
(1.03896 -8.94827e-07 0)
(1.03896 -1.27717e-06 0)
(1.03896 -1.7911e-06 0)
(1.03896 -2.49612e-06 0)
(1.03897 -3.46159e-06 0)
(1.03897 -4.82169e-06 0)
(1.03897 -6.82364e-06 0)
(1.03897 -9.69754e-06 0)
(1.03898 -1.45794e-05 0)
(1.03899 -2.19953e-05 0)
(1.039 -3.87253e-05 0)
(1.03903 -6.58971e-05 0)
(1.03905 -0.000172553 0)
(1.03925 -0.000429287 0)
(1.03949 -0.00147697 0)
(1.04131 -0.00289437 0)
(0.970316 -0.0342014 0)
(1.05228 -0.0201252 0)
(1.02706 -0.00573393 0)
(1.04196 -0.000185855 0)
(1.03552 0.000380108 0)
(1.03829 -0.000144977 0)
(1.03721 -0.000341834 0)
(1.03793 -0.000423337 0)
(1.03789 -0.000377511 0)
(1.03815 -0.000334939 0)
(1.03824 -0.000284458 0)
(1.03838 -0.000243883 0)
(1.03847 -0.000207238 0)
(1.03855 -0.000177824 0)
(1.03862 -0.000152743 0)
(1.03868 -0.000130963 0)
(1.03873 -0.0001115 0)
(1.03877 -9.44501e-05 0)
(1.03881 -7.94939e-05 0)
(1.03884 -6.65373e-05 0)
(1.03887 -5.52592e-05 0)
(1.03889 -4.54748e-05 0)
(1.0389 -3.70267e-05 0)
(1.03892 -2.98862e-05 0)
(1.03893 -2.38416e-05 0)
(1.03893 -1.89319e-05 0)
(1.03894 -1.48611e-05 0)
(1.03895 -1.15883e-05 0)
(1.03895 -8.9526e-06 0)
(1.03895 -6.94378e-06 0)
(1.03895 -5.3648e-06 0)
(1.03896 -4.1395e-06 0)
(1.03896 -3.10576e-06 0)
(1.03896 -2.34371e-06 0)
(1.03896 -1.71701e-06 0)
(1.03896 -1.29465e-06 0)
(1.03896 -9.41714e-07 0)
(1.03896 -7.13924e-07 0)
(1.03896 -4.85674e-07 0)
(1.03896 -3.41071e-07 0)
(1.03896 -2.09292e-07 0)
(1.03896 -1.57576e-07 0)
(1.03896 -7.98552e-08 0)
(1.03896 -5.61613e-08 0)
(1.03896 -4.68149e-09 0)
(1.03896 -2.89362e-08 0)
(1.03896 -4.36465e-08 0)
(1.03896 -6.29355e-08 0)
(1.03896 -3.76737e-08 0)
(1.03896 -5.41255e-08 0)
(1.03896 -3.78594e-08 0)
(1.03896 -3.99869e-08 0)
(1.03896 -3.78139e-09 0)
(1.03896 -9.40953e-09 0)
(1.03896 -5.3108e-09 0)
(1.03896 -3.47856e-08 0)
(1.03896 -1.30208e-08 0)
(1.03896 -2.4991e-08 0)
(1.03896 -2.36612e-08 0)
(1.03896 -5.92506e-08 0)
(1.03896 -5.44754e-08 0)
(1.03896 -7.73813e-08 0)
(1.03896 -4.89003e-08 0)
(1.03896 -2.01114e-08 0)
(1.03896 3.26941e-08 0)
(1.03896 4.25481e-08 0)
(1.03896 7.85559e-08 0)
(1.03896 9.45107e-08 0)
(1.03896 1.32718e-07 0)
(1.03896 1.30039e-07 0)
(1.03896 1.38847e-07 0)
(1.03896 1.14714e-07 0)
(1.03896 1.23723e-07 0)
(1.03896 1.05235e-07 0)
(1.03896 9.73288e-08 0)
(1.03896 6.87153e-08 0)
(1.03896 5.61296e-08 0)
(1.03896 9.66332e-09 0)
(1.03896 -4.3798e-08 0)
(1.03896 -1.25705e-07 0)
(1.03896 -2.0996e-07 0)
(1.03896 -3.41263e-07 0)
(1.03896 -5.00437e-07 0)
(1.03896 -7.22893e-07 0)
(1.03896 -1.00745e-06 0)
(1.03896 -1.43113e-06 0)
(1.03896 -2.00821e-06 0)
(1.03896 -2.806e-06 0)
(1.03896 -3.89675e-06 0)
(1.03897 -5.4257e-06 0)
(1.03897 -7.66816e-06 0)
(1.03897 -1.08709e-05 0)
(1.03898 -1.62535e-05 0)
(1.03898 -2.43339e-05 0)
(1.03899 -4.25165e-05 0)
(1.03901 -7.22419e-05 0)
(1.03902 -0.000190864 0)
(1.03918 -0.000480549 0)
(1.03938 -0.00166392 0)
(1.04087 -0.00327258 0)
(0.971183 -0.0402574 0)
(1.05353 -0.0228125 0)
(1.02733 -0.00636458 0)
(1.04218 -0.000223518 0)
(1.03579 0.000416388 0)
(1.03856 -0.000171482 0)
(1.03748 -0.000379865 0)
(1.03816 -0.000469938 0)
(1.03809 -0.000417582 0)
(1.03832 -0.000370282 0)
(1.03839 -0.000313861 0)
(1.0385 -0.000268878 0)
(1.03857 -0.000228282 0)
(1.03864 -0.000195655 0)
(1.0387 -0.00016781 0)
(1.03874 -0.000143711 0)
(1.03878 -0.000122246 0)
(1.03882 -0.000103472 0)
(1.03885 -8.70177e-05 0)
(1.03887 -7.27554e-05 0)
(1.03889 -6.03582e-05 0)
(1.0389 -4.96222e-05 0)
(1.03892 -4.03713e-05 0)
(1.03893 -3.25643e-05 0)
(1.03893 -2.59528e-05 0)
(1.03894 -2.05811e-05 0)
(1.03895 -1.61427e-05 0)
(1.03895 -1.25785e-05 0)
(1.03895 -9.70476e-06 0)
(1.03895 -7.5102e-06 0)
(1.03896 -5.79115e-06 0)
(1.03896 -4.46095e-06 0)
(1.03896 -3.341e-06 0)
(1.03896 -2.51628e-06 0)
(1.03896 -1.84199e-06 0)
(1.03896 -1.38586e-06 0)
(1.03896 -1.00805e-06 0)
(1.03896 -7.63668e-07 0)
(1.03896 -5.2523e-07 0)
(1.03896 -3.73191e-07 0)
(1.03896 -2.32008e-07 0)
(1.03896 -1.76087e-07 0)
(1.03896 -9.68933e-08 0)
(1.03896 -7.52049e-08 0)
(1.03896 -2.0867e-08 0)
(1.03896 -3.79378e-08 0)
(1.03896 -4.87994e-08 0)
(1.03896 -7.15228e-08 0)
(1.03896 -4.32342e-08 0)
(1.03896 -5.23165e-08 0)
(1.03896 -3.07489e-08 0)
(1.03896 -3.82273e-08 0)
(1.03896 -8.04037e-09 0)
(1.03896 -1.26789e-08 0)
(1.03896 -4.21868e-09 0)
(1.03896 -3.69788e-08 0)
(1.03896 -2.04066e-08 0)
(1.03896 -3.45358e-08 0)
(1.03896 -2.99889e-08 0)
(1.03896 -6.67835e-08 0)
(1.03896 -6.11294e-08 0)
(1.03896 -8.11878e-08 0)
(1.03896 -5.24281e-08 0)
(1.03896 -2.47256e-08 0)
(1.03896 3.08473e-08 0)
(1.03896 4.01919e-08 0)
(1.03896 7.05694e-08 0)
(1.03896 7.95648e-08 0)
(1.03896 1.16862e-07 0)
(1.03896 1.16732e-07 0)
(1.03896 1.25555e-07 0)
(1.03896 9.56593e-08 0)
(1.03896 1.02416e-07 0)
(1.03896 8.76171e-08 0)
(1.03896 8.34183e-08 0)
(1.03896 5.53951e-08 0)
(1.03896 4.31056e-08 0)
(1.03896 -2.68127e-09 0)
(1.03896 -5.77153e-08 0)
(1.03896 -1.44766e-07 0)
(1.03896 -2.34445e-07 0)
(1.03896 -3.73054e-07 0)
(1.03896 -5.45784e-07 0)
(1.03896 -7.90235e-07 0)
(1.03896 -1.10115e-06 0)
(1.03896 -1.55717e-06 0)
(1.03896 -2.18368e-06 0)
(1.03896 -3.05755e-06 0)
(1.03896 -4.25209e-06 0)
(1.03896 -5.91682e-06 0)
(1.03897 -8.34415e-06 0)
(1.03897 -1.17879e-05 0)
(1.03897 -1.75024e-05 0)
(1.03898 -2.5956e-05 0)
(1.03898 -4.49022e-05 0)
(1.03899 -7.61174e-05 0)
(1.03899 -0.000203253 0)
(1.0391 -0.000519324 0)
(1.03926 -0.00181125 0)
(1.04037 -0.00357752 0)
(0.972268 -0.0466893 0)
(1.055 -0.0252964 0)
(1.02765 -0.00688356 0)
(1.04244 -0.000264503 0)
(1.03609 0.000445063 0)
(1.03886 -0.000198096 0)
(1.03777 -0.000411079 0)
(1.03841 -0.00050826 0)
(1.03831 -0.000449786 0)
(1.03851 -0.000398597 0)
(1.03855 -0.000337144 0)
(1.03864 -0.000288551 0)
(1.03869 -0.000244715 0)
(1.03874 -0.000209478 0)
(1.03878 -0.000179389 0)
(1.03881 -0.000153425 0)
(1.03884 -0.000130369 0)
(1.03887 -0.000110239 0)
(1.03888 -9.26165e-05 0)
(1.0389 -7.73386e-05 0)
(1.03891 -6.40787e-05 0)
(1.03892 -5.262e-05 0)
(1.03893 -4.27676e-05 0)
(1.03894 -3.44697e-05 0)
(1.03894 -2.7441e-05 0)
(1.03895 -2.17276e-05 0)
(1.03895 -1.7022e-05 0)
(1.03895 -1.32528e-05 0)
(1.03895 -1.02138e-05 0)
(1.03896 -7.88798e-06 0)
(1.03896 -6.06914e-06 0)
(1.03896 -4.66633e-06 0)
(1.03896 -3.48842e-06 0)
(1.03896 -2.62493e-06 0)
(1.03896 -1.92269e-06 0)
(1.03896 -1.44412e-06 0)
(1.03896 -1.04911e-06 0)
(1.03896 -7.94297e-07 0)
(1.03896 -5.52052e-07 0)
(1.03896 -3.98166e-07 0)
(1.03896 -2.5127e-07 0)
(1.03896 -1.91497e-07 0)
(1.03896 -1.10943e-07 0)
(1.03896 -9.21304e-08 0)
(1.03896 -3.7648e-08 0)
(1.03896 -4.86143e-08 0)
(1.03896 -5.33415e-08 0)
(1.03896 -7.78004e-08 0)
(1.03896 -4.9036e-08 0)
(1.03896 -5.29714e-08 0)
(1.03896 -2.59909e-08 0)
(1.03896 -3.5831e-08 0)
(1.03896 -1.30868e-08 0)
(1.03896 -1.95837e-08 0)
(1.03896 -6.70105e-09 0)
(1.03896 -3.9197e-08 0)
(1.03896 -2.72063e-08 0)
(1.03896 -4.48208e-08 0)
(1.03896 -3.76961e-08 0)
(1.03896 -7.44661e-08 0)
(1.03896 -6.78182e-08 0)
(1.03896 -8.46133e-08 0)
(1.03896 -5.5718e-08 0)
(1.03896 -3.0916e-08 0)
(1.03896 2.53434e-08 0)
(1.03896 3.49387e-08 0)
(1.03896 6.12444e-08 0)
(1.03896 6.33887e-08 0)
(1.03896 9.76413e-08 0)
(1.03896 9.97456e-08 0)
(1.03896 1.10734e-07 0)
(1.03896 7.71314e-08 0)
(1.03896 8.04427e-08 0)
(1.03896 6.81992e-08 0)
(1.03896 6.80548e-08 0)
(1.03896 4.14105e-08 0)
(1.03896 2.9688e-08 0)
(1.03896 -1.55206e-08 0)
(1.03896 -7.09333e-08 0)
(1.03896 -1.61469e-07 0)
(1.03896 -2.55039e-07 0)
(1.03896 -3.97431e-07 0)
(1.03896 -5.78108e-07 0)
(1.03896 -8.38815e-07 0)
(1.03896 -1.17079e-06 0)
(1.03896 -1.64946e-06 0)
(1.03896 -2.30983e-06 0)
(1.03896 -3.23935e-06 0)
(1.03896 -4.51262e-06 0)
(1.03896 -6.27683e-06 0)
(1.03896 -8.82924e-06 0)
(1.03896 -1.24204e-05 0)
(1.03896 -1.82901e-05 0)
(1.03897 -2.68178e-05 0)
(1.03897 -4.58142e-05 0)
(1.03897 -7.73949e-05 0)
(1.03896 -0.000209273 0)
(1.03901 -0.000544382 0)
(1.03912 -0.00191382 0)
(1.03982 -0.00379857 0)
(0.973622 -0.0535733 0)
(1.05673 -0.0275284 0)
(1.02803 -0.00727304 0)
(1.04273 -0.000308518 0)
(1.03644 0.000466237 0)
(1.03919 -0.000223771 0)
(1.0381 -0.000434267 0)
(1.03869 -0.000536995 0)
(1.03855 -0.000473008 0)
(1.03871 -0.000418914 0)
(1.03872 -0.000353508 0)
(1.03878 -0.00030223 0)
(1.03881 -0.000255979 0)
(1.03884 -0.000218821 0)
(1.03886 -0.000187084 0)
(1.03888 -0.000159776 0)
(1.0389 -0.000135589 0)
(1.03891 -0.000114516 0)
(1.03892 -9.60965e-05 0)
(1.03893 -8.01284e-05 0)
(1.03894 -6.62911e-05 0)
(1.03894 -5.43621e-05 0)
(1.03894 -4.41286e-05 0)
(1.03895 -3.5531e-05 0)
(1.03895 -2.82491e-05 0)
(1.03895 -2.23267e-05 0)
(1.03895 -1.74633e-05 0)
(1.03895 -1.35813e-05 0)
(1.03895 -1.04549e-05 0)
(1.03895 -8.05768e-06 0)
(1.03895 -6.18378e-06 0)
(1.03895 -4.74432e-06 0)
(1.03895 -3.53887e-06 0)
(1.03895 -2.6613e-06 0)
(1.03895 -1.95234e-06 0)
(1.03895 -1.46508e-06 0)
(1.03895 -1.06022e-06 0)
(1.03895 -7.99887e-07 0)
(1.03895 -5.58608e-07 0)
(1.03895 -4.07086e-07 0)
(1.03895 -2.57019e-07 0)
(1.03895 -1.93644e-07 0)
(1.03895 -1.11766e-07 0)
(1.03895 -9.60499e-08 0)
(1.03895 -4.34546e-08 0)
(1.03895 -5.01919e-08 0)
(1.03895 -4.75534e-08 0)
(1.03895 -7.14588e-08 0)
(1.03895 -4.341e-08 0)
(1.03895 -4.5303e-08 0)
(1.03895 -1.3257e-08 0)
(1.03895 -2.29533e-08 0)
(1.03895 -7.12982e-09 0)
(1.03895 -1.78683e-08 0)
(1.03895 -1.41555e-09 0)
(1.03895 -3.09011e-08 0)
(1.03895 -2.22292e-08 0)
(1.03895 -4.34517e-08 0)
(1.03895 -3.52244e-08 0)
(1.03895 -7.12783e-08 0)
(1.03895 -6.37194e-08 0)
(1.03895 -7.69175e-08 0)
(1.03895 -4.74553e-08 0)
(1.03895 -2.73408e-08 0)
(1.03895 2.75562e-08 0)
(1.03895 3.71506e-08 0)
(1.03895 6.09975e-08 0)
(1.03895 5.70685e-08 0)
(1.03895 8.66386e-08 0)
(1.03895 8.97111e-08 0)
(1.03895 1.04155e-07 0)
(1.03895 6.95302e-08 0)
(1.03895 6.93386e-08 0)
(1.03895 5.82377e-08 0)
(1.03895 6.19804e-08 0)
(1.03895 3.74504e-08 0)
(1.03895 2.75168e-08 0)
(1.03895 -1.75697e-08 0)
(1.03895 -7.24414e-08 0)
(1.03895 -1.64845e-07 0)
(1.03895 -2.61055e-07 0)
(1.03895 -4.06209e-07 0)
(1.03895 -5.91008e-07 0)
(1.03895 -8.62481e-07 0)
(1.03895 -1.2099e-06 0)
(1.03895 -1.70171e-06 0)
(1.03895 -2.37967e-06 0)
(1.03895 -3.34073e-06 0)
(1.03895 -4.66334e-06 0)
(1.03895 -6.48735e-06 0)
(1.03895 -9.10207e-06 0)
(1.03895 -1.27444e-05 0)
(1.03895 -1.85918e-05 0)
(1.03895 -2.68999e-05 0)
(1.03895 -4.52417e-05 0)
(1.03894 -7.60488e-05 0)
(1.03893 -0.000208685 0)
(1.03892 -0.000554802 0)
(1.03898 -0.00196707 0)
(1.03921 -0.00392554 0)
(0.975311 -0.0609988 0)
(1.05872 -0.0294493 0)
(1.02846 -0.00751389 0)
(1.04305 -0.00035478 0)
(1.03683 0.00048015 0)
(1.03955 -0.000247232 0)
(1.03845 -0.000448259 0)
(1.03898 -0.000554886 0)
(1.03881 -0.000486224 0)
(1.03892 -0.000430369 0)
(1.0389 -0.000362274 0)
(1.03893 -0.000309373 0)
(1.03893 -0.000261649 0)
(1.03894 -0.000223348 0)
(1.03894 -0.000190632 0)
(1.03895 -0.000162562 0)
(1.03895 -0.000137763 0)
(1.03895 -0.000116202 0)
(1.03895 -9.73932e-05 0)
(1.03895 -8.1095e-05 0)
(1.03895 -6.69931e-05 0)
(1.03895 -5.48684e-05 0)
(1.03894 -4.44924e-05 0)
(1.03894 -3.58002e-05 0)
(1.03894 -2.84418e-05 0)
(1.03894 -2.24544e-05 0)
(1.03894 -1.75488e-05 0)
(1.03894 -1.3649e-05 0)
(1.03894 -1.05149e-05 0)
(1.03894 -8.10788e-06 0)
(1.03894 -6.22459e-06 0)
(1.03894 -4.78438e-06 0)
(1.03894 -3.57976e-06 0)
(1.03894 -2.70812e-06 0)
(1.03894 -2.00633e-06 0)
(1.03894 -1.51827e-06 0)
(1.03894 -1.10951e-06 0)
(1.03893 -8.46085e-07 0)
(1.03893 -6.07584e-07 0)
(1.03893 -4.59803e-07 0)
(1.03893 -3.06602e-07 0)
(1.03893 -2.37542e-07 0)
(1.03893 -1.55348e-07 0)
(1.03893 -1.42863e-07 0)
(1.03893 -9.37549e-08 0)
(1.03893 -9.86936e-08 0)
(1.03893 -8.8875e-08 0)
(1.03893 -1.10926e-07 0)
(1.03893 -8.46476e-08 0)
(1.03893 -8.86399e-08 0)
(1.03893 -5.28576e-08 0)
(1.03893 -5.93001e-08 0)
(1.03893 -4.82806e-08 0)
(1.03893 -6.50273e-08 0)
(1.03893 -4.73067e-08 0)
(1.03893 -7.28942e-08 0)
(1.03893 -6.54973e-08 0)
(1.03893 -9.00403e-08 0)
(1.03893 -8.07023e-08 0)
(1.03893 -1.15025e-07 0)
(1.03893 -1.06422e-07 0)
(1.03893 -1.16557e-07 0)
(1.03893 -8.75987e-08 0)
(1.03893 -7.31916e-08 0)
(1.03893 -2.089e-08 0)
(1.03893 -1.07242e-08 0)
(1.03893 1.26503e-08 0)
(1.03893 4.26407e-09 0)
(1.03893 2.85242e-08 0)
(1.03893 3.09509e-08 0)
(1.03893 4.89533e-08 0)
(1.03893 1.55834e-08 0)
(1.03893 1.24319e-08 0)
(1.03893 9.04475e-10 0)
(1.03893 7.18825e-09 0)
(1.03893 -1.53272e-08 0)
(1.03893 -2.38917e-08 0)
(1.03893 -6.80758e-08 0)
(1.03893 -1.19337e-07 0)
(1.03893 -2.10623e-07 0)
(1.03893 -3.07471e-07 0)
(1.03893 -4.58589e-07 0)
(1.03893 -6.48289e-07 0)
(1.03893 -9.26975e-07 0)
(1.03893 -1.28531e-06 0)
(1.03893 -1.78952e-06 0)
(1.03893 -2.47534e-06 0)
(1.03893 -3.44662e-06 0)
(1.03893 -4.7897e-06 0)
(1.03893 -6.63423e-06 0)
(1.03893 -9.24979e-06 0)
(1.03893 -1.28494e-05 0)
(1.03893 -1.85052e-05 0)
(1.03893 -2.63206e-05 0)
(1.03892 -4.33467e-05 0)
(1.03891 -7.22748e-05 0)
(1.03889 -0.000201592 0)
(1.03882 -0.000550112 0)
(1.03882 -0.00196726 0)
(1.03856 -0.00394888 0)
(0.977413 -0.0690731 0)
(1.06099 -0.0309864 0)
(1.02893 -0.00758527 0)
(1.04335 -0.000401849 0)
(1.03723 0.000486936 0)
(1.03991 -0.000267125 0)
(1.0388 -0.000452087 0)
(1.03927 -0.000560842 0)
(1.03904 -0.00048864 0)
(1.03911 -0.000432345 0)
(1.03905 -0.000363035 0)
(1.03905 -0.000309721 0)
(1.03902 -0.0002616 0)
(1.03901 -0.000223041 0)
(1.03899 -0.000190103 0)
(1.03898 -0.000161919 0)
(1.03897 -0.000137079 0)
(1.03895 -0.000115532 0)
(1.03894 -9.67777e-05 0)
(1.03893 -8.05432e-05 0)
(1.03892 -6.65187e-05 0)
(1.03892 -5.44966e-05 0)
(1.03891 -4.42364e-05 0)
(1.0389 -3.56712e-05 0)
(1.0389 -2.84295e-05 0)
(1.0389 -2.25321e-05 0)
(1.03889 -1.77033e-05 0)
(1.03889 -1.38781e-05 0)
(1.03889 -1.08109e-05 0)
(1.03889 -8.44976e-06 0)
(1.03889 -6.59523e-06 0)
(1.03889 -5.17949e-06 0)
(1.03888 -3.98943e-06 0)
(1.03888 -3.12503e-06 0)
(1.03888 -2.43134e-06 0)
(1.03888 -1.93771e-06 0)
(1.03888 -1.53016e-06 0)
(1.03888 -1.27345e-06 0)
(1.03888 -1.04647e-06 0)
(1.03888 -9.11427e-07 0)
(1.03888 -7.64057e-07 0)
(1.03888 -6.9569e-07 0)
(1.03888 -6.15113e-07 0)
(1.03888 -6.05722e-07 0)
(1.03888 -5.60945e-07 0)
(1.03888 -5.66264e-07 0)
(1.03888 -5.50698e-07 0)
(1.03888 -5.70173e-07 0)
(1.03888 -5.45807e-07 0)
(1.03888 -5.53691e-07 0)
(1.03888 -5.1723e-07 0)
(1.03888 -5.1884e-07 0)
(1.03888 -5.0969e-07 0)
(1.03888 -5.32749e-07 0)
(1.03888 -5.161e-07 0)
(1.03888 -5.37706e-07 0)
(1.03888 -5.29576e-07 0)
(1.03888 -5.56821e-07 0)
(1.03888 -5.46397e-07 0)
(1.03888 -5.78445e-07 0)
(1.03888 -5.68877e-07 0)
(1.03888 -5.76714e-07 0)
(1.03888 -5.4908e-07 0)
(1.03888 -5.39984e-07 0)
(1.03888 -4.91795e-07 0)
(1.03888 -4.81301e-07 0)
(1.03888 -4.57194e-07 0)
(1.03888 -4.68292e-07 0)
(1.03888 -4.4913e-07 0)
(1.03888 -4.48799e-07 0)
(1.03888 -4.28137e-07 0)
(1.03888 -4.58433e-07 0)
(1.03888 -4.63204e-07 0)
(1.03888 -4.76055e-07 0)
(1.03888 -4.68791e-07 0)
(1.03888 -4.89601e-07 0)
(1.03888 -4.97132e-07 0)
(1.03888 -5.38888e-07 0)
(1.03888 -5.84631e-07 0)
(1.03888 -6.71795e-07 0)
(1.03888 -7.6625e-07 0)
(1.03888 -9.13462e-07 0)
(1.03888 -1.09609e-06 0)
(1.03888 -1.36853e-06 0)
(1.03888 -1.72563e-06 0)
(1.03888 -2.25469e-06 0)
(1.03888 -2.95392e-06 0)
(1.03888 -3.93354e-06 0)
(1.03888 -5.28273e-06 0)
(1.03888 -7.11943e-06 0)
(1.03888 -9.68473e-06 0)
(1.03888 -1.31587e-05 0)
(1.03887 -1.8474e-05 0)
(1.03887 -2.55615e-05 0)
(1.03886 -4.06869e-05 0)
(1.03884 -6.67107e-05 0)
(1.03881 -0.000188664 0)
(1.03869 -0.000530474 0)
(1.03863 -0.0019118 0)
(1.03784 -0.00385999 0)
(0.980006 -0.077917 0)
(1.06352 -0.0320457 0)
(1.02938 -0.00746322 0)
(1.04358 -0.000446635 0)
(1.03758 0.00048698 0)
(1.0402 -0.000281527 0)
(1.03908 -0.00044448 0)
(1.03947 -0.000553386 0)
(1.0392 -0.000479154 0)
(1.03921 -0.00042394 0)
(1.03911 -0.000355155 0)
(1.03907 -0.000302828 0)
(1.03902 -0.000255562 0)
(1.03898 -0.000217776 0)
(1.03894 -0.000185498 0)
(1.03891 -0.000157916 0)
(1.03888 -0.000133661 0)
(1.03885 -0.000112673 0)
(1.03883 -9.44488e-05 0)
(1.03881 -7.87004e-05 0)
(1.0388 -6.51198e-05 0)
(1.03878 -5.3516e-05 0)
(1.03877 -4.36435e-05 0)
(1.03876 -3.54374e-05 0)
(1.03875 -2.85151e-05 0)
(1.03875 -2.28693e-05 0)
(1.03874 -1.82396e-05 0)
(1.03874 -1.45813e-05 0)
(1.03873 -1.16541e-05 0)
(1.03873 -9.39338e-06 0)
(1.03873 -7.60481e-06 0)
(1.03873 -6.23667e-06 0)
(1.03873 -5.07271e-06 0)
(1.03873 -4.21324e-06 0)
(1.03873 -3.54753e-06 0)
(1.03873 -3.09007e-06 0)
(1.03872 -2.70825e-06 0)
(1.03872 -2.46872e-06 0)
(1.03872 -2.26066e-06 0)
(1.03872 -2.14562e-06 0)
(1.03872 -2.01264e-06 0)
(1.03872 -1.95155e-06 0)
(1.03872 -1.87465e-06 0)
(1.03872 -1.86779e-06 0)
(1.03872 -1.82752e-06 0)
(1.03872 -1.83436e-06 0)
(1.03872 -1.81515e-06 0)
(1.03872 -1.83136e-06 0)
(1.03872 -1.80794e-06 0)
(1.03872 -1.81844e-06 0)
(1.03872 -1.7842e-06 0)
(1.03872 -1.78261e-06 0)
(1.03872 -1.77258e-06 0)
(1.03872 -1.8004e-06 0)
(1.03872 -1.78605e-06 0)
(1.03872 -1.80372e-06 0)
(1.03872 -1.79388e-06 0)
(1.03872 -1.82229e-06 0)
(1.03872 -1.81218e-06 0)
(1.03872 -1.84227e-06 0)
(1.03872 -1.83239e-06 0)
(1.03872 -1.83823e-06 0)
(1.03872 -1.81129e-06 0)
(1.03872 -1.8065e-06 0)
(1.03872 -1.76435e-06 0)
(1.03872 -1.75542e-06 0)
(1.03872 -1.73079e-06 0)
(1.03872 -1.74326e-06 0)
(1.03872 -1.7285e-06 0)
(1.03872 -1.73109e-06 0)
(1.03872 -1.70931e-06 0)
(1.03872 -1.73522e-06 0)
(1.03872 -1.73971e-06 0)
(1.03872 -1.75367e-06 0)
(1.03872 -1.74624e-06 0)
(1.03872 -1.7652e-06 0)
(1.03872 -1.77048e-06 0)
(1.03872 -1.80898e-06 0)
(1.03872 -1.85016e-06 0)
(1.03872 -1.93143e-06 0)
(1.03872 -2.02073e-06 0)
(1.03872 -2.15474e-06 0)
(1.03872 -2.31973e-06 0)
(1.03872 -2.57319e-06 0)
(1.03872 -2.91384e-06 0)
(1.03872 -3.42496e-06 0)
(1.03872 -4.11506e-06 0)
(1.03872 -5.10335e-06 0)
(1.03872 -6.44518e-06 0)
(1.03872 -8.2453e-06 0)
(1.03872 -1.07113e-05 0)
(1.03871 -1.39832e-05 0)
(1.03871 -1.88301e-05 0)
(1.0387 -2.50031e-05 0)
(1.03869 -3.776e-05 0)
(1.03866 -6.00076e-05 0)
(1.03863 -0.000170762 0)
(1.03847 -0.000496193 0)
(1.03834 -0.00179881 0)
(1.03701 -0.00365084 0)
(0.983101 -0.0876273 0)
(1.06614 -0.0325001 0)
(1.02961 -0.00711891 0)
(1.04351 -0.000482665 0)
(1.03766 0.000481989 0)
(1.04019 -0.000286526 0)
(1.03907 -0.000422497 0)
(1.03937 -0.00052931 0)
(1.03905 -0.000454977 0)
(1.039 -0.000402557 0)
(1.03886 -0.000336283 0)
(1.03878 -0.000286508 0)
(1.0387 -0.000241496 0)
(1.03863 -0.000205631 0)
(1.03857 -0.000174987 0)
(1.03852 -0.000148774 0)
(1.03847 -0.000125762 0)
(1.03844 -0.000105898 0)
(1.0384 -8.86863e-05 0)
(1.03837 -7.38392e-05 0)
(1.03835 -6.10511e-05 0)
(1.03833 -5.01478e-05 0)
(1.03831 -4.08855e-05 0)
(1.0383 -3.32043e-05 0)
(1.03829 -2.67252e-05 0)
(1.03828 -2.14584e-05 0)
(1.03827 -1.7161e-05 0)
(1.03827 -1.37774e-05 0)
(1.03826 -1.10818e-05 0)
(1.03826 -9.00011e-06 0)
(1.03826 -7.34622e-06 0)
(1.03825 -6.08793e-06 0)
(1.03825 -5.01382e-06 0)
(1.03825 -4.21685e-06 0)
(1.03825 -3.60274e-06 0)
(1.03825 -3.20933e-06 0)
(1.03825 -2.87325e-06 0)
(1.03825 -2.6549e-06 0)
(1.03825 -2.4654e-06 0)
(1.03825 -2.36822e-06 0)
(1.03825 -2.24928e-06 0)
(1.03825 -2.19429e-06 0)
(1.03825 -2.12333e-06 0)
(1.03825 -2.11859e-06 0)
(1.03825 -2.08306e-06 0)
(1.03825 -2.09159e-06 0)
(1.03825 -2.07094e-06 0)
(1.03825 -2.08407e-06 0)
(1.03825 -2.06144e-06 0)
(1.03825 -2.07314e-06 0)
(1.03825 -2.04335e-06 0)
(1.03825 -2.04011e-06 0)
(1.03825 -2.0275e-06 0)
(1.03825 -2.05758e-06 0)
(1.03825 -2.04654e-06 0)
(1.03825 -2.06131e-06 0)
(1.03825 -2.04971e-06 0)
(1.03825 -2.0773e-06 0)
(1.03825 -2.06782e-06 0)
(1.03825 -2.09581e-06 0)
(1.03825 -2.08637e-06 0)
(1.03825 -2.09067e-06 0)
(1.03825 -2.06472e-06 0)
(1.03825 -2.06334e-06 0)
(1.03825 -2.02812e-06 0)
(1.03825 -2.02174e-06 0)
(1.03825 -1.99713e-06 0)
(1.03825 -2.00945e-06 0)
(1.03825 -1.99798e-06 0)
(1.03825 -2.00344e-06 0)
(1.03825 -1.98248e-06 0)
(1.03825 -2.00377e-06 0)
(1.03825 -2.00662e-06 0)
(1.03825 -2.02087e-06 0)
(1.03825 -2.01402e-06 0)
(1.03825 -2.03132e-06 0)
(1.03825 -2.03438e-06 0)
(1.03825 -2.06882e-06 0)
(1.03825 -2.10511e-06 0)
(1.03825 -2.17832e-06 0)
(1.03825 -2.25992e-06 0)
(1.03825 -2.38382e-06 0)
(1.03825 -2.53438e-06 0)
(1.03825 -2.76599e-06 0)
(1.03825 -3.08102e-06 0)
(1.03825 -3.54042e-06 0)
(1.03825 -4.19535e-06 0)
(1.03824 -5.12622e-06 0)
(1.03824 -6.38841e-06 0)
(1.03824 -8.07678e-06 0)
(1.03824 -1.03614e-05 0)
(1.03824 -1.33366e-05 0)
(1.03823 -1.75926e-05 0)
(1.03822 -2.27154e-05 0)
(1.03821 -3.28665e-05 0)
(1.03818 -5.08296e-05 0)
(1.03814 -0.000147184 0)
(1.03794 -0.000446292 0)
(1.03774 -0.00162602 0)
(1.03587 -0.00331321 0)
(0.986407 -0.0982389 0)
(1.06827 -0.0321882 0)
(1.02899 -0.00652722 0)
(1.04247 -0.000506648 0)
(1.03684 0.000468338 0)
(1.03926 -0.000281674 0)
(1.03813 -0.000387237 0)
(1.03834 -0.000489688 0)
(1.03796 -0.000417435 0)
(1.03786 -0.000369487 0)
(1.03767 -0.000307614 0)
(1.03755 -0.000261747 0)
(1.03743 -0.000220088 0)
(1.03734 -0.000186936 0)
(1.03725 -0.000158577 0)
(1.03718 -0.000134512 0)
(1.03712 -0.000113418 0)
(1.03707 -9.52398e-05 0)
(1.03702 -7.94992e-05 0)
(1.03698 -6.59244e-05 0)
(1.03695 -5.42143e-05 0)
(1.03693 -4.42052e-05 0)
(1.0369 -3.56584e-05 0)
(1.03689 -2.85167e-05 0)
(1.03687 -2.24188e-05 0)
(1.03686 -1.75565e-05 0)
(1.03685 -1.37257e-05 0)
(1.03685 -1.07272e-05 0)
(1.03684 -8.35612e-06 0)
(1.03684 -6.53498e-06 0)
(1.03683 -5.08991e-06 0)
(1.03683 -4.01032e-06 0)
(1.03683 -3.1003e-06 0)
(1.03683 -2.43913e-06 0)
(1.03683 -1.91427e-06 0)
(1.03683 -1.58033e-06 0)
(1.03682 -1.29185e-06 0)
(1.03682 -1.10086e-06 0)
(1.03682 -9.33039e-07 0)
(1.03682 -8.53719e-07 0)
(1.03682 -7.511e-07 0)
(1.03682 -7.03921e-07 0)
(1.03682 -6.41102e-07 0)
(1.03682 -6.37984e-07 0)
(1.03682 -6.07684e-07 0)
(1.03682 -6.17255e-07 0)
(1.03682 -5.96872e-07 0)
(1.03682 -6.07513e-07 0)
(1.03682 -5.86262e-07 0)
(1.03682 -5.97543e-07 0)
(1.03682 -5.73489e-07 0)
(1.03682 -5.70234e-07 0)
(1.03682 -5.54796e-07 0)
(1.03682 -5.84245e-07 0)
(1.03682 -5.76814e-07 0)
(1.03682 -5.899e-07 0)
(1.03682 -5.773e-07 0)
(1.03682 -6.02043e-07 0)
(1.03682 -5.93201e-07 0)
(1.03682 -6.18545e-07 0)
(1.03682 -6.10349e-07 0)
(1.03682 -6.1356e-07 0)
(1.03682 -5.8922e-07 0)
(1.03682 -5.90324e-07 0)
(1.03682 -5.62338e-07 0)
(1.03682 -5.58898e-07 0)
(1.03682 -5.35096e-07 0)
(1.03682 -5.45774e-07 0)
(1.03682 -5.36449e-07 0)
(1.03682 -5.441e-07 0)
(1.03682 -5.25868e-07 0)
(1.03682 -5.43008e-07 0)
(1.03682 -5.43588e-07 0)
(1.03682 -5.56978e-07 0)
(1.03682 -5.51197e-07 0)
(1.03682 -5.67035e-07 0)
(1.03682 -5.68534e-07 0)
(1.03682 -5.97967e-07 0)
(1.03682 -6.28605e-07 0)
(1.03682 -6.91644e-07 0)
(1.03682 -7.62623e-07 0)
(1.03682 -8.74153e-07 0)
(1.03682 -1.0087e-06 0)
(1.03682 -1.21289e-06 0)
(1.03682 -1.49282e-06 0)
(1.03682 -1.90444e-06 0)
(1.03682 -2.48018e-06 0)
(1.03682 -3.27342e-06 0)
(1.03682 -4.37158e-06 0)
(1.03681 -5.86255e-06 0)
(1.03681 -7.87777e-06 0)
(1.03681 -1.04651e-05 0)
(1.0368 -1.40321e-05 0)
(1.03679 -1.804e-05 0)
(1.03677 -2.57172e-05 0)
(1.03674 -3.94729e-05 0)
(1.0367 -0.000119428 0)
(1.03647 -0.000384041 0)
(1.03621 -0.00139885 0)
(1.03382 -0.0028471 0)
(0.988593 -0.109926 0)
(1.068 -0.0309626 0)
(1.02562 -0.00570158 0)
(1.03854 -0.000552253 0)
(1.03321 0.000403076 0)
(1.03549 -0.0003025 0)
(1.03436 -0.00037608 0)
(1.03447 -0.00047203 0)
(1.03403 -0.000404075 0)
(1.03386 -0.000362027 0)
(1.03362 -0.000306013 0)
(1.03346 -0.000264869 0)
(1.03331 -0.000226952 0)
(1.03319 -0.000196497 0)
(1.03308 -0.000170378 0)
(1.03299 -0.00014936 0)
(1.03291 -0.000131021 0)
(1.03284 -0.00011526 0)
(1.03279 -0.000101644 0)
(1.03274 -8.99354e-05 0)
(1.0327 -7.98552e-05 0)
(1.03267 -7.1258e-05 0)
(1.03264 -6.39301e-05 0)
(1.03262 -5.78295e-05 0)
(1.03261 -5.26265e-05 0)
(1.03259 -4.84926e-05 0)
(1.03258 -4.5257e-05 0)
(1.03257 -4.2734e-05 0)
(1.03257 -4.07531e-05 0)
(1.03256 -3.92398e-05 0)
(1.03256 -3.80374e-05 0)
(1.03256 -3.71556e-05 0)
(1.03255 -3.64218e-05 0)
(1.03255 -3.58994e-05 0)
(1.03255 -3.54859e-05 0)
(1.03255 -3.52209e-05 0)
(1.03255 -3.49872e-05 0)
(1.03255 -3.4831e-05 0)
(1.03255 -3.46896e-05 0)
(1.03255 -3.46281e-05 0)
(1.03255 -3.45444e-05 0)
(1.03255 -3.45066e-05 0)
(1.03255 -3.4454e-05 0)
(1.03255 -3.44526e-05 0)
(1.03255 -3.44282e-05 0)
(1.03255 -3.44373e-05 0)
(1.03255 -3.44178e-05 0)
(1.03255 -3.44267e-05 0)
(1.03255 -3.44083e-05 0)
(1.03255 -3.4418e-05 0)
(1.03255 -3.43996e-05 0)
(1.03255 -3.43974e-05 0)
(1.03255 -3.43803e-05 0)
(1.03255 -3.44069e-05 0)
(1.03255 -3.4403e-05 0)
(1.03255 -3.44149e-05 0)
(1.03255 -3.4402e-05 0)
(1.03255 -3.44224e-05 0)
(1.03255 -3.44146e-05 0)
(1.03255 -3.44369e-05 0)
(1.03255 -3.44301e-05 0)
(1.03255 -3.4432e-05 0)
(1.03255 -3.44099e-05 0)
(1.03255 -3.4413e-05 0)
(1.03255 -3.43924e-05 0)
(1.03255 -3.43917e-05 0)
(1.03255 -3.43692e-05 0)
(1.03255 -3.43769e-05 0)
(1.03255 -3.43693e-05 0)
(1.03255 -3.43787e-05 0)
(1.03255 -3.43645e-05 0)
(1.03255 -3.43779e-05 0)
(1.03255 -3.43759e-05 0)
(1.03255 -3.43873e-05 0)
(1.03255 -3.43829e-05 0)
(1.03255 -3.43975e-05 0)
(1.03255 -3.43982e-05 0)
(1.03255 -3.44216e-05 0)
(1.03255 -3.44455e-05 0)
(1.03255 -3.44968e-05 0)
(1.03255 -3.45546e-05 0)
(1.03255 -3.46496e-05 0)
(1.03255 -3.47647e-05 0)
(1.03255 -3.49354e-05 0)
(1.03255 -3.51699e-05 0)
(1.03254 -3.55167e-05 0)
(1.03254 -3.5982e-05 0)
(1.03254 -3.6633e-05 0)
(1.03254 -3.75478e-05 0)
(1.03254 -3.88044e-05 0)
(1.03253 -4.05011e-05 0)
(1.03253 -4.26447e-05 0)
(1.03252 -4.54753e-05 0)
(1.03251 -4.83713e-05 0)
(1.03249 -5.33714e-05 0)
(1.03246 -6.24382e-05 0)
(1.03242 -0.000123665 0)
(1.03218 -0.000349351 0)
(1.03185 -0.00116847 0)
(1.02902 -0.00229727 0)
(0.984998 -0.123258 0)
(1.05955 -0.0286551 0)
(1.01378 -0.0046953 0)
(1.02595 -0.000705384 0)
(1.02103 0.000181385 0)
(1.02314 -0.00044753 0)
(1.02202 -0.000486665 0)
(1.02202 -0.000570619 0)
(1.02153 -0.000511052 0)
(1.0213 -0.0004776 0)
(1.02102 -0.000431219 0)
(1.02081 -0.000397852 0)
(1.02063 -0.00036679 0)
(1.02048 -0.000341891 0)
(1.02035 -0.000320515 0)
(1.02024 -0.000303572 0)
(1.02014 -0.000288838 0)
(1.02006 -0.000276232 0)
(1.02 -0.000265386 0)
(1.01994 -0.00025612 0)
(1.0199 -0.000248201 0)
(1.01986 -0.00024151 0)
(1.01983 -0.000235875 0)
(1.01981 -0.000231278 0)
(1.01979 -0.000227439 0)
(1.01977 -0.000224331 0)
(1.01976 -0.000221809 0)
(1.01975 -0.00021984 0)
(1.01974 -0.000218305 0)
(1.01974 -0.000217136 0)
(1.01973 -0.0002162 0)
(1.01973 -0.000215523 0)
(1.01973 -0.000214964 0)
(1.01973 -0.000214566 0)
(1.01972 -0.000214249 0)
(1.01972 -0.00021405 0)
(1.01972 -0.000213877 0)
(1.01972 -0.00021376 0)
(1.01972 -0.00021365 0)
(1.01972 -0.000213607 0)
(1.01972 -0.000213543 0)
(1.01972 -0.000213517 0)
(1.01972 -0.000213476 0)
(1.01972 -0.000213475 0)
(1.01972 -0.000213457 0)
(1.01972 -0.000213466 0)
(1.01972 -0.000213448 0)
(1.01972 -0.000213456 0)
(1.01972 -0.000213441 0)
(1.01972 -0.000213448 0)
(1.01972 -0.000213435 0)
(1.01972 -0.000213435 0)
(1.01972 -0.000213418 0)
(1.01972 -0.00021344 0)
(1.01972 -0.000213438 0)
(1.01972 -0.000213449 0)
(1.01972 -0.000213438 0)
(1.01972 -0.000213453 0)
(1.01972 -0.000213446 0)
(1.01972 -0.000213464 0)
(1.01972 -0.000213459 0)
(1.01972 -0.000213461 0)
(1.01972 -0.000213442 0)
(1.01972 -0.000213446 0)
(1.01972 -0.000213431 0)
(1.01972 -0.000213433 0)
(1.01972 -0.000213414 0)
(1.01972 -0.000213418 0)
(1.01972 -0.000213412 0)
(1.01972 -0.000213421 0)
(1.01972 -0.000213412 0)
(1.01972 -0.000213422 0)
(1.01972 -0.000213418 0)
(1.01972 -0.000213428 0)
(1.01972 -0.000213424 0)
(1.01972 -0.000213437 0)
(1.01972 -0.000213437 0)
(1.01972 -0.000213454 0)
(1.01972 -0.000213471 0)
(1.01972 -0.000213509 0)
(1.01972 -0.000213552 0)
(1.01972 -0.000213626 0)
(1.01972 -0.000213717 0)
(1.01972 -0.000213849 0)
(1.01972 -0.000214029 0)
(1.01972 -0.000214302 0)
(1.01972 -0.000214669 0)
(1.01971 -0.000215184 0)
(1.01971 -0.000215905 0)
(1.01971 -0.000216895 0)
(1.0197 -0.000218227 0)
(1.0197 -0.000219878 0)
(1.01969 -0.000221952 0)
(1.01968 -0.000223814 0)
(1.01966 -0.000226205 0)
(1.01963 -0.000230596 0)
(1.0196 -0.000271589 0)
(1.01935 -0.000444211 0)
(1.01899 -0.00104988 0)
(1.01589 -0.00176949 0)
(0.960352 -0.135881 0)
(1.02539 -0.0244283 0)
(0.976352 -0.00334599 0)
(0.987444 -0.000828603 0)
(0.983126 -0.000106186 0)
(0.985025 -0.000611939 0)
(0.983945 -0.000618222 0)
(0.983843 -0.000683164 0)
(0.983309 -0.000636367 0)
(0.983019 -0.000613416 0)
(0.982702 -0.000579832 0)
(0.982466 -0.000556507 0)
(0.982255 -0.000534594 0)
(0.982082 -0.000517243 0)
(0.981933 -0.000502559 0)
(0.981808 -0.000490574 0)
(0.981702 -0.00048015 0)
(0.981614 -0.000471266 0)
(0.981541 -0.000463645 0)
(0.98148 -0.00045717 0)
(0.98143 -0.000451663 0)
(0.981389 -0.000447031 0)
(0.981356 -0.000443147 0)
(0.98133 -0.000440009 0)
(0.981309 -0.00043741 0)
(0.981293 -0.000435303 0)
(0.98128 -0.000433587 0)
(0.981271 -0.00043225 0)
(0.981263 -0.000431211 0)
(0.981258 -0.000430424 0)
(0.981253 -0.000429786 0)
(0.98125 -0.000429333 0)
(0.981248 -0.000428962 0)
(0.981246 -0.000428699 0)
(0.981245 -0.000428483 0)
(0.981244 -0.000428351 0)
(0.981243 -0.00042824 0)
(0.981242 -0.000428167 0)
(0.981242 -0.000428092 0)
(0.981242 -0.000428065 0)
(0.981241 -0.000428023 0)
(0.981241 -0.000428008 0)
(0.981241 -0.00042798 0)
(0.981241 -0.00042798 0)
(0.981241 -0.000427969 0)
(0.981241 -0.000427975 0)
(0.981241 -0.000427959 0)
(0.981241 -0.000427966 0)
(0.981241 -0.000427956 0)
(0.981241 -0.00042796 0)
(0.981241 -0.000427952 0)
(0.981241 -0.000427954 0)
(0.981241 -0.00042794 0)
(0.981241 -0.000427956 0)
(0.981241 -0.000427955 0)
(0.981241 -0.000427965 0)
(0.981241 -0.000427956 0)
(0.981241 -0.000427966 0)
(0.981241 -0.00042796 0)
(0.981241 -0.000427973 0)
(0.981241 -0.000427969 0)
(0.981241 -0.000427971 0)
(0.981241 -0.000427956 0)
(0.981241 -0.00042796 0)
(0.981241 -0.000427951 0)
(0.981241 -0.000427954 0)
(0.981241 -0.000427939 0)
(0.981241 -0.00042794 0)
(0.981241 -0.000427935 0)
(0.981241 -0.000427944 0)
(0.981241 -0.000427939 0)
(0.981241 -0.000427946 0)
(0.981241 -0.000427942 0)
(0.981241 -0.000427949 0)
(0.981241 -0.000427946 0)
(0.981241 -0.000427955 0)
(0.981241 -0.000427956 0)
(0.981241 -0.000427966 0)
(0.981241 -0.000427976 0)
(0.981241 -0.000428001 0)
(0.981241 -0.000428027 0)
(0.98124 -0.000428077 0)
(0.98124 -0.000428141 0)
(0.981239 -0.00042823 0)
(0.981239 -0.000428349 0)
(0.981238 -0.000428536 0)
(0.981236 -0.00042879 0)
(0.981234 -0.000429145 0)
(0.981232 -0.000429639 0)
(0.981228 -0.000430315 0)
(0.981222 -0.000431222 0)
(0.981215 -0.000432325 0)
(0.981205 -0.000433637 0)
(0.981192 -0.000434625 0)
(0.981178 -0.000435279 0)
(0.981151 -0.000436414 0)
(0.981131 -0.000458831 0)
(0.980908 -0.000569143 0)
(0.980541 -0.000943275 0)
(0.977593 -0.00117818 0)
(0.864939 -0.128442 0)
(0.911619 -0.0160004 0)
(0.861991 -0.000987786 0)
(0.871381 6.87755e-05 0)
(0.867984 0.000503266 0)
(0.869566 0.000188136 0)
(0.868599 0.000199293 0)
(0.868421 0.000160956 0)
(0.867896 0.000189994 0)
(0.867586 0.000202356 0)
(0.867266 0.000221488 0)
(0.867023 0.000234332 0)
(0.866808 0.00024658 0)
(0.866633 0.000256234 0)
(0.866482 0.000264308 0)
(0.866357 0.00027079 0)
(0.866251 0.000276413 0)
(0.866163 0.000281174 0)
(0.86609 0.000285242 0)
(0.86603 0.000288674 0)
(0.865981 0.000291578 0)
(0.865942 0.000294016 0)
(0.86591 0.000296061 0)
(0.865885 0.000297691 0)
(0.865865 0.00029904 0)
(0.865849 0.000300129 0)
(0.865837 0.000301005 0)
(0.865828 0.00030169 0)
(0.865821 0.000302214 0)
(0.865816 0.000302606 0)
(0.865812 0.000302939 0)
(0.865809 0.000303164 0)
(0.865807 0.000303346 0)
(0.865805 0.000303472 0)
(0.865804 0.000303583 0)
(0.865803 0.000303651 0)
(0.865803 0.000303704 0)
(0.865802 0.000303737 0)
(0.865802 0.000303775 0)
(0.865801 0.000303785 0)
(0.865801 0.000303808 0)
(0.865801 0.000303815 0)
(0.865801 0.000303829 0)
(0.865801 0.000303829 0)
(0.865801 0.000303831 0)
(0.865801 0.000303827 0)
(0.865801 0.000303843 0)
(0.865801 0.000303838 0)
(0.865801 0.00030384 0)
(0.865801 0.000303839 0)
(0.865801 0.000303842 0)
(0.865801 0.000303842 0)
(0.865801 0.000303853 0)
(0.865801 0.000303842 0)
(0.865801 0.000303841 0)
(0.865801 0.000303835 0)
(0.865801 0.000303842 0)
(0.865801 0.000303838 0)
(0.865801 0.000303841 0)
(0.865801 0.000303832 0)
(0.865801 0.000303832 0)
(0.865801 0.000303833 0)
(0.865801 0.000303843 0)
(0.865801 0.000303841 0)
(0.865801 0.000303844 0)
(0.865801 0.000303839 0)
(0.865801 0.000303849 0)
(0.865801 0.000303852 0)
(0.865801 0.000303856 0)
(0.865801 0.000303849 0)
(0.865801 0.000303849 0)
(0.865801 0.000303845 0)
(0.865801 0.000303851 0)
(0.865801 0.000303847 0)
(0.865801 0.000303848 0)
(0.865801 0.000303842 0)
(0.865801 0.000303841 0)
(0.865801 0.000303837 0)
(0.865801 0.000303834 0)
(0.865801 0.000303821 0)
(0.8658 0.000303809 0)
(0.8658 0.000303784 0)
(0.8658 0.000303748 0)
(0.865799 0.000303702 0)
(0.865799 0.000303644 0)
(0.865798 0.000303546 0)
(0.865796 0.000303411 0)
(0.865795 0.000303225 0)
(0.865792 0.000302968 0)
(0.865788 0.000302619 0)
(0.865783 0.00030215 0)
(0.865776 0.000301592 0)
(0.865766 0.000300973 0)
(0.865754 0.000300627 0)
(0.865741 0.000300843 0)
(0.865723 0.000301415 0)
(0.865717 0.000293309 0)
(0.865545 0.000239514 0)
(0.865251 7.3339e-05 0)
(0.863184 0.000219091 0)
(0.537562 -0.0563929 0)
(0.552214 -0.00359487 0)
(0.517087 0.00176427 0)
(0.522909 0.00200086 0)
(0.521087 0.00213034 0)
(0.522014 0.00203719 0)
(0.5214 0.00204435 0)
(0.521242 0.00203441 0)
(0.52089 0.00204371 0)
(0.520672 0.00204752 0)
(0.520456 0.00205317 0)
(0.52029 0.00205682 0)
(0.520145 0.0020602 0)
(0.520026 0.00206279 0)
(0.519925 0.00206497 0)
(0.519842 0.00206674 0)
(0.519771 0.00206824 0)
(0.519713 0.00206949 0)
(0.519665 0.00207053 0)
(0.519626 0.0020714 0)
(0.519595 0.00207213 0)
(0.519569 0.00207273 0)
(0.519549 0.00207323 0)
(0.519533 0.00207363 0)
(0.51952 0.00207396 0)
(0.51951 0.00207422 0)
(0.519503 0.00207443 0)
(0.519497 0.00207459 0)
(0.519493 0.00207471 0)
(0.51949 0.0020748 0)
(0.519487 0.00207488 0)
(0.519485 0.00207493 0)
(0.519484 0.00207498 0)
(0.519483 0.002075 0)
(0.519482 0.00207503 0)
(0.519482 0.00207505 0)
(0.519482 0.00207506 0)
(0.519481 0.00207506 0)
(0.519481 0.00207507 0)
(0.519481 0.00207508 0)
(0.519481 0.00207508 0)
(0.519481 0.00207508 0)
(0.519481 0.00207509 0)
(0.519481 0.00207509 0)
(0.519481 0.00207509 0)
(0.51948 0.00207508 0)
(0.51948 0.00207509 0)
(0.51948 0.00207509 0)
(0.51948 0.00207509 0)
(0.51948 0.00207509 0)
(0.51948 0.00207509 0)
(0.51948 0.00207509 0)
(0.51948 0.00207509 0)
(0.51948 0.00207509 0)
(0.51948 0.00207509 0)
(0.51948 0.00207509 0)
(0.51948 0.00207509 0)
(0.51948 0.00207509 0)
(0.51948 0.00207509 0)
(0.51948 0.00207509 0)
(0.51948 0.00207509 0)
(0.51948 0.00207509 0)
(0.51948 0.00207509 0)
(0.51948 0.00207509 0)
(0.51948 0.00207509 0)
(0.51948 0.00207509 0)
(0.51948 0.00207509 0)
(0.51948 0.00207509 0)
(0.51948 0.0020751 0)
(0.51948 0.00207509 0)
(0.519481 0.00207509 0)
(0.519481 0.00207509 0)
(0.519481 0.00207509 0)
(0.519481 0.00207509 0)
(0.519481 0.00207509 0)
(0.51948 0.00207509 0)
(0.51948 0.00207509 0)
(0.51948 0.00207509 0)
(0.51948 0.00207509 0)
(0.51948 0.00207509 0)
(0.51948 0.00207508 0)
(0.51948 0.00207507 0)
(0.51948 0.00207506 0)
(0.51948 0.00207505 0)
(0.519479 0.00207503 0)
(0.519479 0.00207501 0)
(0.519478 0.00207497 0)
(0.519476 0.00207492 0)
(0.519475 0.00207484 0)
(0.519472 0.00207475 0)
(0.519469 0.00207462 0)
(0.519464 0.00207448 0)
(0.519458 0.00207434 0)
(0.51945 0.00207433 0)
(0.519443 0.00207462 0)
(0.519435 0.00207526 0)
(0.519442 0.00207437 0)
(0.51936 0.00206116 0)
(0.519227 0.00202115 0)
(0.518637 0.00215157 0)
)
;

boundaryField
{
    inlet
    {
        type            fixedValue;
        value           uniform (1 0 0);
    }
    outlet
    {
        type            zeroGradient;
    }
    lowerWall
    {
        type            fixedValue;
        value           uniform (0 0 0);
    }
    upperWall
    {
        type            fixedValue;
        value           uniform (0 0 0);
    }
    frontAndBack
    {
        type            empty;
    }
}


// ************************************************************************* //
