/*--------------------------------*- C++ -*----------------------------------*\
| =========                 |                                                 |
| \\      /  F ield         | OpenFOAM: The Open Source CFD Toolbox           |
|  \\    /   O peration     | Version:  2.3.0                                 |
|   \\  /    A nd           | Web:      www.OpenFOAM.org                      |
|    \\/     M anipulation  |                                                 |
\*---------------------------------------------------------------------------*/
FoamFile
{
    version     2.0;
    format      ascii;
    class       volVectorField;
    location    "2";
    object      B;
}
// * * * * * * * * * * * * * * * * * * * * * * * * * * * * * * * * * * * * * //

dimensions      [1 0 -2 0 0 -1 0];

internalField   nonuniform List<vector> 
4000
(
(0.473679 20.0302 0)
(0.499773 19.9949 0)
(0.486464 19.989 0)
(0.492101 19.9895 0)
(0.491803 19.9911 0)
(0.493059 19.993 0)
(0.493102 19.9944 0)
(0.493356 19.9956 0)
(0.4934 19.9965 0)
(0.49348 19.9972 0)
(0.493517 19.9978 0)
(0.493554 19.9982 0)
(0.493575 19.9986 0)
(0.493592 19.9989 0)
(0.493601 19.9991 0)
(0.493605 19.9993 0)
(0.493605 19.9994 0)
(0.493602 19.9995 0)
(0.493597 19.9996 0)
(0.493591 19.9997 0)
(0.493584 19.9998 0)
(0.493576 19.9998 0)
(0.493568 19.9999 0)
(0.493561 19.9999 0)
(0.493554 19.9999 0)
(0.493548 19.9999 0)
(0.493542 19.9999 0)
(0.493536 20 0)
(0.493532 20 0)
(0.493528 20 0)
(0.493524 20 0)
(0.493521 20 0)
(0.493519 20 0)
(0.493517 20 0)
(0.493515 20 0)
(0.493513 20 0)
(0.493512 20 0)
(0.493511 20 0)
(0.49351 20 0)
(0.493509 20 0)
(0.493509 20 0)
(0.493508 20 0)
(0.493508 20 0)
(0.493508 20 0)
(0.493507 20 0)
(0.493507 20 0)
(0.493507 20 0)
(0.493507 20 0)
(0.493507 20 0)
(0.493507 20 0)
(0.493507 20 0)
(0.493507 20 0)
(0.493507 20 0)
(0.493507 20 0)
(0.493507 20 0)
(0.493507 20 0)
(0.493507 20 0)
(0.493507 20 0)
(0.493507 20 0)
(0.493507 20 0)
(0.493506 20 0)
(0.493506 20 0)
(0.493506 20 0)
(0.493506 20 0)
(0.493506 20 0)
(0.493506 20 0)
(0.493506 20 0)
(0.493506 20 0)
(0.493506 20 0)
(0.493506 20 0)
(0.493506 20 0)
(0.493506 20 0)
(0.493506 20 0)
(0.493506 20 0)
(0.493506 20 0)
(0.493506 20 0)
(0.493506 20 0)
(0.493506 20 0)
(0.493506 20 0)
(0.493506 20 0)
(0.493506 20 0)
(0.493506 20 0)
(0.493506 20 0)
(0.493506 20 0)
(0.493506 20 0)
(0.493506 20 0)
(0.493506 20 0)
(0.493506 20 0)
(0.493506 20 0)
(0.493506 20 0)
(0.493507 20 0)
(0.493508 20 0)
(0.493511 20 0)
(0.493517 20 0)
(0.493529 20 0)
(0.493549 19.9999 0)
(0.493591 20 0)
(0.493596 20.0001 0)
(0.493552 20.0004 0)
(0.492789 20.0007 0)
(0.720713 20.0002 0)
(0.770225 19.9731 0)
(0.768832 19.9669 0)
(0.779619 19.9696 0)
(0.780832 19.9746 0)
(0.783493 19.98 0)
(0.784305 19.9844 0)
(0.785247 19.9879 0)
(0.785788 19.9906 0)
(0.786283 19.9927 0)
(0.786645 19.9944 0)
(0.786946 19.9958 0)
(0.787178 19.9969 0)
(0.787363 19.9978 0)
(0.787506 19.9985 0)
(0.787617 19.999 0)
(0.7877 19.9995 0)
(0.787763 19.9998 0)
(0.787809 20.0001 0)
(0.787842 20.0003 0)
(0.787865 20.0005 0)
(0.787881 20.0007 0)
(0.787891 20.0008 0)
(0.787897 20.0009 0)
(0.7879 20.0009 0)
(0.787901 20.001 0)
(0.787901 20.001 0)
(0.787899 20.0011 0)
(0.787898 20.0011 0)
(0.787896 20.0011 0)
(0.787894 20.0011 0)
(0.787892 20.0011 0)
(0.78789 20.0012 0)
(0.787888 20.0012 0)
(0.787887 20.0012 0)
(0.787885 20.0012 0)
(0.787884 20.0012 0)
(0.787883 20.0012 0)
(0.787883 20.0012 0)
(0.787882 20.0012 0)
(0.787881 20.0012 0)
(0.787881 20.0012 0)
(0.78788 20.0012 0)
(0.78788 20.0012 0)
(0.78788 20.0012 0)
(0.787879 20.0012 0)
(0.787879 20.0012 0)
(0.787879 20.0012 0)
(0.787879 20.0012 0)
(0.787879 20.0012 0)
(0.787879 20.0012 0)
(0.787879 20.0012 0)
(0.787879 20.0012 0)
(0.787879 20.0012 0)
(0.787879 20.0012 0)
(0.787879 20.0012 0)
(0.787879 20.0012 0)
(0.787879 20.0012 0)
(0.787879 20.0012 0)
(0.787879 20.0012 0)
(0.787879 20.0012 0)
(0.787879 20.0012 0)
(0.787879 20.0012 0)
(0.787879 20.0012 0)
(0.787879 20.0012 0)
(0.787879 20.0012 0)
(0.787879 20.0012 0)
(0.787879 20.0012 0)
(0.787879 20.0012 0)
(0.787879 20.0012 0)
(0.787879 20.0012 0)
(0.787879 20.0012 0)
(0.787879 20.0012 0)
(0.787879 20.0012 0)
(0.787879 20.0012 0)
(0.787879 20.0012 0)
(0.787879 20.0012 0)
(0.787879 20.0012 0)
(0.787879 20.0012 0)
(0.787879 20.0012 0)
(0.787879 20.0012 0)
(0.787879 20.0012 0)
(0.787879 20.0012 0)
(0.787879 20.0012 0)
(0.78788 20.0012 0)
(0.78788 20.0012 0)
(0.787881 20.0012 0)
(0.787883 20.0012 0)
(0.787885 20.0012 0)
(0.787889 20.0012 0)
(0.787895 20.0012 0)
(0.787905 20.0011 0)
(0.787921 20.0011 0)
(0.787948 20.0011 0)
(0.787994 20.001 0)
(0.788068 20.001 0)
(0.788197 20.0011 0)
(0.788339 20.0014 0)
(0.788459 20.0022 0)
(0.787402 20.0032 0)
(0.755213 19.9315 0)
(0.807937 19.9398 0)
(0.821184 19.9417 0)
(0.835615 19.9481 0)
(0.838844 19.957 0)
(0.842586 19.9659 0)
(0.844256 19.9731 0)
(0.845871 19.9789 0)
(0.846966 19.9834 0)
(0.84791 19.987 0)
(0.848637 19.9898 0)
(0.849233 19.9921 0)
(0.849704 19.9939 0)
(0.850082 19.9954 0)
(0.850381 19.9965 0)
(0.850617 19.9975 0)
(0.850801 19.9982 0)
(0.850943 19.9988 0)
(0.851054 19.9993 0)
(0.851138 19.9997 0)
(0.851202 20 0)
(0.85125 20.0002 0)
(0.851286 20.0004 0)
(0.851312 20.0006 0)
(0.851332 20.0007 0)
(0.851345 20.0008 0)
(0.851355 20.0009 0)
(0.851362 20.0009 0)
(0.851367 20.001 0)
(0.85137 20.001 0)
(0.851372 20.001 0)
(0.851373 20.0011 0)
(0.851373 20.0011 0)
(0.851374 20.0011 0)
(0.851374 20.0011 0)
(0.851373 20.0011 0)
(0.851373 20.0011 0)
(0.851373 20.0011 0)
(0.851373 20.0011 0)
(0.851372 20.0011 0)
(0.851372 20.0011 0)
(0.851372 20.0011 0)
(0.851372 20.0011 0)
(0.851371 20.0011 0)
(0.851371 20.0011 0)
(0.851371 20.0011 0)
(0.851371 20.0011 0)
(0.851371 20.0011 0)
(0.851371 20.0011 0)
(0.851371 20.0011 0)
(0.851371 20.0011 0)
(0.851371 20.0011 0)
(0.851371 20.0011 0)
(0.851371 20.0011 0)
(0.851371 20.0011 0)
(0.851371 20.0011 0)
(0.851371 20.0011 0)
(0.851371 20.0011 0)
(0.851371 20.0011 0)
(0.851371 20.0011 0)
(0.851371 20.0011 0)
(0.851371 20.0011 0)
(0.851371 20.0011 0)
(0.851371 20.0011 0)
(0.851371 20.0011 0)
(0.851371 20.0011 0)
(0.851371 20.0011 0)
(0.851371 20.0011 0)
(0.851371 20.0011 0)
(0.851371 20.0011 0)
(0.851371 20.0011 0)
(0.851371 20.0011 0)
(0.851371 20.0011 0)
(0.851371 20.0011 0)
(0.851371 20.0011 0)
(0.851371 20.0011 0)
(0.851371 20.0011 0)
(0.851371 20.0011 0)
(0.851371 20.0011 0)
(0.851371 20.0011 0)
(0.851371 20.0011 0)
(0.851371 20.0011 0)
(0.851372 20.0011 0)
(0.851372 20.0011 0)
(0.851373 20.0011 0)
(0.851375 20.0011 0)
(0.851377 20.0011 0)
(0.85138 20.0011 0)
(0.851386 20.0011 0)
(0.851394 20.0011 0)
(0.851406 20.0011 0)
(0.851426 20.001 0)
(0.851458 20.001 0)
(0.851508 20.0009 0)
(0.851591 20.0009 0)
(0.851727 20.0008 0)
(0.85196 20.0009 0)
(0.852314 20.0014 0)
(0.852788 20.0026 0)
(0.852464 20.0042 0)
(0.726921 19.864 0)
(0.774699 19.9012 0)
(0.798009 19.9146 0)
(0.815173 19.9263 0)
(0.820393 19.9394 0)
(0.825066 19.9516 0)
(0.827525 19.9617 0)
(0.829738 19.9697 0)
(0.831339 19.976 0)
(0.832692 19.981 0)
(0.833754 19.985 0)
(0.834622 19.9882 0)
(0.835315 19.9907 0)
(0.835873 19.9927 0)
(0.836317 19.9944 0)
(0.83667 19.9957 0)
(0.836948 19.9967 0)
(0.837167 19.9976 0)
(0.837339 19.9982 0)
(0.837472 19.9988 0)
(0.837576 19.9992 0)
(0.837656 19.9995 0)
(0.837717 19.9998 0)
(0.837764 20 0)
(0.837799 20.0002 0)
(0.837826 20.0003 0)
(0.837847 20.0004 0)
(0.837862 20.0005 0)
(0.837873 20.0006 0)
(0.837881 20.0006 0)
(0.837888 20.0007 0)
(0.837892 20.0007 0)
(0.837895 20.0007 0)
(0.837898 20.0007 0)
(0.837899 20.0008 0)
(0.837901 20.0008 0)
(0.837901 20.0008 0)
(0.837902 20.0008 0)
(0.837902 20.0008 0)
(0.837902 20.0008 0)
(0.837903 20.0008 0)
(0.837903 20.0008 0)
(0.837903 20.0008 0)
(0.837903 20.0008 0)
(0.837903 20.0008 0)
(0.837903 20.0008 0)
(0.837903 20.0008 0)
(0.837903 20.0008 0)
(0.837903 20.0008 0)
(0.837903 20.0008 0)
(0.837903 20.0008 0)
(0.837903 20.0008 0)
(0.837903 20.0008 0)
(0.837903 20.0008 0)
(0.837903 20.0008 0)
(0.837903 20.0008 0)
(0.837903 20.0008 0)
(0.837903 20.0008 0)
(0.837903 20.0008 0)
(0.837903 20.0008 0)
(0.837903 20.0008 0)
(0.837903 20.0008 0)
(0.837903 20.0008 0)
(0.837903 20.0008 0)
(0.837903 20.0008 0)
(0.837903 20.0008 0)
(0.837903 20.0008 0)
(0.837903 20.0008 0)
(0.837903 20.0008 0)
(0.837903 20.0008 0)
(0.837903 20.0008 0)
(0.837903 20.0008 0)
(0.837903 20.0008 0)
(0.837903 20.0008 0)
(0.837903 20.0008 0)
(0.837903 20.0008 0)
(0.837903 20.0008 0)
(0.837903 20.0008 0)
(0.837903 20.0008 0)
(0.837903 20.0008 0)
(0.837904 20.0008 0)
(0.837904 20.0008 0)
(0.837905 20.0008 0)
(0.837906 20.0008 0)
(0.837907 20.0008 0)
(0.837909 20.0008 0)
(0.837913 20.0008 0)
(0.837918 20.0008 0)
(0.837926 20.0008 0)
(0.837938 20.0007 0)
(0.837957 20.0007 0)
(0.837986 20.0007 0)
(0.838032 20.0006 0)
(0.838107 20.0005 0)
(0.838227 20.0005 0)
(0.83843 20.0004 0)
(0.838782 20.0005 0)
(0.839386 20.0009 0)
(0.840315 20.0024 0)
(0.841164 20.0043 0)
(0.681482 19.8067 0)
(0.722077 19.8616 0)
(0.751026 19.8866 0)
(0.770066 19.9046 0)
(0.777025 19.9222 0)
(0.78249 19.9378 0)
(0.785628 19.9506 0)
(0.788342 19.9608 0)
(0.790371 19.9688 0)
(0.792068 19.9752 0)
(0.793416 19.9803 0)
(0.794516 19.9844 0)
(0.795398 19.9877 0)
(0.796109 19.9903 0)
(0.796678 19.9924 0)
(0.797131 19.9941 0)
(0.797491 19.9954 0)
(0.797776 19.9965 0)
(0.798 19.9974 0)
(0.798176 19.9981 0)
(0.798314 19.9986 0)
(0.798422 19.999 0)
(0.798505 19.9994 0)
(0.79857 19.9997 0)
(0.79862 19.9999 0)
(0.798659 20.0001 0)
(0.798688 20.0002 0)
(0.798711 20.0003 0)
(0.798728 20.0004 0)
(0.798741 20.0004 0)
(0.798751 20.0005 0)
(0.798759 20.0005 0)
(0.798765 20.0006 0)
(0.798769 20.0006 0)
(0.798772 20.0006 0)
(0.798774 20.0006 0)
(0.798776 20.0006 0)
(0.798778 20.0007 0)
(0.798779 20.0007 0)
(0.798779 20.0007 0)
(0.79878 20.0007 0)
(0.79878 20.0007 0)
(0.798781 20.0007 0)
(0.798781 20.0007 0)
(0.798781 20.0007 0)
(0.798781 20.0007 0)
(0.798781 20.0007 0)
(0.798781 20.0007 0)
(0.798781 20.0007 0)
(0.798781 20.0007 0)
(0.798781 20.0007 0)
(0.798781 20.0007 0)
(0.798781 20.0007 0)
(0.798781 20.0007 0)
(0.798781 20.0007 0)
(0.798781 20.0007 0)
(0.798781 20.0007 0)
(0.798781 20.0007 0)
(0.798781 20.0007 0)
(0.798781 20.0007 0)
(0.798781 20.0007 0)
(0.798781 20.0007 0)
(0.798781 20.0007 0)
(0.798781 20.0007 0)
(0.798781 20.0007 0)
(0.798781 20.0007 0)
(0.798781 20.0007 0)
(0.798781 20.0007 0)
(0.798781 20.0007 0)
(0.798781 20.0007 0)
(0.798781 20.0007 0)
(0.798781 20.0007 0)
(0.798781 20.0007 0)
(0.798781 20.0007 0)
(0.798781 20.0007 0)
(0.798782 20.0007 0)
(0.798782 20.0007 0)
(0.798782 20.0007 0)
(0.798782 20.0007 0)
(0.798782 20.0007 0)
(0.798782 20.0007 0)
(0.798783 20.0007 0)
(0.798784 20.0007 0)
(0.798785 20.0007 0)
(0.798787 20.0007 0)
(0.79879 20.0007 0)
(0.798795 20.0007 0)
(0.798801 20.0006 0)
(0.798812 20.0006 0)
(0.798827 20.0006 0)
(0.798852 20.0006 0)
(0.79889 20.0005 0)
(0.798949 20.0004 0)
(0.799046 20.0003 0)
(0.799204 20.0002 0)
(0.799475 20.0001 0)
(0.799951 20.0001 0)
(0.800816 20.0006 0)
(0.802218 20.002 0)
(0.804221 20.0039 0)
(0.632585 19.7582 0)
(0.666104 19.8228 0)
(0.697484 19.8586 0)
(0.717591 19.8833 0)
(0.725936 19.9055 0)
(0.732037 19.9244 0)
(0.735726 19.9398 0)
(0.738839 19.9521 0)
(0.741209 19.9619 0)
(0.743182 19.9697 0)
(0.744758 19.9759 0)
(0.746045 19.9809 0)
(0.74708 19.9848 0)
(0.747915 19.988 0)
(0.748583 19.9906 0)
(0.749118 19.9926 0)
(0.749544 19.9943 0)
(0.749882 19.9956 0)
(0.750149 19.9966 0)
(0.75036 19.9975 0)
(0.750526 19.9981 0)
(0.750656 19.9987 0)
(0.750758 19.9991 0)
(0.750837 19.9994 0)
(0.750899 19.9997 0)
(0.750947 19.9999 0)
(0.750985 20.0001 0)
(0.751013 20.0002 0)
(0.751036 20.0003 0)
(0.751053 20.0004 0)
(0.751066 20.0004 0)
(0.751076 20.0005 0)
(0.751084 20.0005 0)
(0.75109 20.0006 0)
(0.751094 20.0006 0)
(0.751098 20.0006 0)
(0.751101 20.0006 0)
(0.751103 20.0006 0)
(0.751104 20.0006 0)
(0.751105 20.0006 0)
(0.751106 20.0006 0)
(0.751107 20.0006 0)
(0.751107 20.0007 0)
(0.751108 20.0007 0)
(0.751108 20.0007 0)
(0.751108 20.0007 0)
(0.751108 20.0007 0)
(0.751108 20.0007 0)
(0.751109 20.0007 0)
(0.751109 20.0007 0)
(0.751109 20.0007 0)
(0.751109 20.0007 0)
(0.751109 20.0007 0)
(0.751109 20.0007 0)
(0.751109 20.0007 0)
(0.751109 20.0007 0)
(0.751109 20.0007 0)
(0.751109 20.0007 0)
(0.751109 20.0007 0)
(0.751109 20.0007 0)
(0.751109 20.0007 0)
(0.751109 20.0007 0)
(0.751109 20.0007 0)
(0.751109 20.0007 0)
(0.751109 20.0007 0)
(0.751109 20.0007 0)
(0.751109 20.0007 0)
(0.751109 20.0007 0)
(0.751109 20.0007 0)
(0.751109 20.0007 0)
(0.751109 20.0007 0)
(0.751109 20.0007 0)
(0.751109 20.0007 0)
(0.751109 20.0007 0)
(0.751109 20.0007 0)
(0.751109 20.0007 0)
(0.751109 20.0007 0)
(0.751109 20.0007 0)
(0.75111 20.0007 0)
(0.75111 20.0007 0)
(0.75111 20.0007 0)
(0.751111 20.0007 0)
(0.751112 20.0007 0)
(0.751114 20.0007 0)
(0.751116 20.0006 0)
(0.751119 20.0006 0)
(0.751125 20.0006 0)
(0.751133 20.0006 0)
(0.751145 20.0006 0)
(0.751164 20.0006 0)
(0.751193 20.0005 0)
(0.751238 20.0005 0)
(0.75131 20.0004 0)
(0.751427 20.0002 0)
(0.75162 20.0001 0)
(0.751958 19.9999 0)
(0.752553 19.9999 0)
(0.753671 20.0002 0)
(0.755509 20.0015 0)
(0.75846 20.0031 0)
(0.584083 19.7166 0)
(0.611404 19.7861 0)
(0.643059 19.8311 0)
(0.663513 19.8626 0)
(0.672854 19.8893 0)
(0.679419 19.9115 0)
(0.683529 19.9294 0)
(0.686938 19.9438 0)
(0.689562 19.9552 0)
(0.69174 19.9643 0)
(0.693488 19.9716 0)
(0.694914 19.9774 0)
(0.696064 19.9821 0)
(0.696992 19.9858 0)
(0.697737 19.9888 0)
(0.698334 19.9912 0)
(0.698809 19.9931 0)
(0.699188 19.9947 0)
(0.699488 19.9959 0)
(0.699725 19.9969 0)
(0.699913 19.9977 0)
(0.70006 19.9983 0)
(0.700176 19.9988 0)
(0.700267 19.9992 0)
(0.700338 19.9995 0)
(0.700394 19.9997 0)
(0.700437 19.9999 0)
(0.700471 20.0001 0)
(0.700497 20.0002 0)
(0.700517 20.0003 0)
(0.700533 20.0004 0)
(0.700545 20.0004 0)
(0.700554 20.0005 0)
(0.700562 20.0005 0)
(0.700567 20.0006 0)
(0.700572 20.0006 0)
(0.700575 20.0006 0)
(0.700578 20.0006 0)
(0.70058 20.0006 0)
(0.700581 20.0006 0)
(0.700582 20.0006 0)
(0.700583 20.0006 0)
(0.700584 20.0006 0)
(0.700584 20.0007 0)
(0.700585 20.0007 0)
(0.700585 20.0007 0)
(0.700585 20.0007 0)
(0.700585 20.0007 0)
(0.700586 20.0007 0)
(0.700586 20.0007 0)
(0.700586 20.0007 0)
(0.700586 20.0007 0)
(0.700586 20.0007 0)
(0.700586 20.0007 0)
(0.700586 20.0007 0)
(0.700586 20.0007 0)
(0.700586 20.0007 0)
(0.700586 20.0007 0)
(0.700586 20.0007 0)
(0.700586 20.0007 0)
(0.700586 20.0007 0)
(0.700586 20.0007 0)
(0.700586 20.0007 0)
(0.700586 20.0007 0)
(0.700586 20.0007 0)
(0.700586 20.0007 0)
(0.700586 20.0007 0)
(0.700586 20.0007 0)
(0.700586 20.0007 0)
(0.700586 20.0007 0)
(0.700586 20.0007 0)
(0.700586 20.0007 0)
(0.700586 20.0007 0)
(0.700586 20.0007 0)
(0.700586 20.0007 0)
(0.700586 20.0007 0)
(0.700586 20.0007 0)
(0.700586 20.0007 0)
(0.700587 20.0007 0)
(0.700587 20.0007 0)
(0.700588 20.0007 0)
(0.700588 20.0007 0)
(0.70059 20.0007 0)
(0.700591 20.0006 0)
(0.700594 20.0006 0)
(0.700598 20.0006 0)
(0.700604 20.0006 0)
(0.700613 20.0006 0)
(0.700627 20.0006 0)
(0.700648 20.0005 0)
(0.700681 20.0005 0)
(0.700732 20.0004 0)
(0.700814 20.0003 0)
(0.700948 20.0001 0)
(0.701173 19.9999 0)
(0.701572 19.9997 0)
(0.702278 19.9996 0)
(0.703623 19.9997 0)
(0.705828 20.0007 0)
(0.709481 20.002 0)
(0.536828 19.6808 0)
(0.558969 19.7518 0)
(0.589523 19.8046 0)
(0.609723 19.8425 0)
(0.619678 19.8737 0)
(0.626527 19.899 0)
(0.630923 19.9195 0)
(0.634527 19.9358 0)
(0.637322 19.9488 0)
(0.639636 19.9591 0)
(0.641499 19.9674 0)
(0.643021 19.9741 0)
(0.644249 19.9794 0)
(0.645241 19.9837 0)
(0.646038 19.9871 0)
(0.646677 19.9898 0)
(0.647187 19.992 0)
(0.647594 19.9938 0)
(0.647917 19.9952 0)
(0.648172 19.9963 0)
(0.648375 19.9972 0)
(0.648535 19.9979 0)
(0.64866 19.9985 0)
(0.648759 19.9989 0)
(0.648837 19.9993 0)
(0.648898 19.9996 0)
(0.648945 19.9998 0)
(0.648983 20 0)
(0.649012 20.0001 0)
(0.649034 20.0003 0)
(0.649052 20.0003 0)
(0.649066 20.0004 0)
(0.649076 20.0005 0)
(0.649085 20.0005 0)
(0.649091 20.0005 0)
(0.649096 20.0006 0)
(0.6491 20.0006 0)
(0.649103 20.0006 0)
(0.649105 20.0006 0)
(0.649107 20.0006 0)
(0.649108 20.0006 0)
(0.649109 20.0006 0)
(0.64911 20.0006 0)
(0.649111 20.0006 0)
(0.649111 20.0006 0)
(0.649112 20.0007 0)
(0.649112 20.0007 0)
(0.649112 20.0007 0)
(0.649112 20.0007 0)
(0.649113 20.0007 0)
(0.649113 20.0007 0)
(0.649113 20.0007 0)
(0.649113 20.0007 0)
(0.649113 20.0007 0)
(0.649113 20.0007 0)
(0.649113 20.0007 0)
(0.649113 20.0007 0)
(0.649113 20.0007 0)
(0.649113 20.0007 0)
(0.649113 20.0007 0)
(0.649113 20.0007 0)
(0.649113 20.0007 0)
(0.649113 20.0007 0)
(0.649113 20.0007 0)
(0.649113 20.0007 0)
(0.649113 20.0007 0)
(0.649113 20.0007 0)
(0.649113 20.0007 0)
(0.649113 20.0007 0)
(0.649113 20.0007 0)
(0.649113 20.0007 0)
(0.649113 20.0007 0)
(0.649113 20.0007 0)
(0.649113 20.0007 0)
(0.649113 20.0007 0)
(0.649113 20.0007 0)
(0.649113 20.0007 0)
(0.649114 20.0007 0)
(0.649114 20.0007 0)
(0.649114 20.0007 0)
(0.649115 20.0007 0)
(0.649116 20.0007 0)
(0.649117 20.0006 0)
(0.649119 20.0006 0)
(0.649122 20.0006 0)
(0.649126 20.0006 0)
(0.649133 20.0006 0)
(0.649143 20.0006 0)
(0.649158 20.0006 0)
(0.649181 20.0005 0)
(0.649216 20.0005 0)
(0.649272 20.0004 0)
(0.649362 20.0002 0)
(0.649511 20 0)
(0.649762 19.9998 0)
(0.650213 19.9995 0)
(0.651014 19.9992 0)
(0.652547 19.9991 0)
(0.655036 19.9997 0)
(0.65916 20.0005 0)
(0.490808 19.6498 0)
(0.508707 19.7204 0)
(0.537331 19.7794 0)
(0.556799 19.8234 0)
(0.567013 19.8589 0)
(0.573967 19.8872 0)
(0.578521 19.9099 0)
(0.582222 19.9281 0)
(0.585108 19.9426 0)
(0.587493 19.9542 0)
(0.589418 19.9635 0)
(0.590991 19.9709 0)
(0.592262 19.9769 0)
(0.593289 19.9816 0)
(0.594116 19.9855 0)
(0.594778 19.9885 0)
(0.595308 19.991 0)
(0.595731 19.9929 0)
(0.596067 19.9945 0)
(0.596334 19.9958 0)
(0.596545 19.9968 0)
(0.596712 19.9976 0)
(0.596843 19.9982 0)
(0.596947 19.9987 0)
(0.597029 19.9991 0)
(0.597093 19.9995 0)
(0.597143 19.9997 0)
(0.597183 19.9999 0)
(0.597214 20.0001 0)
(0.597238 20.0002 0)
(0.597257 20.0003 0)
(0.597272 20.0004 0)
(0.597283 20.0004 0)
(0.597292 20.0005 0)
(0.597299 20.0005 0)
(0.597304 20.0006 0)
(0.597309 20.0006 0)
(0.597312 20.0006 0)
(0.597315 20.0006 0)
(0.597316 20.0006 0)
(0.597318 20.0006 0)
(0.597319 20.0006 0)
(0.59732 20.0006 0)
(0.597321 20.0006 0)
(0.597321 20.0006 0)
(0.597322 20.0006 0)
(0.597322 20.0006 0)
(0.597322 20.0007 0)
(0.597323 20.0007 0)
(0.597323 20.0007 0)
(0.597323 20.0007 0)
(0.597323 20.0007 0)
(0.597323 20.0007 0)
(0.597323 20.0007 0)
(0.597323 20.0007 0)
(0.597323 20.0007 0)
(0.597323 20.0007 0)
(0.597323 20.0007 0)
(0.597323 20.0007 0)
(0.597323 20.0007 0)
(0.597323 20.0007 0)
(0.597323 20.0007 0)
(0.597323 20.0007 0)
(0.597323 20.0007 0)
(0.597323 20.0007 0)
(0.597323 20.0007 0)
(0.597323 20.0007 0)
(0.597323 20.0007 0)
(0.597323 20.0007 0)
(0.597323 20.0007 0)
(0.597323 20.0007 0)
(0.597323 20.0007 0)
(0.597323 20.0007 0)
(0.597323 20.0007 0)
(0.597323 20.0007 0)
(0.597324 20.0007 0)
(0.597324 20.0007 0)
(0.597324 20.0007 0)
(0.597324 20.0007 0)
(0.597325 20.0007 0)
(0.597325 20.0007 0)
(0.597326 20.0006 0)
(0.597327 20.0006 0)
(0.59733 20.0006 0)
(0.597333 20.0006 0)
(0.597337 20.0006 0)
(0.597344 20.0006 0)
(0.597354 20.0006 0)
(0.59737 20.0006 0)
(0.597394 20.0005 0)
(0.597432 20.0004 0)
(0.597491 20.0003 0)
(0.597586 20.0002 0)
(0.597746 19.9999 0)
(0.598018 19.9996 0)
(0.59851 19.9993 0)
(0.599385 19.9988 0)
(0.60106 19.9985 0)
(0.603744 19.9985 0)
(0.608135 19.9988 0)
(0.445816 19.623 0)
(0.460268 19.6919 0)
(0.486497 19.7559 0)
(0.504872 19.8054 0)
(0.515029 19.8449 0)
(0.521918 19.876 0)
(0.526507 19.901 0)
(0.530212 19.9209 0)
(0.533113 19.9368 0)
(0.535508 19.9495 0)
(0.537444 19.9597 0)
(0.539027 19.9679 0)
(0.540307 19.9744 0)
(0.541343 19.9797 0)
(0.542177 19.9839 0)
(0.542846 19.9873 0)
(0.543381 19.99 0)
(0.543808 19.9922 0)
(0.544148 19.9939 0)
(0.544418 19.9953 0)
(0.544632 19.9964 0)
(0.544802 19.9973 0)
(0.544936 19.998 0)
(0.545042 19.9985 0)
(0.545125 19.999 0)
(0.54519 19.9993 0)
(0.545242 19.9996 0)
(0.545282 19.9998 0)
(0.545314 20 0)
(0.545339 20.0001 0)
(0.545358 20.0002 0)
(0.545374 20.0003 0)
(0.545386 20.0004 0)
(0.545395 20.0005 0)
(0.545402 20.0005 0)
(0.545408 20.0005 0)
(0.545412 20.0006 0)
(0.545416 20.0006 0)
(0.545419 20.0006 0)
(0.545421 20.0006 0)
(0.545422 20.0006 0)
(0.545424 20.0006 0)
(0.545425 20.0006 0)
(0.545425 20.0006 0)
(0.545426 20.0006 0)
(0.545426 20.0006 0)
(0.545427 20.0006 0)
(0.545427 20.0006 0)
(0.545427 20.0007 0)
(0.545427 20.0007 0)
(0.545428 20.0007 0)
(0.545428 20.0007 0)
(0.545428 20.0007 0)
(0.545428 20.0007 0)
(0.545428 20.0007 0)
(0.545428 20.0007 0)
(0.545428 20.0007 0)
(0.545428 20.0007 0)
(0.545428 20.0007 0)
(0.545428 20.0007 0)
(0.545428 20.0007 0)
(0.545428 20.0007 0)
(0.545428 20.0007 0)
(0.545428 20.0007 0)
(0.545428 20.0007 0)
(0.545428 20.0007 0)
(0.545428 20.0007 0)
(0.545428 20.0007 0)
(0.545428 20.0007 0)
(0.545428 20.0007 0)
(0.545428 20.0007 0)
(0.545428 20.0007 0)
(0.545428 20.0007 0)
(0.545428 20.0007 0)
(0.545428 20.0007 0)
(0.545428 20.0007 0)
(0.545428 20.0007 0)
(0.545429 20.0007 0)
(0.545429 20.0007 0)
(0.545429 20.0007 0)
(0.54543 20.0007 0)
(0.545431 20.0006 0)
(0.545432 20.0006 0)
(0.545434 20.0006 0)
(0.545438 20.0006 0)
(0.545442 20.0006 0)
(0.545449 20.0006 0)
(0.54546 20.0006 0)
(0.545476 20.0005 0)
(0.5455 20.0005 0)
(0.545539 20.0004 0)
(0.545599 20.0003 0)
(0.545698 20.0001 0)
(0.545865 19.9998 0)
(0.546151 19.9995 0)
(0.546671 19.999 0)
(0.547596 19.9984 0)
(0.549359 19.9977 0)
(0.552148 19.9972 0)
(0.556631 19.9969 0)
(0.401639 19.5997 0)
(0.413295 19.6664 0)
(0.436897 19.7343 0)
(0.453913 19.7887 0)
(0.463742 19.8318 0)
(0.470411 19.8656 0)
(0.474917 19.8926 0)
(0.478541 19.9141 0)
(0.481387 19.9313 0)
(0.483734 19.9451 0)
(0.485635 19.9562 0)
(0.487189 19.965 0)
(0.488448 19.9722 0)
(0.489466 19.9779 0)
(0.490286 19.9824 0)
(0.490945 19.9861 0)
(0.491472 19.989 0)
(0.491893 19.9914 0)
(0.492229 19.9933 0)
(0.492495 19.9948 0)
(0.492707 19.996 0)
(0.492874 19.9969 0)
(0.493007 19.9977 0)
(0.493112 19.9983 0)
(0.493194 19.9988 0)
(0.493259 19.9992 0)
(0.493311 19.9995 0)
(0.493351 19.9997 0)
(0.493383 19.9999 0)
(0.493408 20.0001 0)
(0.493427 20.0002 0)
(0.493443 20.0003 0)
(0.493455 20.0004 0)
(0.493464 20.0004 0)
(0.493471 20.0005 0)
(0.493477 20.0005 0)
(0.493482 20.0006 0)
(0.493485 20.0006 0)
(0.493488 20.0006 0)
(0.49349 20.0006 0)
(0.493492 20.0006 0)
(0.493493 20.0006 0)
(0.493494 20.0006 0)
(0.493495 20.0006 0)
(0.493495 20.0006 0)
(0.493496 20.0006 0)
(0.493496 20.0006 0)
(0.493497 20.0006 0)
(0.493497 20.0006 0)
(0.493497 20.0007 0)
(0.493497 20.0007 0)
(0.493497 20.0007 0)
(0.493497 20.0007 0)
(0.493497 20.0007 0)
(0.493497 20.0007 0)
(0.493497 20.0007 0)
(0.493498 20.0007 0)
(0.493498 20.0007 0)
(0.493498 20.0007 0)
(0.493498 20.0007 0)
(0.493498 20.0007 0)
(0.493498 20.0007 0)
(0.493498 20.0007 0)
(0.493498 20.0007 0)
(0.493498 20.0007 0)
(0.493498 20.0007 0)
(0.493498 20.0007 0)
(0.493498 20.0007 0)
(0.493498 20.0007 0)
(0.493498 20.0007 0)
(0.493498 20.0007 0)
(0.493498 20.0007 0)
(0.493498 20.0007 0)
(0.493498 20.0007 0)
(0.493498 20.0007 0)
(0.493498 20.0007 0)
(0.493498 20.0007 0)
(0.493498 20.0007 0)
(0.493498 20.0007 0)
(0.493499 20.0007 0)
(0.4935 20.0006 0)
(0.4935 20.0006 0)
(0.493502 20.0006 0)
(0.493504 20.0006 0)
(0.493507 20.0006 0)
(0.493512 20.0006 0)
(0.493519 20.0006 0)
(0.493529 20.0006 0)
(0.493545 20.0005 0)
(0.493569 20.0005 0)
(0.493608 20.0004 0)
(0.493668 20.0002 0)
(0.493768 20 0)
(0.493937 19.9998 0)
(0.49423 19.9993 0)
(0.494763 19.9988 0)
(0.49571 19.998 0)
(0.497508 19.997 0)
(0.500316 19.9959 0)
(0.504741 19.995 0)
(0.358098 19.5796 0)
(0.367479 19.6437 0)
(0.388372 19.7146 0)
(0.40384 19.7734 0)
(0.413115 19.8198 0)
(0.419425 19.8561 0)
(0.423742 19.8849 0)
(0.427204 19.9079 0)
(0.42993 19.9263 0)
(0.432177 19.9411 0)
(0.433999 19.9529 0)
(0.435489 19.9624 0)
(0.436696 19.9701 0)
(0.437674 19.9762 0)
(0.438462 19.9811 0)
(0.439095 19.985 0)
(0.439602 19.9882 0)
(0.440007 19.9907 0)
(0.440329 19.9927 0)
(0.440586 19.9943 0)
(0.44079 19.9956 0)
(0.440951 19.9967 0)
(0.441079 19.9975 0)
(0.441181 19.9981 0)
(0.44126 19.9987 0)
(0.441323 19.9991 0)
(0.441373 19.9994 0)
(0.441412 19.9997 0)
(0.441443 19.9999 0)
(0.441467 20 0)
(0.441486 20.0002 0)
(0.441501 20.0003 0)
(0.441513 20.0004 0)
(0.441522 20.0004 0)
(0.441529 20.0005 0)
(0.441535 20.0005 0)
(0.44154 20.0005 0)
(0.441543 20.0006 0)
(0.441546 20.0006 0)
(0.441548 20.0006 0)
(0.44155 20.0006 0)
(0.441551 20.0006 0)
(0.441552 20.0006 0)
(0.441553 20.0006 0)
(0.441553 20.0006 0)
(0.441554 20.0006 0)
(0.441554 20.0006 0)
(0.441554 20.0006 0)
(0.441555 20.0006 0)
(0.441555 20.0006 0)
(0.441555 20.0007 0)
(0.441555 20.0007 0)
(0.441555 20.0007 0)
(0.441555 20.0007 0)
(0.441555 20.0007 0)
(0.441555 20.0007 0)
(0.441555 20.0007 0)
(0.441555 20.0007 0)
(0.441555 20.0007 0)
(0.441555 20.0007 0)
(0.441555 20.0007 0)
(0.441555 20.0007 0)
(0.441555 20.0007 0)
(0.441555 20.0007 0)
(0.441555 20.0007 0)
(0.441555 20.0007 0)
(0.441555 20.0007 0)
(0.441555 20.0007 0)
(0.441555 20.0007 0)
(0.441555 20.0007 0)
(0.441555 20.0007 0)
(0.441555 20.0007 0)
(0.441556 20.0007 0)
(0.441556 20.0007 0)
(0.441556 20.0007 0)
(0.441556 20.0007 0)
(0.441556 20.0007 0)
(0.441556 20.0007 0)
(0.441556 20.0007 0)
(0.441557 20.0006 0)
(0.441557 20.0006 0)
(0.441558 20.0006 0)
(0.44156 20.0006 0)
(0.441562 20.0006 0)
(0.441565 20.0006 0)
(0.441569 20.0006 0)
(0.441576 20.0006 0)
(0.441586 20.0006 0)
(0.441601 20.0005 0)
(0.441625 20.0004 0)
(0.441662 20.0003 0)
(0.441722 20.0002 0)
(0.441819 20 0)
(0.441987 19.9997 0)
(0.442277 19.9992 0)
(0.442809 19.9985 0)
(0.443751 19.9976 0)
(0.445529 19.9962 0)
(0.448273 19.9945 0)
(0.452517 19.9931 0)
(0.315055 19.5622 0)
(0.322575 19.6239 0)
(0.340762 19.6971 0)
(0.354555 19.7595 0)
(0.363089 19.8089 0)
(0.368918 19.8474 0)
(0.372951 19.8779 0)
(0.376178 19.9023 0)
(0.378726 19.9218 0)
(0.380824 19.9374 0)
(0.382527 19.95 0)
(0.383921 19.9601 0)
(0.385051 19.9682 0)
(0.385967 19.9747 0)
(0.386705 19.9799 0)
(0.387298 19.984 0)
(0.387773 19.9874 0)
(0.388153 19.9901 0)
(0.388456 19.9922 0)
(0.388696 19.9939 0)
(0.388888 19.9953 0)
(0.38904 19.9964 0)
(0.38916 19.9973 0)
(0.389255 19.998 0)
(0.38933 19.9985 0)
(0.38939 19.999 0)
(0.389436 19.9993 0)
(0.389473 19.9996 0)
(0.389503 19.9998 0)
(0.389525 20 0)
(0.389543 20.0001 0)
(0.389558 20.0002 0)
(0.389569 20.0003 0)
(0.389578 20.0004 0)
(0.389584 20.0005 0)
(0.38959 20.0005 0)
(0.389594 20.0005 0)
(0.389597 20.0006 0)
(0.3896 20.0006 0)
(0.389602 20.0006 0)
(0.389604 20.0006 0)
(0.389605 20.0006 0)
(0.389606 20.0006 0)
(0.389607 20.0006 0)
(0.389607 20.0006 0)
(0.389608 20.0006 0)
(0.389608 20.0006 0)
(0.389608 20.0006 0)
(0.389609 20.0006 0)
(0.389609 20.0006 0)
(0.389609 20.0007 0)
(0.389609 20.0007 0)
(0.389609 20.0007 0)
(0.389609 20.0007 0)
(0.389609 20.0007 0)
(0.389609 20.0007 0)
(0.389609 20.0007 0)
(0.389609 20.0007 0)
(0.389609 20.0007 0)
(0.389609 20.0007 0)
(0.389609 20.0007 0)
(0.389609 20.0007 0)
(0.389609 20.0007 0)
(0.389609 20.0007 0)
(0.389609 20.0007 0)
(0.389609 20.0007 0)
(0.389609 20.0007 0)
(0.389609 20.0007 0)
(0.389609 20.0007 0)
(0.389609 20.0007 0)
(0.389609 20.0007 0)
(0.389609 20.0007 0)
(0.389609 20.0007 0)
(0.389609 20.0007 0)
(0.38961 20.0007 0)
(0.38961 20.0007 0)
(0.38961 20.0007 0)
(0.38961 20.0007 0)
(0.38961 20.0007 0)
(0.389611 20.0006 0)
(0.389611 20.0006 0)
(0.389612 20.0006 0)
(0.389613 20.0006 0)
(0.389615 20.0006 0)
(0.389618 20.0006 0)
(0.389622 20.0006 0)
(0.389629 20.0006 0)
(0.389638 20.0006 0)
(0.389653 20.0005 0)
(0.389675 20.0004 0)
(0.38971 20.0003 0)
(0.389767 20.0002 0)
(0.38986 19.9999 0)
(0.390021 19.9996 0)
(0.390302 19.9991 0)
(0.390816 19.9983 0)
(0.391725 19.9971 0)
(0.393431 19.9955 0)
(0.396035 19.9932 0)
(0.399994 19.9912 0)
(0.2724 19.5475 0)
(0.278386 19.6068 0)
(0.293919 19.6817 0)
(0.305953 19.7473 0)
(0.313597 19.7993 0)
(0.318843 19.8397 0)
(0.322506 19.8717 0)
(0.325434 19.8972 0)
(0.32775 19.9177 0)
(0.329658 19.9341 0)
(0.331207 19.9473 0)
(0.332475 19.958 0)
(0.333504 19.9665 0)
(0.334338 19.9733 0)
(0.335011 19.9788 0)
(0.335551 19.9832 0)
(0.335984 19.9867 0)
(0.336331 19.9895 0)
(0.336607 19.9918 0)
(0.336827 19.9936 0)
(0.337001 19.995 0)
(0.33714 19.9962 0)
(0.33725 19.9971 0)
(0.337337 19.9978 0)
(0.337406 19.9984 0)
(0.33746 19.9989 0)
(0.337503 19.9992 0)
(0.337537 19.9995 0)
(0.337563 19.9998 0)
(0.337585 19.9999 0)
(0.337601 20.0001 0)
(0.337614 20.0002 0)
(0.337624 20.0003 0)
(0.337633 20.0004 0)
(0.337639 20.0004 0)
(0.337644 20.0005 0)
(0.337648 20.0005 0)
(0.337651 20.0005 0)
(0.337653 20.0006 0)
(0.337655 20.0006 0)
(0.337657 20.0006 0)
(0.337658 20.0006 0)
(0.337659 20.0006 0)
(0.337659 20.0006 0)
(0.33766 20.0006 0)
(0.33766 20.0006 0)
(0.337661 20.0006 0)
(0.337661 20.0006 0)
(0.337661 20.0006 0)
(0.337661 20.0006 0)
(0.337662 20.0006 0)
(0.337662 20.0007 0)
(0.337662 20.0007 0)
(0.337662 20.0007 0)
(0.337662 20.0007 0)
(0.337662 20.0007 0)
(0.337662 20.0007 0)
(0.337662 20.0007 0)
(0.337662 20.0007 0)
(0.337662 20.0007 0)
(0.337662 20.0007 0)
(0.337662 20.0007 0)
(0.337662 20.0007 0)
(0.337662 20.0007 0)
(0.337662 20.0007 0)
(0.337662 20.0007 0)
(0.337662 20.0007 0)
(0.337662 20.0007 0)
(0.337662 20.0007 0)
(0.337662 20.0007 0)
(0.337662 20.0007 0)
(0.337662 20.0007 0)
(0.337662 20.0007 0)
(0.337662 20.0007 0)
(0.337662 20.0007 0)
(0.337662 20.0007 0)
(0.337662 20.0007 0)
(0.337662 20.0007 0)
(0.337663 20.0007 0)
(0.337663 20.0006 0)
(0.337664 20.0006 0)
(0.337664 20.0006 0)
(0.337666 20.0006 0)
(0.337667 20.0006 0)
(0.33767 20.0006 0)
(0.337674 20.0006 0)
(0.33768 20.0006 0)
(0.337688 20.0005 0)
(0.337702 20.0005 0)
(0.337722 20.0004 0)
(0.337755 20.0003 0)
(0.337807 20.0001 0)
(0.337894 19.9999 0)
(0.338044 19.9995 0)
(0.338306 19.9989 0)
(0.338788 19.9981 0)
(0.339637 19.9967 0)
(0.341222 19.9947 0)
(0.343619 19.992 0)
(0.347206 19.9895 0)
(0.23005 19.5351 0)
(0.234753 19.5923 0)
(0.24771 19.6685 0)
(0.257933 19.7367 0)
(0.264569 19.7909 0)
(0.269144 19.833 0)
(0.272365 19.8663 0)
(0.274939 19.8929 0)
(0.276977 19.9142 0)
(0.278656 19.9313 0)
(0.28002 19.9451 0)
(0.281137 19.9561 0)
(0.282044 19.965 0)
(0.28278 19.9721 0)
(0.283372 19.9778 0)
(0.283849 19.9824 0)
(0.284231 19.9861 0)
(0.284537 19.989 0)
(0.284781 19.9914 0)
(0.284975 19.9932 0)
(0.285129 19.9947 0)
(0.285252 19.996 0)
(0.285349 19.9969 0)
(0.285426 19.9977 0)
(0.285487 19.9983 0)
(0.285535 19.9988 0)
(0.285573 19.9992 0)
(0.285603 19.9995 0)
(0.285626 19.9997 0)
(0.285645 19.9999 0)
(0.28566 20.0001 0)
(0.285671 20.0002 0)
(0.285681 20.0003 0)
(0.285688 20.0004 0)
(0.285693 20.0004 0)
(0.285698 20.0005 0)
(0.285701 20.0005 0)
(0.285704 20.0005 0)
(0.285706 20.0006 0)
(0.285708 20.0006 0)
(0.285709 20.0006 0)
(0.28571 20.0006 0)
(0.285711 20.0006 0)
(0.285712 20.0006 0)
(0.285712 20.0006 0)
(0.285713 20.0006 0)
(0.285713 20.0006 0)
(0.285713 20.0006 0)
(0.285713 20.0006 0)
(0.285714 20.0006 0)
(0.285714 20.0006 0)
(0.285714 20.0006 0)
(0.285714 20.0007 0)
(0.285714 20.0007 0)
(0.285714 20.0007 0)
(0.285714 20.0007 0)
(0.285714 20.0007 0)
(0.285714 20.0007 0)
(0.285714 20.0007 0)
(0.285714 20.0007 0)
(0.285714 20.0007 0)
(0.285714 20.0007 0)
(0.285714 20.0007 0)
(0.285714 20.0007 0)
(0.285714 20.0007 0)
(0.285714 20.0007 0)
(0.285714 20.0007 0)
(0.285714 20.0007 0)
(0.285714 20.0007 0)
(0.285714 20.0007 0)
(0.285714 20.0007 0)
(0.285714 20.0007 0)
(0.285714 20.0007 0)
(0.285714 20.0007 0)
(0.285714 20.0007 0)
(0.285714 20.0007 0)
(0.285714 20.0007 0)
(0.285715 20.0007 0)
(0.285715 20.0006 0)
(0.285715 20.0006 0)
(0.285716 20.0006 0)
(0.285716 20.0006 0)
(0.285717 20.0006 0)
(0.285719 20.0006 0)
(0.285721 20.0006 0)
(0.285725 20.0006 0)
(0.28573 20.0006 0)
(0.285737 20.0005 0)
(0.285749 20.0005 0)
(0.285768 20.0004 0)
(0.285796 20.0003 0)
(0.285843 20.0001 0)
(0.285921 19.9998 0)
(0.286056 19.9994 0)
(0.286293 19.9988 0)
(0.286727 19.9978 0)
(0.287492 19.9964 0)
(0.288912 19.9941 0)
(0.291042 19.9909 0)
(0.294187 19.9879 0)
(0.187935 19.525 0)
(0.19155 19.5803 0)
(0.202014 19.6574 0)
(0.210396 19.7278 0)
(0.215933 19.7839 0)
(0.219767 19.8274 0)
(0.222484 19.8618 0)
(0.224655 19.8892 0)
(0.226377 19.9112 0)
(0.227795 19.9289 0)
(0.228948 19.9431 0)
(0.229892 19.9545 0)
(0.230659 19.9637 0)
(0.231281 19.9711 0)
(0.231783 19.977 0)
(0.232186 19.9818 0)
(0.23251 19.9856 0)
(0.232768 19.9886 0)
(0.232975 19.991 0)
(0.233139 19.993 0)
(0.23327 19.9945 0)
(0.233374 19.9958 0)
(0.233456 19.9968 0)
(0.233521 19.9976 0)
(0.233573 19.9982 0)
(0.233614 19.9987 0)
(0.233646 19.9991 0)
(0.233671 19.9994 0)
(0.233691 19.9997 0)
(0.233707 19.9999 0)
(0.23372 20 0)
(0.23373 20.0002 0)
(0.233737 20.0003 0)
(0.233744 20.0004 0)
(0.233748 20.0004 0)
(0.233752 20.0005 0)
(0.233755 20.0005 0)
(0.233758 20.0005 0)
(0.233759 20.0006 0)
(0.233761 20.0006 0)
(0.233762 20.0006 0)
(0.233763 20.0006 0)
(0.233764 20.0006 0)
(0.233764 20.0006 0)
(0.233765 20.0006 0)
(0.233765 20.0006 0)
(0.233765 20.0006 0)
(0.233765 20.0006 0)
(0.233766 20.0006 0)
(0.233766 20.0006 0)
(0.233766 20.0006 0)
(0.233766 20.0006 0)
(0.233766 20.0007 0)
(0.233766 20.0007 0)
(0.233766 20.0007 0)
(0.233766 20.0007 0)
(0.233766 20.0007 0)
(0.233766 20.0007 0)
(0.233766 20.0007 0)
(0.233766 20.0007 0)
(0.233766 20.0007 0)
(0.233766 20.0007 0)
(0.233766 20.0007 0)
(0.233766 20.0007 0)
(0.233766 20.0007 0)
(0.233766 20.0007 0)
(0.233766 20.0007 0)
(0.233766 20.0007 0)
(0.233766 20.0007 0)
(0.233766 20.0007 0)
(0.233766 20.0007 0)
(0.233766 20.0007 0)
(0.233766 20.0007 0)
(0.233766 20.0007 0)
(0.233766 20.0007 0)
(0.233766 20.0007 0)
(0.233766 20.0007 0)
(0.233767 20.0007 0)
(0.233767 20.0006 0)
(0.233767 20.0006 0)
(0.233767 20.0006 0)
(0.233768 20.0006 0)
(0.233769 20.0006 0)
(0.23377 20.0006 0)
(0.233772 20.0006 0)
(0.233775 20.0006 0)
(0.233779 20.0006 0)
(0.233786 20.0005 0)
(0.233796 20.0005 0)
(0.233812 20.0004 0)
(0.233836 20.0003 0)
(0.233876 20.0001 0)
(0.233943 19.9998 0)
(0.234059 19.9994 0)
(0.234263 19.9987 0)
(0.234638 19.9977 0)
(0.235295 19.996 0)
(0.236512 19.9935 0)
(0.238325 19.9899 0)
(0.240971 19.9866 0)
(0.145999 19.517 0)
(0.148673 19.5709 0)
(0.156721 19.6486 0)
(0.163247 19.7207 0)
(0.167618 19.7782 0)
(0.170654 19.8228 0)
(0.172819 19.8581 0)
(0.174548 19.8862 0)
(0.175921 19.9088 0)
(0.177051 19.9269 0)
(0.177971 19.9415 0)
(0.178724 19.9533 0)
(0.179336 19.9627 0)
(0.179832 19.9703 0)
(0.180233 19.9764 0)
(0.180555 19.9812 0)
(0.180813 19.9851 0)
(0.18102 19.9883 0)
(0.181185 19.9908 0)
(0.181316 19.9928 0)
(0.181421 19.9944 0)
(0.181504 19.9956 0)
(0.18157 19.9967 0)
(0.181622 19.9975 0)
(0.181663 19.9981 0)
(0.181696 19.9986 0)
(0.181722 19.9991 0)
(0.181742 19.9994 0)
(0.181758 19.9996 0)
(0.181771 19.9999 0)
(0.181781 20 0)
(0.181789 20.0002 0)
(0.181795 20.0003 0)
(0.1818 20.0003 0)
(0.181804 20.0004 0)
(0.181807 20.0005 0)
(0.181809 20.0005 0)
(0.181811 20.0005 0)
(0.181813 20.0006 0)
(0.181814 20.0006 0)
(0.181815 20.0006 0)
(0.181816 20.0006 0)
(0.181816 20.0006 0)
(0.181817 20.0006 0)
(0.181817 20.0006 0)
(0.181817 20.0006 0)
(0.181817 20.0006 0)
(0.181818 20.0006 0)
(0.181818 20.0006 0)
(0.181818 20.0006 0)
(0.181818 20.0006 0)
(0.181818 20.0006 0)
(0.181818 20.0006 0)
(0.181818 20.0007 0)
(0.181818 20.0007 0)
(0.181818 20.0007 0)
(0.181818 20.0007 0)
(0.181818 20.0007 0)
(0.181818 20.0007 0)
(0.181818 20.0007 0)
(0.181818 20.0007 0)
(0.181818 20.0007 0)
(0.181818 20.0007 0)
(0.181818 20.0007 0)
(0.181818 20.0007 0)
(0.181818 20.0007 0)
(0.181818 20.0007 0)
(0.181818 20.0007 0)
(0.181818 20.0007 0)
(0.181818 20.0007 0)
(0.181818 20.0007 0)
(0.181818 20.0007 0)
(0.181818 20.0007 0)
(0.181818 20.0007 0)
(0.181818 20.0007 0)
(0.181818 20.0007 0)
(0.181818 20.0007 0)
(0.181818 20.0007 0)
(0.181819 20.0006 0)
(0.181819 20.0006 0)
(0.181819 20.0006 0)
(0.18182 20.0006 0)
(0.18182 20.0006 0)
(0.181821 20.0006 0)
(0.181823 20.0006 0)
(0.181825 20.0006 0)
(0.181829 20.0006 0)
(0.181834 20.0005 0)
(0.181842 20.0005 0)
(0.181855 20.0004 0)
(0.181874 20.0003 0)
(0.181907 20.0001 0)
(0.18196 19.9998 0)
(0.182054 19.9993 0)
(0.18222 19.9986 0)
(0.182523 19.9975 0)
(0.183055 19.9958 0)
(0.184036 19.993 0)
(0.18549 19.9891 0)
(0.187592 19.9854 0)
(0.104196 19.511 0)
(0.106034 19.5638 0)
(0.111733 19.642 0)
(0.116396 19.7153 0)
(0.11955 19.7739 0)
(0.121748 19.8194 0)
(0.123321 19.8553 0)
(0.124578 19.8839 0)
(0.125577 19.907 0)
(0.126399 19.9255 0)
(0.127068 19.9404 0)
(0.127616 19.9523 0)
(0.128062 19.9619 0)
(0.128423 19.9697 0)
(0.128715 19.9759 0)
(0.128949 19.9808 0)
(0.129138 19.9848 0)
(0.129288 19.988 0)
(0.129408 19.9905 0)
(0.129504 19.9926 0)
(0.12958 19.9942 0)
(0.129641 19.9955 0)
(0.129689 19.9966 0)
(0.129727 19.9974 0)
(0.129757 19.9981 0)
(0.129781 19.9986 0)
(0.1298 19.999 0)
(0.129815 19.9994 0)
(0.129826 19.9996 0)
(0.129836 19.9998 0)
(0.129843 20 0)
(0.129849 20.0001 0)
(0.129853 20.0002 0)
(0.129857 20.0003 0)
(0.12986 20.0004 0)
(0.129862 20.0005 0)
(0.129864 20.0005 0)
(0.129865 20.0005 0)
(0.129866 20.0006 0)
(0.129867 20.0006 0)
(0.129868 20.0006 0)
(0.129868 20.0006 0)
(0.129869 20.0006 0)
(0.129869 20.0006 0)
(0.129869 20.0006 0)
(0.129869 20.0006 0)
(0.12987 20.0006 0)
(0.12987 20.0006 0)
(0.12987 20.0006 0)
(0.12987 20.0006 0)
(0.12987 20.0006 0)
(0.12987 20.0006 0)
(0.12987 20.0006 0)
(0.12987 20.0007 0)
(0.12987 20.0007 0)
(0.12987 20.0007 0)
(0.12987 20.0007 0)
(0.12987 20.0007 0)
(0.12987 20.0007 0)
(0.12987 20.0007 0)
(0.12987 20.0007 0)
(0.12987 20.0007 0)
(0.12987 20.0007 0)
(0.12987 20.0007 0)
(0.12987 20.0007 0)
(0.12987 20.0007 0)
(0.12987 20.0007 0)
(0.12987 20.0007 0)
(0.12987 20.0007 0)
(0.12987 20.0007 0)
(0.12987 20.0007 0)
(0.12987 20.0007 0)
(0.12987 20.0007 0)
(0.12987 20.0007 0)
(0.12987 20.0007 0)
(0.12987 20.0007 0)
(0.12987 20.0007 0)
(0.12987 20.0006 0)
(0.12987 20.0006 0)
(0.129871 20.0006 0)
(0.129871 20.0006 0)
(0.129871 20.0006 0)
(0.129872 20.0006 0)
(0.129872 20.0006 0)
(0.129874 20.0006 0)
(0.129875 20.0006 0)
(0.129878 20.0006 0)
(0.129882 20.0005 0)
(0.129888 20.0005 0)
(0.129897 20.0004 0)
(0.129911 20.0002 0)
(0.129935 20 0)
(0.129974 19.9997 0)
(0.130043 19.9993 0)
(0.130165 19.9985 0)
(0.130389 19.9974 0)
(0.13078 19.9955 0)
(0.131499 19.9927 0)
(0.132561 19.9884 0)
(0.134086 19.9846 0)
(0.0624828 19.5071 0)
(0.0635583 19.5591 0)
(0.0669569 19.6376 0)
(0.0697548 19.7117 0)
(0.07166 19.771 0)
(0.07299 19.8171 0)
(0.0739443 19.8534 0)
(0.074707 19.8824 0)
(0.0753133 19.9057 0)
(0.0758124 19.9245 0)
(0.0762187 19.9396 0)
(0.0765517 19.9517 0)
(0.0768224 19.9614 0)
(0.077042 19.9693 0)
(0.0772193 19.9755 0)
(0.077362 19.9806 0)
(0.0774765 19.9846 0)
(0.077568 19.9878 0)
(0.0776411 19.9904 0)
(0.0776994 19.9925 0)
(0.0777457 19.9941 0)
(0.0777825 19.9955 0)
(0.0778117 19.9965 0)
(0.0778349 19.9974 0)
(0.0778532 19.998 0)
(0.0778677 19.9986 0)
(0.0778792 19.999 0)
(0.0778882 19.9993 0)
(0.0778954 19.9996 0)
(0.0779011 19.9998 0)
(0.0779055 20 0)
(0.077909 20.0001 0)
(0.0779118 20.0002 0)
(0.077914 20.0003 0)
(0.0779157 20.0004 0)
(0.0779171 20.0004 0)
(0.0779181 20.0005 0)
(0.077919 20.0005 0)
(0.0779196 20.0006 0)
(0.0779202 20.0006 0)
(0.0779206 20.0006 0)
(0.0779209 20.0006 0)
(0.0779211 20.0006 0)
(0.0779214 20.0006 0)
(0.0779215 20.0006 0)
(0.0779216 20.0006 0)
(0.0779217 20.0006 0)
(0.0779218 20.0006 0)
(0.0779219 20.0006 0)
(0.0779219 20.0006 0)
(0.0779219 20.0006 0)
(0.077922 20.0006 0)
(0.077922 20.0006 0)
(0.077922 20.0006 0)
(0.077922 20.0007 0)
(0.077922 20.0007 0)
(0.077922 20.0007 0)
(0.077922 20.0007 0)
(0.077922 20.0007 0)
(0.077922 20.0007 0)
(0.077922 20.0007 0)
(0.077922 20.0007 0)
(0.077922 20.0007 0)
(0.0779221 20.0007 0)
(0.0779221 20.0007 0)
(0.0779221 20.0007 0)
(0.0779221 20.0007 0)
(0.0779221 20.0007 0)
(0.0779221 20.0007 0)
(0.0779221 20.0007 0)
(0.0779221 20.0007 0)
(0.0779221 20.0007 0)
(0.0779221 20.0007 0)
(0.0779221 20.0007 0)
(0.0779221 20.0007 0)
(0.0779221 20.0007 0)
(0.0779222 20.0007 0)
(0.0779222 20.0006 0)
(0.0779223 20.0006 0)
(0.0779224 20.0006 0)
(0.0779225 20.0006 0)
(0.0779227 20.0006 0)
(0.077923 20.0006 0)
(0.0779235 20.0006 0)
(0.0779242 20.0006 0)
(0.0779252 20.0006 0)
(0.0779267 20.0006 0)
(0.0779291 20.0005 0)
(0.0779327 20.0005 0)
(0.0779382 20.0004 0)
(0.0779471 20.0002 0)
(0.0779615 20 0)
(0.0779856 19.9997 0)
(0.0780279 19.9992 0)
(0.0781024 19.9985 0)
(0.0782393 19.9973 0)
(0.0784786 19.9954 0)
(0.0789178 19.9924 0)
(0.0795639 19.988 0)
(0.080488 19.984 0)
(0.0208228 19.5051 0)
(0.0211767 19.5568 0)
(0.0223061 19.6354 0)
(0.0232386 19.7099 0)
(0.0238755 19.7695 0)
(0.0243205 19.8159 0)
(0.0246401 19.8525 0)
(0.0248955 19.8817 0)
(0.0250986 19.9051 0)
(0.0252658 19.924 0)
(0.0254019 19.9392 0)
(0.0255135 19.9514 0)
(0.0256043 19.9612 0)
(0.0256781 19.969 0)
(0.0257376 19.9754 0)
(0.0257856 19.9804 0)
(0.0258241 19.9845 0)
(0.0258549 19.9877 0)
(0.0258795 19.9903 0)
(0.0258992 19.9924 0)
(0.0259148 19.9941 0)
(0.0259272 19.9954 0)
(0.025937 19.9965 0)
(0.0259448 19.9973 0)
(0.0259509 19.998 0)
(0.0259558 19.9985 0)
(0.0259597 19.999 0)
(0.0259627 19.9993 0)
(0.0259651 19.9996 0)
(0.025967 19.9998 0)
(0.0259685 20 0)
(0.0259697 20.0001 0)
(0.0259706 20.0002 0)
(0.0259713 20.0003 0)
(0.0259719 20.0004 0)
(0.0259723 20.0004 0)
(0.0259727 20.0005 0)
(0.025973 20.0005 0)
(0.0259732 20.0006 0)
(0.0259734 20.0006 0)
(0.0259735 20.0006 0)
(0.0259736 20.0006 0)
(0.0259737 20.0006 0)
(0.0259738 20.0006 0)
(0.0259738 20.0006 0)
(0.0259739 20.0006 0)
(0.0259739 20.0006 0)
(0.0259739 20.0006 0)
(0.025974 20.0006 0)
(0.025974 20.0006 0)
(0.025974 20.0006 0)
(0.025974 20.0006 0)
(0.025974 20.0006 0)
(0.025974 20.0006 0)
(0.025974 20.0007 0)
(0.025974 20.0007 0)
(0.025974 20.0007 0)
(0.025974 20.0007 0)
(0.025974 20.0007 0)
(0.025974 20.0007 0)
(0.025974 20.0007 0)
(0.025974 20.0007 0)
(0.025974 20.0007 0)
(0.025974 20.0007 0)
(0.025974 20.0007 0)
(0.025974 20.0007 0)
(0.025974 20.0007 0)
(0.025974 20.0007 0)
(0.025974 20.0007 0)
(0.025974 20.0007 0)
(0.025974 20.0007 0)
(0.025974 20.0007 0)
(0.025974 20.0007 0)
(0.025974 20.0007 0)
(0.025974 20.0007 0)
(0.025974 20.0007 0)
(0.0259741 20.0007 0)
(0.0259741 20.0006 0)
(0.0259741 20.0006 0)
(0.0259741 20.0006 0)
(0.0259742 20.0006 0)
(0.0259743 20.0006 0)
(0.0259743 20.0006 0)
(0.0259745 20.0006 0)
(0.0259747 20.0006 0)
(0.025975 20.0006 0)
(0.0259756 20.0006 0)
(0.0259763 20.0005 0)
(0.0259775 20.0005 0)
(0.0259794 20.0004 0)
(0.0259824 20.0002 0)
(0.0259872 20 0)
(0.0259954 19.9997 0)
(0.0260096 19.9992 0)
(0.0260347 19.9985 0)
(0.0260808 19.9973 0)
(0.0261614 19.9953 0)
(0.026309 19.9923 0)
(0.026526 19.9878 0)
(0.0268355 19.9837 0)
(-0.0208199 19.5051 0)
(-0.0211738 19.5568 0)
(-0.0223033 19.6354 0)
(-0.0232362 19.7099 0)
(-0.0238737 19.7695 0)
(-0.0243194 19.8159 0)
(-0.0246398 19.8525 0)
(-0.024896 19.8817 0)
(-0.0250999 19.9051 0)
(-0.0252676 19.924 0)
(-0.0254042 19.9392 0)
(-0.0255159 19.9514 0)
(-0.0256067 19.9612 0)
(-0.0256802 19.969 0)
(-0.0257395 19.9754 0)
(-0.0257871 19.9804 0)
(-0.0258253 19.9845 0)
(-0.0258558 19.9877 0)
(-0.0258802 19.9903 0)
(-0.0258995 19.9924 0)
(-0.025915 19.9941 0)
(-0.0259272 19.9954 0)
(-0.0259369 19.9965 0)
(-0.0259447 19.9973 0)
(-0.0259508 19.998 0)
(-0.0259556 19.9985 0)
(-0.0259595 19.999 0)
(-0.0259625 19.9993 0)
(-0.0259649 19.9996 0)
(-0.0259668 19.9998 0)
(-0.0259683 20 0)
(-0.0259695 20.0001 0)
(-0.0259705 20.0002 0)
(-0.0259713 20.0003 0)
(-0.0259719 20.0004 0)
(-0.0259723 20.0004 0)
(-0.0259727 20.0005 0)
(-0.025973 20.0005 0)
(-0.0259732 20.0006 0)
(-0.0259734 20.0006 0)
(-0.0259735 20.0006 0)
(-0.0259736 20.0006 0)
(-0.0259737 20.0006 0)
(-0.0259738 20.0006 0)
(-0.0259738 20.0006 0)
(-0.0259738 20.0006 0)
(-0.0259739 20.0006 0)
(-0.0259739 20.0006 0)
(-0.0259739 20.0006 0)
(-0.025974 20.0006 0)
(-0.025974 20.0006 0)
(-0.025974 20.0006 0)
(-0.025974 20.0006 0)
(-0.025974 20.0006 0)
(-0.025974 20.0007 0)
(-0.025974 20.0007 0)
(-0.0259741 20.0007 0)
(-0.025974 20.0007 0)
(-0.025974 20.0007 0)
(-0.025974 20.0007 0)
(-0.025974 20.0007 0)
(-0.025974 20.0007 0)
(-0.025974 20.0007 0)
(-0.025974 20.0007 0)
(-0.025974 20.0007 0)
(-0.025974 20.0007 0)
(-0.025974 20.0007 0)
(-0.025974 20.0007 0)
(-0.025974 20.0007 0)
(-0.025974 20.0007 0)
(-0.025974 20.0007 0)
(-0.025974 20.0007 0)
(-0.025974 20.0007 0)
(-0.025974 20.0007 0)
(-0.025974 20.0007 0)
(-0.025974 20.0007 0)
(-0.025974 20.0007 0)
(-0.0259741 20.0006 0)
(-0.0259741 20.0006 0)
(-0.0259741 20.0006 0)
(-0.0259742 20.0006 0)
(-0.0259742 20.0006 0)
(-0.0259743 20.0006 0)
(-0.0259745 20.0006 0)
(-0.0259748 20.0006 0)
(-0.0259751 20.0006 0)
(-0.0259757 20.0006 0)
(-0.0259765 20.0005 0)
(-0.0259777 20.0005 0)
(-0.0259795 20.0004 0)
(-0.0259825 20.0002 0)
(-0.0259873 20 0)
(-0.0259954 19.9997 0)
(-0.0260096 19.9992 0)
(-0.0260347 19.9985 0)
(-0.0260807 19.9973 0)
(-0.0261612 19.9953 0)
(-0.0263088 19.9923 0)
(-0.0265258 19.9878 0)
(-0.0268353 19.9837 0)
(-0.06248 19.5071 0)
(-0.0635553 19.5591 0)
(-0.0669542 19.6376 0)
(-0.0697524 19.7117 0)
(-0.0716582 19.771 0)
(-0.0729889 19.8171 0)
(-0.073944 19.8534 0)
(-0.0747075 19.8824 0)
(-0.0753146 19.9057 0)
(-0.0758143 19.9245 0)
(-0.076221 19.9396 0)
(-0.0765541 19.9517 0)
(-0.0768247 19.9614 0)
(-0.0770442 19.9693 0)
(-0.0772212 19.9755 0)
(-0.0773636 19.9806 0)
(-0.0774777 19.9846 0)
(-0.0775689 19.9878 0)
(-0.0776417 19.9904 0)
(-0.0776997 19.9925 0)
(-0.0777459 19.9941 0)
(-0.0777826 19.9955 0)
(-0.0778117 19.9965 0)
(-0.0778347 19.9974 0)
(-0.077853 19.998 0)
(-0.0778675 19.9986 0)
(-0.077879 19.999 0)
(-0.077888 19.9993 0)
(-0.0778952 19.9996 0)
(-0.0779009 19.9998 0)
(-0.0779053 20 0)
(-0.0779089 20.0001 0)
(-0.0779117 20.0002 0)
(-0.0779139 20.0003 0)
(-0.0779157 20.0004 0)
(-0.077917 20.0004 0)
(-0.0779181 20.0005 0)
(-0.077919 20.0005 0)
(-0.0779196 20.0006 0)
(-0.0779201 20.0006 0)
(-0.0779206 20.0006 0)
(-0.0779209 20.0006 0)
(-0.0779211 20.0006 0)
(-0.0779213 20.0006 0)
(-0.0779215 20.0006 0)
(-0.0779216 20.0006 0)
(-0.0779217 20.0006 0)
(-0.0779218 20.0006 0)
(-0.0779219 20.0006 0)
(-0.0779219 20.0006 0)
(-0.0779219 20.0006 0)
(-0.077922 20.0006 0)
(-0.077922 20.0006 0)
(-0.077922 20.0006 0)
(-0.0779221 20.0007 0)
(-0.0779221 20.0007 0)
(-0.0779221 20.0007 0)
(-0.0779221 20.0007 0)
(-0.0779221 20.0007 0)
(-0.0779221 20.0007 0)
(-0.0779221 20.0007 0)
(-0.0779221 20.0007 0)
(-0.0779221 20.0007 0)
(-0.0779221 20.0007 0)
(-0.0779221 20.0007 0)
(-0.0779221 20.0007 0)
(-0.0779221 20.0007 0)
(-0.0779221 20.0007 0)
(-0.0779221 20.0007 0)
(-0.0779221 20.0007 0)
(-0.0779221 20.0007 0)
(-0.0779221 20.0007 0)
(-0.0779221 20.0007 0)
(-0.0779221 20.0007 0)
(-0.0779221 20.0007 0)
(-0.0779221 20.0007 0)
(-0.0779221 20.0007 0)
(-0.0779222 20.0006 0)
(-0.0779222 20.0006 0)
(-0.0779223 20.0006 0)
(-0.0779225 20.0006 0)
(-0.0779227 20.0006 0)
(-0.077923 20.0006 0)
(-0.0779235 20.0006 0)
(-0.0779242 20.0006 0)
(-0.0779253 20.0006 0)
(-0.0779268 20.0006 0)
(-0.0779292 20.0005 0)
(-0.0779328 20.0005 0)
(-0.0779383 20.0004 0)
(-0.0779472 20.0002 0)
(-0.0779615 20 0)
(-0.0779857 19.9997 0)
(-0.0780279 19.9992 0)
(-0.0781024 19.9985 0)
(-0.0782392 19.9973 0)
(-0.0784785 19.9954 0)
(-0.0789176 19.9924 0)
(-0.0795637 19.988 0)
(-0.0804878 19.984 0)
(-0.104193 19.511 0)
(-0.106031 19.5638 0)
(-0.11173 19.642 0)
(-0.116394 19.7153 0)
(-0.119549 19.7739 0)
(-0.121747 19.8194 0)
(-0.123321 19.8553 0)
(-0.124578 19.8839 0)
(-0.125578 19.907 0)
(-0.126401 19.9255 0)
(-0.12707 19.9404 0)
(-0.127618 19.9523 0)
(-0.128064 19.9619 0)
(-0.128425 19.9697 0)
(-0.128717 19.9759 0)
(-0.128951 19.9808 0)
(-0.129139 19.9848 0)
(-0.129289 19.988 0)
(-0.129409 19.9905 0)
(-0.129504 19.9926 0)
(-0.12958 19.9942 0)
(-0.129641 19.9955 0)
(-0.129689 19.9966 0)
(-0.129727 19.9974 0)
(-0.129757 19.9981 0)
(-0.129781 19.9986 0)
(-0.129799 19.999 0)
(-0.129814 19.9994 0)
(-0.129826 19.9996 0)
(-0.129835 19.9998 0)
(-0.129843 20 0)
(-0.129849 20.0001 0)
(-0.129853 20.0002 0)
(-0.129857 20.0003 0)
(-0.12986 20.0004 0)
(-0.129862 20.0005 0)
(-0.129864 20.0005 0)
(-0.129865 20.0005 0)
(-0.129866 20.0006 0)
(-0.129867 20.0006 0)
(-0.129868 20.0006 0)
(-0.129868 20.0006 0)
(-0.129869 20.0006 0)
(-0.129869 20.0006 0)
(-0.129869 20.0006 0)
(-0.129869 20.0006 0)
(-0.12987 20.0006 0)
(-0.12987 20.0006 0)
(-0.12987 20.0006 0)
(-0.12987 20.0006 0)
(-0.12987 20.0006 0)
(-0.12987 20.0006 0)
(-0.12987 20.0006 0)
(-0.12987 20.0007 0)
(-0.12987 20.0007 0)
(-0.12987 20.0007 0)
(-0.12987 20.0007 0)
(-0.12987 20.0007 0)
(-0.12987 20.0007 0)
(-0.12987 20.0007 0)
(-0.12987 20.0007 0)
(-0.12987 20.0007 0)
(-0.12987 20.0007 0)
(-0.12987 20.0007 0)
(-0.12987 20.0007 0)
(-0.12987 20.0007 0)
(-0.12987 20.0007 0)
(-0.12987 20.0007 0)
(-0.12987 20.0007 0)
(-0.12987 20.0007 0)
(-0.12987 20.0007 0)
(-0.12987 20.0007 0)
(-0.12987 20.0007 0)
(-0.12987 20.0007 0)
(-0.12987 20.0007 0)
(-0.12987 20.0007 0)
(-0.12987 20.0007 0)
(-0.12987 20.0006 0)
(-0.12987 20.0006 0)
(-0.129871 20.0006 0)
(-0.129871 20.0006 0)
(-0.129871 20.0006 0)
(-0.129872 20.0006 0)
(-0.129872 20.0006 0)
(-0.129874 20.0006 0)
(-0.129875 20.0006 0)
(-0.129878 20.0006 0)
(-0.129882 20.0005 0)
(-0.129888 20.0005 0)
(-0.129897 20.0004 0)
(-0.129911 20.0002 0)
(-0.129935 20 0)
(-0.129974 19.9997 0)
(-0.130043 19.9993 0)
(-0.130165 19.9985 0)
(-0.130389 19.9974 0)
(-0.13078 19.9955 0)
(-0.131499 19.9927 0)
(-0.132561 19.9884 0)
(-0.134085 19.9846 0)
(-0.145997 19.517 0)
(-0.14867 19.5709 0)
(-0.156719 19.6486 0)
(-0.163245 19.7207 0)
(-0.167616 19.7782 0)
(-0.170653 19.8228 0)
(-0.172818 19.8581 0)
(-0.174548 19.8862 0)
(-0.175922 19.9088 0)
(-0.177053 19.9269 0)
(-0.177973 19.9415 0)
(-0.178726 19.9533 0)
(-0.179338 19.9627 0)
(-0.179834 19.9703 0)
(-0.180235 19.9764 0)
(-0.180557 19.9812 0)
(-0.180815 19.9851 0)
(-0.181021 19.9883 0)
(-0.181186 19.9908 0)
(-0.181317 19.9928 0)
(-0.181421 19.9944 0)
(-0.181504 19.9956 0)
(-0.18157 19.9967 0)
(-0.181622 19.9975 0)
(-0.181663 19.9981 0)
(-0.181696 19.9986 0)
(-0.181721 19.9991 0)
(-0.181742 19.9994 0)
(-0.181758 19.9996 0)
(-0.181771 19.9999 0)
(-0.181781 20 0)
(-0.181789 20.0002 0)
(-0.181795 20.0003 0)
(-0.1818 20.0003 0)
(-0.181804 20.0004 0)
(-0.181807 20.0005 0)
(-0.181809 20.0005 0)
(-0.181811 20.0005 0)
(-0.181813 20.0006 0)
(-0.181814 20.0006 0)
(-0.181815 20.0006 0)
(-0.181816 20.0006 0)
(-0.181816 20.0006 0)
(-0.181817 20.0006 0)
(-0.181817 20.0006 0)
(-0.181817 20.0006 0)
(-0.181817 20.0006 0)
(-0.181818 20.0006 0)
(-0.181818 20.0006 0)
(-0.181818 20.0006 0)
(-0.181818 20.0006 0)
(-0.181818 20.0006 0)
(-0.181818 20.0006 0)
(-0.181818 20.0007 0)
(-0.181818 20.0007 0)
(-0.181818 20.0007 0)
(-0.181818 20.0007 0)
(-0.181818 20.0007 0)
(-0.181818 20.0007 0)
(-0.181818 20.0007 0)
(-0.181818 20.0007 0)
(-0.181818 20.0007 0)
(-0.181818 20.0007 0)
(-0.181818 20.0007 0)
(-0.181818 20.0007 0)
(-0.181818 20.0007 0)
(-0.181818 20.0007 0)
(-0.181818 20.0007 0)
(-0.181818 20.0007 0)
(-0.181818 20.0007 0)
(-0.181818 20.0007 0)
(-0.181818 20.0007 0)
(-0.181818 20.0007 0)
(-0.181818 20.0007 0)
(-0.181818 20.0007 0)
(-0.181818 20.0007 0)
(-0.181818 20.0007 0)
(-0.181818 20.0007 0)
(-0.181819 20.0006 0)
(-0.181819 20.0006 0)
(-0.181819 20.0006 0)
(-0.18182 20.0006 0)
(-0.18182 20.0006 0)
(-0.181821 20.0006 0)
(-0.181823 20.0006 0)
(-0.181825 20.0006 0)
(-0.181829 20.0006 0)
(-0.181834 20.0005 0)
(-0.181842 20.0005 0)
(-0.181855 20.0004 0)
(-0.181874 20.0003 0)
(-0.181907 20.0001 0)
(-0.18196 19.9998 0)
(-0.182054 19.9993 0)
(-0.18222 19.9986 0)
(-0.182523 19.9975 0)
(-0.183055 19.9958 0)
(-0.184036 19.993 0)
(-0.18549 19.9891 0)
(-0.187592 19.9854 0)
(-0.187932 19.525 0)
(-0.191547 19.5803 0)
(-0.202011 19.6574 0)
(-0.210394 19.7278 0)
(-0.215932 19.7839 0)
(-0.219766 19.8274 0)
(-0.222484 19.8618 0)
(-0.224656 19.8892 0)
(-0.226379 19.9112 0)
(-0.227797 19.9289 0)
(-0.22895 19.9431 0)
(-0.229894 19.9545 0)
(-0.230661 19.9637 0)
(-0.231283 19.9711 0)
(-0.231784 19.977 0)
(-0.232188 19.9818 0)
(-0.232511 19.9856 0)
(-0.232769 19.9886 0)
(-0.232975 19.991 0)
(-0.233139 19.993 0)
(-0.23327 19.9945 0)
(-0.233374 19.9958 0)
(-0.233456 19.9968 0)
(-0.233521 19.9976 0)
(-0.233573 19.9982 0)
(-0.233613 19.9987 0)
(-0.233646 19.9991 0)
(-0.233671 19.9994 0)
(-0.233691 19.9997 0)
(-0.233707 19.9999 0)
(-0.23372 20 0)
(-0.23373 20.0002 0)
(-0.233737 20.0003 0)
(-0.233744 20.0004 0)
(-0.233748 20.0004 0)
(-0.233752 20.0005 0)
(-0.233755 20.0005 0)
(-0.233758 20.0005 0)
(-0.233759 20.0006 0)
(-0.233761 20.0006 0)
(-0.233762 20.0006 0)
(-0.233763 20.0006 0)
(-0.233764 20.0006 0)
(-0.233764 20.0006 0)
(-0.233765 20.0006 0)
(-0.233765 20.0006 0)
(-0.233765 20.0006 0)
(-0.233765 20.0006 0)
(-0.233766 20.0006 0)
(-0.233766 20.0006 0)
(-0.233766 20.0006 0)
(-0.233766 20.0006 0)
(-0.233766 20.0007 0)
(-0.233766 20.0007 0)
(-0.233766 20.0007 0)
(-0.233766 20.0007 0)
(-0.233766 20.0007 0)
(-0.233766 20.0007 0)
(-0.233766 20.0007 0)
(-0.233766 20.0007 0)
(-0.233766 20.0007 0)
(-0.233766 20.0007 0)
(-0.233766 20.0007 0)
(-0.233766 20.0007 0)
(-0.233766 20.0007 0)
(-0.233766 20.0007 0)
(-0.233766 20.0007 0)
(-0.233766 20.0007 0)
(-0.233766 20.0007 0)
(-0.233766 20.0007 0)
(-0.233766 20.0007 0)
(-0.233766 20.0007 0)
(-0.233766 20.0007 0)
(-0.233766 20.0007 0)
(-0.233766 20.0007 0)
(-0.233766 20.0007 0)
(-0.233766 20.0007 0)
(-0.233767 20.0007 0)
(-0.233767 20.0006 0)
(-0.233767 20.0006 0)
(-0.233767 20.0006 0)
(-0.233768 20.0006 0)
(-0.233769 20.0006 0)
(-0.23377 20.0006 0)
(-0.233772 20.0006 0)
(-0.233775 20.0006 0)
(-0.233779 20.0006 0)
(-0.233786 20.0005 0)
(-0.233796 20.0005 0)
(-0.233812 20.0004 0)
(-0.233836 20.0003 0)
(-0.233876 20.0001 0)
(-0.233943 19.9998 0)
(-0.234059 19.9994 0)
(-0.234263 19.9987 0)
(-0.234638 19.9977 0)
(-0.235295 19.996 0)
(-0.236512 19.9935 0)
(-0.238325 19.9899 0)
(-0.240971 19.9866 0)
(-0.230047 19.5351 0)
(-0.23475 19.5923 0)
(-0.247708 19.6685 0)
(-0.257931 19.7367 0)
(-0.264568 19.7909 0)
(-0.269143 19.833 0)
(-0.272365 19.8663 0)
(-0.274939 19.8929 0)
(-0.276979 19.9142 0)
(-0.278658 19.9313 0)
(-0.280022 19.9451 0)
(-0.28114 19.9561 0)
(-0.282046 19.965 0)
(-0.282782 19.9721 0)
(-0.283374 19.9778 0)
(-0.283851 19.9824 0)
(-0.284232 19.9861 0)
(-0.284538 19.989 0)
(-0.284781 19.9914 0)
(-0.284975 19.9932 0)
(-0.285129 19.9947 0)
(-0.285252 19.996 0)
(-0.285349 19.9969 0)
(-0.285426 19.9977 0)
(-0.285486 19.9983 0)
(-0.285535 19.9988 0)
(-0.285573 19.9992 0)
(-0.285603 19.9995 0)
(-0.285626 19.9997 0)
(-0.285645 19.9999 0)
(-0.28566 20.0001 0)
(-0.285671 20.0002 0)
(-0.28568 20.0003 0)
(-0.285688 20.0004 0)
(-0.285693 20.0004 0)
(-0.285698 20.0005 0)
(-0.285701 20.0005 0)
(-0.285704 20.0005 0)
(-0.285706 20.0006 0)
(-0.285708 20.0006 0)
(-0.285709 20.0006 0)
(-0.28571 20.0006 0)
(-0.285711 20.0006 0)
(-0.285712 20.0006 0)
(-0.285712 20.0006 0)
(-0.285713 20.0006 0)
(-0.285713 20.0006 0)
(-0.285713 20.0006 0)
(-0.285713 20.0006 0)
(-0.285714 20.0006 0)
(-0.285714 20.0006 0)
(-0.285714 20.0006 0)
(-0.285714 20.0007 0)
(-0.285714 20.0007 0)
(-0.285714 20.0007 0)
(-0.285714 20.0007 0)
(-0.285714 20.0007 0)
(-0.285714 20.0007 0)
(-0.285714 20.0007 0)
(-0.285714 20.0007 0)
(-0.285714 20.0007 0)
(-0.285714 20.0007 0)
(-0.285714 20.0007 0)
(-0.285714 20.0007 0)
(-0.285714 20.0007 0)
(-0.285714 20.0007 0)
(-0.285714 20.0007 0)
(-0.285714 20.0007 0)
(-0.285714 20.0007 0)
(-0.285714 20.0007 0)
(-0.285714 20.0007 0)
(-0.285714 20.0007 0)
(-0.285714 20.0007 0)
(-0.285714 20.0007 0)
(-0.285714 20.0007 0)
(-0.285714 20.0007 0)
(-0.285714 20.0007 0)
(-0.285715 20.0007 0)
(-0.285715 20.0006 0)
(-0.285715 20.0006 0)
(-0.285716 20.0006 0)
(-0.285716 20.0006 0)
(-0.285717 20.0006 0)
(-0.285719 20.0006 0)
(-0.285721 20.0006 0)
(-0.285725 20.0006 0)
(-0.28573 20.0006 0)
(-0.285738 20.0005 0)
(-0.285749 20.0005 0)
(-0.285768 20.0004 0)
(-0.285797 20.0003 0)
(-0.285843 20.0001 0)
(-0.285921 19.9998 0)
(-0.286056 19.9994 0)
(-0.286293 19.9988 0)
(-0.286727 19.9978 0)
(-0.287492 19.9964 0)
(-0.288912 19.9941 0)
(-0.291042 19.9909 0)
(-0.294187 19.9879 0)
(-0.272398 19.5475 0)
(-0.278383 19.6068 0)
(-0.293917 19.6817 0)
(-0.305951 19.7473 0)
(-0.313595 19.7993 0)
(-0.318842 19.8397 0)
(-0.322506 19.8717 0)
(-0.325435 19.8972 0)
(-0.327752 19.9177 0)
(-0.32966 19.9341 0)
(-0.331209 19.9473 0)
(-0.332477 19.958 0)
(-0.333506 19.9665 0)
(-0.33434 19.9733 0)
(-0.335012 19.9788 0)
(-0.335553 19.9832 0)
(-0.335985 19.9867 0)
(-0.336331 19.9895 0)
(-0.336607 19.9918 0)
(-0.336827 19.9936 0)
(-0.337001 19.995 0)
(-0.33714 19.9962 0)
(-0.33725 19.9971 0)
(-0.337337 19.9978 0)
(-0.337405 19.9984 0)
(-0.33746 19.9989 0)
(-0.337503 19.9992 0)
(-0.337537 19.9995 0)
(-0.337563 19.9998 0)
(-0.337584 19.9999 0)
(-0.337601 20.0001 0)
(-0.337614 20.0002 0)
(-0.337624 20.0003 0)
(-0.337632 20.0004 0)
(-0.337639 20.0004 0)
(-0.337644 20.0005 0)
(-0.337648 20.0005 0)
(-0.337651 20.0005 0)
(-0.337653 20.0006 0)
(-0.337655 20.0006 0)
(-0.337657 20.0006 0)
(-0.337658 20.0006 0)
(-0.337659 20.0006 0)
(-0.337659 20.0006 0)
(-0.33766 20.0006 0)
(-0.33766 20.0006 0)
(-0.337661 20.0006 0)
(-0.337661 20.0006 0)
(-0.337661 20.0006 0)
(-0.337661 20.0006 0)
(-0.337662 20.0006 0)
(-0.337662 20.0007 0)
(-0.337662 20.0007 0)
(-0.337662 20.0007 0)
(-0.337662 20.0007 0)
(-0.337662 20.0007 0)
(-0.337662 20.0007 0)
(-0.337662 20.0007 0)
(-0.337662 20.0007 0)
(-0.337662 20.0007 0)
(-0.337662 20.0007 0)
(-0.337662 20.0007 0)
(-0.337662 20.0007 0)
(-0.337662 20.0007 0)
(-0.337662 20.0007 0)
(-0.337662 20.0007 0)
(-0.337662 20.0007 0)
(-0.337662 20.0007 0)
(-0.337662 20.0007 0)
(-0.337662 20.0007 0)
(-0.337662 20.0007 0)
(-0.337662 20.0007 0)
(-0.337662 20.0007 0)
(-0.337662 20.0007 0)
(-0.337662 20.0007 0)
(-0.337662 20.0007 0)
(-0.337662 20.0007 0)
(-0.337662 20.0007 0)
(-0.337663 20.0007 0)
(-0.337663 20.0006 0)
(-0.337664 20.0006 0)
(-0.337664 20.0006 0)
(-0.337666 20.0006 0)
(-0.337667 20.0006 0)
(-0.33767 20.0006 0)
(-0.337674 20.0006 0)
(-0.33768 20.0006 0)
(-0.337688 20.0005 0)
(-0.337702 20.0005 0)
(-0.337722 20.0004 0)
(-0.337755 20.0003 0)
(-0.337807 20.0001 0)
(-0.337894 19.9999 0)
(-0.338044 19.9995 0)
(-0.338306 19.9989 0)
(-0.338788 19.9981 0)
(-0.339637 19.9967 0)
(-0.341222 19.9947 0)
(-0.343619 19.992 0)
(-0.347206 19.9895 0)
(-0.315052 19.5622 0)
(-0.322573 19.6239 0)
(-0.34076 19.6971 0)
(-0.354553 19.7595 0)
(-0.363087 19.8089 0)
(-0.368918 19.8474 0)
(-0.372951 19.8779 0)
(-0.376179 19.9023 0)
(-0.378727 19.9218 0)
(-0.380826 19.9374 0)
(-0.38253 19.95 0)
(-0.383923 19.9601 0)
(-0.385054 19.9682 0)
(-0.385969 19.9747 0)
(-0.386707 19.9799 0)
(-0.387299 19.984 0)
(-0.387774 19.9874 0)
(-0.388153 19.9901 0)
(-0.388456 19.9922 0)
(-0.388697 19.9939 0)
(-0.388888 19.9953 0)
(-0.38904 19.9964 0)
(-0.38916 19.9973 0)
(-0.389255 19.998 0)
(-0.38933 19.9985 0)
(-0.389389 19.999 0)
(-0.389436 19.9993 0)
(-0.389473 19.9996 0)
(-0.389502 19.9998 0)
(-0.389525 20 0)
(-0.389543 20.0001 0)
(-0.389558 20.0002 0)
(-0.389569 20.0003 0)
(-0.389577 20.0004 0)
(-0.389584 20.0005 0)
(-0.38959 20.0005 0)
(-0.389594 20.0005 0)
(-0.389597 20.0006 0)
(-0.3896 20.0006 0)
(-0.389602 20.0006 0)
(-0.389604 20.0006 0)
(-0.389605 20.0006 0)
(-0.389606 20.0006 0)
(-0.389607 20.0006 0)
(-0.389607 20.0006 0)
(-0.389608 20.0006 0)
(-0.389608 20.0006 0)
(-0.389608 20.0006 0)
(-0.389609 20.0006 0)
(-0.389609 20.0006 0)
(-0.389609 20.0006 0)
(-0.389609 20.0007 0)
(-0.389609 20.0007 0)
(-0.389609 20.0007 0)
(-0.389609 20.0007 0)
(-0.389609 20.0007 0)
(-0.389609 20.0007 0)
(-0.389609 20.0007 0)
(-0.389609 20.0007 0)
(-0.389609 20.0007 0)
(-0.389609 20.0007 0)
(-0.389609 20.0007 0)
(-0.389609 20.0007 0)
(-0.389609 20.0007 0)
(-0.389609 20.0007 0)
(-0.389609 20.0007 0)
(-0.389609 20.0007 0)
(-0.389609 20.0007 0)
(-0.389609 20.0007 0)
(-0.389609 20.0007 0)
(-0.389609 20.0007 0)
(-0.389609 20.0007 0)
(-0.389609 20.0007 0)
(-0.389609 20.0007 0)
(-0.38961 20.0007 0)
(-0.38961 20.0007 0)
(-0.38961 20.0007 0)
(-0.38961 20.0007 0)
(-0.38961 20.0007 0)
(-0.389611 20.0006 0)
(-0.389611 20.0006 0)
(-0.389612 20.0006 0)
(-0.389613 20.0006 0)
(-0.389615 20.0006 0)
(-0.389618 20.0006 0)
(-0.389622 20.0006 0)
(-0.389629 20.0006 0)
(-0.389638 20.0006 0)
(-0.389653 20.0005 0)
(-0.389675 20.0004 0)
(-0.38971 20.0003 0)
(-0.389767 20.0002 0)
(-0.38986 19.9999 0)
(-0.390021 19.9996 0)
(-0.390302 19.9991 0)
(-0.390816 19.9983 0)
(-0.391725 19.9971 0)
(-0.393431 19.9955 0)
(-0.396035 19.9932 0)
(-0.399994 19.9912 0)
(-0.358096 19.5796 0)
(-0.367477 19.6437 0)
(-0.38837 19.7147 0)
(-0.403839 19.7734 0)
(-0.413114 19.8198 0)
(-0.419425 19.8561 0)
(-0.423743 19.8849 0)
(-0.427205 19.9079 0)
(-0.429931 19.9263 0)
(-0.432179 19.9411 0)
(-0.434001 19.9529 0)
(-0.435491 19.9624 0)
(-0.436698 19.9701 0)
(-0.437676 19.9762 0)
(-0.438464 19.9811 0)
(-0.439096 19.985 0)
(-0.439603 19.9882 0)
(-0.440007 19.9907 0)
(-0.44033 19.9927 0)
(-0.440586 19.9943 0)
(-0.44079 19.9956 0)
(-0.440951 19.9967 0)
(-0.441079 19.9975 0)
(-0.44118 19.9981 0)
(-0.44126 19.9987 0)
(-0.441323 19.9991 0)
(-0.441373 19.9994 0)
(-0.441412 19.9997 0)
(-0.441443 19.9999 0)
(-0.441467 20 0)
(-0.441486 20.0002 0)
(-0.441501 20.0003 0)
(-0.441513 20.0004 0)
(-0.441522 20.0004 0)
(-0.441529 20.0005 0)
(-0.441535 20.0005 0)
(-0.44154 20.0005 0)
(-0.441543 20.0006 0)
(-0.441546 20.0006 0)
(-0.441548 20.0006 0)
(-0.44155 20.0006 0)
(-0.441551 20.0006 0)
(-0.441552 20.0006 0)
(-0.441553 20.0006 0)
(-0.441553 20.0006 0)
(-0.441554 20.0006 0)
(-0.441554 20.0006 0)
(-0.441554 20.0006 0)
(-0.441555 20.0006 0)
(-0.441555 20.0006 0)
(-0.441555 20.0007 0)
(-0.441555 20.0007 0)
(-0.441555 20.0007 0)
(-0.441555 20.0007 0)
(-0.441555 20.0007 0)
(-0.441555 20.0007 0)
(-0.441555 20.0007 0)
(-0.441555 20.0007 0)
(-0.441555 20.0007 0)
(-0.441555 20.0007 0)
(-0.441555 20.0007 0)
(-0.441555 20.0007 0)
(-0.441555 20.0007 0)
(-0.441555 20.0007 0)
(-0.441555 20.0007 0)
(-0.441555 20.0007 0)
(-0.441555 20.0007 0)
(-0.441555 20.0007 0)
(-0.441555 20.0007 0)
(-0.441555 20.0007 0)
(-0.441556 20.0007 0)
(-0.441556 20.0007 0)
(-0.441556 20.0007 0)
(-0.441556 20.0007 0)
(-0.441556 20.0007 0)
(-0.441556 20.0007 0)
(-0.441556 20.0007 0)
(-0.441556 20.0007 0)
(-0.441556 20.0007 0)
(-0.441557 20.0006 0)
(-0.441557 20.0006 0)
(-0.441558 20.0006 0)
(-0.44156 20.0006 0)
(-0.441562 20.0006 0)
(-0.441565 20.0006 0)
(-0.441569 20.0006 0)
(-0.441576 20.0006 0)
(-0.441586 20.0006 0)
(-0.441601 20.0005 0)
(-0.441625 20.0004 0)
(-0.441662 20.0004 0)
(-0.441722 20.0002 0)
(-0.441819 20 0)
(-0.441987 19.9997 0)
(-0.442277 19.9992 0)
(-0.442809 19.9985 0)
(-0.443751 19.9976 0)
(-0.445529 19.9962 0)
(-0.448273 19.9945 0)
(-0.452517 19.9931 0)
(-0.401637 19.5997 0)
(-0.413293 19.6664 0)
(-0.436896 19.7343 0)
(-0.453912 19.7887 0)
(-0.463741 19.8318 0)
(-0.470411 19.8656 0)
(-0.474918 19.8926 0)
(-0.478542 19.9141 0)
(-0.481388 19.9313 0)
(-0.483736 19.9451 0)
(-0.485637 19.9562 0)
(-0.487191 19.965 0)
(-0.48845 19.9722 0)
(-0.489468 19.9779 0)
(-0.490288 19.9824 0)
(-0.490946 19.9861 0)
(-0.491473 19.989 0)
(-0.491894 19.9914 0)
(-0.492229 19.9933 0)
(-0.492495 19.9948 0)
(-0.492707 19.996 0)
(-0.492874 19.9969 0)
(-0.493007 19.9977 0)
(-0.493111 19.9983 0)
(-0.493194 19.9988 0)
(-0.493259 19.9992 0)
(-0.49331 19.9995 0)
(-0.493351 19.9997 0)
(-0.493383 19.9999 0)
(-0.493407 20.0001 0)
(-0.493427 20.0002 0)
(-0.493442 20.0003 0)
(-0.493454 20.0004 0)
(-0.493464 20.0004 0)
(-0.493471 20.0005 0)
(-0.493477 20.0005 0)
(-0.493482 20.0006 0)
(-0.493485 20.0006 0)
(-0.493488 20.0006 0)
(-0.49349 20.0006 0)
(-0.493492 20.0006 0)
(-0.493493 20.0006 0)
(-0.493494 20.0006 0)
(-0.493495 20.0006 0)
(-0.493495 20.0006 0)
(-0.493496 20.0006 0)
(-0.493496 20.0006 0)
(-0.493497 20.0006 0)
(-0.493497 20.0006 0)
(-0.493497 20.0007 0)
(-0.493497 20.0007 0)
(-0.493497 20.0007 0)
(-0.493497 20.0007 0)
(-0.493497 20.0007 0)
(-0.493498 20.0007 0)
(-0.493498 20.0007 0)
(-0.493498 20.0007 0)
(-0.493498 20.0007 0)
(-0.493498 20.0007 0)
(-0.493498 20.0007 0)
(-0.493498 20.0007 0)
(-0.493498 20.0007 0)
(-0.493498 20.0007 0)
(-0.493498 20.0007 0)
(-0.493498 20.0007 0)
(-0.493498 20.0007 0)
(-0.493498 20.0007 0)
(-0.493498 20.0007 0)
(-0.493498 20.0007 0)
(-0.493498 20.0007 0)
(-0.493498 20.0007 0)
(-0.493498 20.0007 0)
(-0.493498 20.0007 0)
(-0.493498 20.0007 0)
(-0.493498 20.0007 0)
(-0.493498 20.0007 0)
(-0.493498 20.0007 0)
(-0.493498 20.0007 0)
(-0.493498 20.0007 0)
(-0.493499 20.0007 0)
(-0.4935 20.0006 0)
(-0.4935 20.0006 0)
(-0.493502 20.0006 0)
(-0.493504 20.0006 0)
(-0.493507 20.0006 0)
(-0.493512 20.0006 0)
(-0.493519 20.0006 0)
(-0.493529 20.0006 0)
(-0.493545 20.0005 0)
(-0.493569 20.0005 0)
(-0.493608 20.0004 0)
(-0.493668 20.0002 0)
(-0.493768 20 0)
(-0.493937 19.9998 0)
(-0.49423 19.9993 0)
(-0.494763 19.9988 0)
(-0.49571 19.998 0)
(-0.497508 19.997 0)
(-0.500316 19.9959 0)
(-0.504741 19.995 0)
(-0.445814 19.623 0)
(-0.460267 19.6919 0)
(-0.486496 19.7559 0)
(-0.504871 19.8054 0)
(-0.515028 19.8449 0)
(-0.521918 19.876 0)
(-0.526507 19.901 0)
(-0.530213 19.9209 0)
(-0.533114 19.9368 0)
(-0.53551 19.9495 0)
(-0.537446 19.9597 0)
(-0.539029 19.9679 0)
(-0.540309 19.9744 0)
(-0.541345 19.9797 0)
(-0.542178 19.9839 0)
(-0.542847 19.9873 0)
(-0.543382 19.99 0)
(-0.543809 19.9921 0)
(-0.544148 19.9939 0)
(-0.544418 19.9953 0)
(-0.544632 19.9964 0)
(-0.544802 19.9973 0)
(-0.544936 19.998 0)
(-0.545041 19.9985 0)
(-0.545125 19.999 0)
(-0.54519 19.9993 0)
(-0.545242 19.9996 0)
(-0.545282 19.9998 0)
(-0.545314 20 0)
(-0.545339 20.0001 0)
(-0.545358 20.0002 0)
(-0.545374 20.0003 0)
(-0.545386 20.0004 0)
(-0.545395 20.0005 0)
(-0.545402 20.0005 0)
(-0.545408 20.0005 0)
(-0.545412 20.0006 0)
(-0.545416 20.0006 0)
(-0.545419 20.0006 0)
(-0.545421 20.0006 0)
(-0.545422 20.0006 0)
(-0.545424 20.0006 0)
(-0.545425 20.0006 0)
(-0.545425 20.0006 0)
(-0.545426 20.0006 0)
(-0.545426 20.0006 0)
(-0.545427 20.0006 0)
(-0.545427 20.0006 0)
(-0.545427 20.0007 0)
(-0.545428 20.0007 0)
(-0.545428 20.0007 0)
(-0.545428 20.0007 0)
(-0.545428 20.0007 0)
(-0.545428 20.0007 0)
(-0.545428 20.0007 0)
(-0.545428 20.0007 0)
(-0.545428 20.0007 0)
(-0.545428 20.0007 0)
(-0.545428 20.0007 0)
(-0.545428 20.0007 0)
(-0.545428 20.0007 0)
(-0.545428 20.0007 0)
(-0.545428 20.0007 0)
(-0.545428 20.0007 0)
(-0.545428 20.0007 0)
(-0.545428 20.0007 0)
(-0.545428 20.0007 0)
(-0.545428 20.0007 0)
(-0.545428 20.0007 0)
(-0.545428 20.0007 0)
(-0.545428 20.0007 0)
(-0.545428 20.0007 0)
(-0.545428 20.0007 0)
(-0.545428 20.0007 0)
(-0.545428 20.0007 0)
(-0.545428 20.0007 0)
(-0.545428 20.0007 0)
(-0.545429 20.0007 0)
(-0.545429 20.0007 0)
(-0.545429 20.0007 0)
(-0.54543 20.0006 0)
(-0.545431 20.0006 0)
(-0.545432 20.0006 0)
(-0.545434 20.0006 0)
(-0.545438 20.0006 0)
(-0.545442 20.0006 0)
(-0.545449 20.0006 0)
(-0.54546 20.0006 0)
(-0.545476 20.0005 0)
(-0.5455 20.0005 0)
(-0.545539 20.0004 0)
(-0.545599 20.0003 0)
(-0.545698 20.0001 0)
(-0.545865 19.9998 0)
(-0.546151 19.9995 0)
(-0.546671 19.999 0)
(-0.547595 19.9984 0)
(-0.549358 19.9978 0)
(-0.552148 19.9972 0)
(-0.55663 19.9969 0)
(-0.490806 19.6498 0)
(-0.508705 19.7204 0)
(-0.53733 19.7794 0)
(-0.556799 19.8234 0)
(-0.567013 19.8589 0)
(-0.573967 19.8872 0)
(-0.578522 19.9099 0)
(-0.582223 19.9281 0)
(-0.58511 19.9426 0)
(-0.587495 19.9542 0)
(-0.58942 19.9635 0)
(-0.590993 19.9709 0)
(-0.592264 19.9768 0)
(-0.593291 19.9816 0)
(-0.594117 19.9855 0)
(-0.594779 19.9885 0)
(-0.595309 19.991 0)
(-0.595731 19.9929 0)
(-0.596067 19.9945 0)
(-0.596334 19.9958 0)
(-0.596545 19.9968 0)
(-0.596712 19.9976 0)
(-0.596843 19.9982 0)
(-0.596947 19.9987 0)
(-0.597029 19.9991 0)
(-0.597093 19.9995 0)
(-0.597143 19.9997 0)
(-0.597183 19.9999 0)
(-0.597214 20.0001 0)
(-0.597238 20.0002 0)
(-0.597257 20.0003 0)
(-0.597271 20.0004 0)
(-0.597283 20.0004 0)
(-0.597292 20.0005 0)
(-0.597299 20.0005 0)
(-0.597304 20.0006 0)
(-0.597309 20.0006 0)
(-0.597312 20.0006 0)
(-0.597314 20.0006 0)
(-0.597316 20.0006 0)
(-0.597318 20.0006 0)
(-0.597319 20.0006 0)
(-0.59732 20.0006 0)
(-0.597321 20.0006 0)
(-0.597321 20.0006 0)
(-0.597322 20.0006 0)
(-0.597322 20.0006 0)
(-0.597322 20.0007 0)
(-0.597323 20.0007 0)
(-0.597323 20.0007 0)
(-0.597323 20.0007 0)
(-0.597323 20.0007 0)
(-0.597323 20.0007 0)
(-0.597323 20.0007 0)
(-0.597323 20.0007 0)
(-0.597323 20.0007 0)
(-0.597323 20.0007 0)
(-0.597323 20.0007 0)
(-0.597323 20.0007 0)
(-0.597323 20.0007 0)
(-0.597323 20.0007 0)
(-0.597323 20.0007 0)
(-0.597323 20.0007 0)
(-0.597323 20.0007 0)
(-0.597323 20.0007 0)
(-0.597323 20.0007 0)
(-0.597323 20.0007 0)
(-0.597323 20.0007 0)
(-0.597323 20.0007 0)
(-0.597323 20.0007 0)
(-0.597323 20.0007 0)
(-0.597323 20.0007 0)
(-0.597323 20.0007 0)
(-0.597323 20.0007 0)
(-0.597323 20.0007 0)
(-0.597324 20.0007 0)
(-0.597324 20.0007 0)
(-0.597324 20.0007 0)
(-0.597324 20.0007 0)
(-0.597325 20.0007 0)
(-0.597325 20.0007 0)
(-0.597326 20.0006 0)
(-0.597327 20.0006 0)
(-0.597329 20.0006 0)
(-0.597333 20.0006 0)
(-0.597337 20.0006 0)
(-0.597344 20.0006 0)
(-0.597354 20.0006 0)
(-0.59737 20.0006 0)
(-0.597394 20.0005 0)
(-0.597432 20.0004 0)
(-0.597491 20.0003 0)
(-0.597586 20.0002 0)
(-0.597746 19.9999 0)
(-0.598018 19.9996 0)
(-0.59851 19.9993 0)
(-0.599385 19.9988 0)
(-0.601059 19.9985 0)
(-0.603744 19.9985 0)
(-0.608134 19.9988 0)
(-0.536827 19.6808 0)
(-0.558968 19.7518 0)
(-0.589522 19.8046 0)
(-0.609722 19.8425 0)
(-0.619678 19.8737 0)
(-0.626527 19.899 0)
(-0.630924 19.9195 0)
(-0.634528 19.9358 0)
(-0.637324 19.9488 0)
(-0.639638 19.9591 0)
(-0.641501 19.9674 0)
(-0.643023 19.9741 0)
(-0.644251 19.9794 0)
(-0.645243 19.9837 0)
(-0.646039 19.9871 0)
(-0.646678 19.9898 0)
(-0.647188 19.992 0)
(-0.647594 19.9938 0)
(-0.647917 19.9952 0)
(-0.648172 19.9963 0)
(-0.648375 19.9972 0)
(-0.648534 19.9979 0)
(-0.64866 19.9985 0)
(-0.648759 19.9989 0)
(-0.648837 19.9993 0)
(-0.648897 19.9996 0)
(-0.648945 19.9998 0)
(-0.648982 20 0)
(-0.649011 20.0001 0)
(-0.649034 20.0003 0)
(-0.649052 20.0003 0)
(-0.649066 20.0004 0)
(-0.649076 20.0005 0)
(-0.649085 20.0005 0)
(-0.649091 20.0005 0)
(-0.649096 20.0006 0)
(-0.6491 20.0006 0)
(-0.649103 20.0006 0)
(-0.649105 20.0006 0)
(-0.649107 20.0006 0)
(-0.649108 20.0006 0)
(-0.649109 20.0006 0)
(-0.64911 20.0006 0)
(-0.649111 20.0006 0)
(-0.649111 20.0006 0)
(-0.649112 20.0007 0)
(-0.649112 20.0007 0)
(-0.649112 20.0007 0)
(-0.649112 20.0007 0)
(-0.649113 20.0007 0)
(-0.649113 20.0007 0)
(-0.649113 20.0007 0)
(-0.649113 20.0007 0)
(-0.649113 20.0007 0)
(-0.649113 20.0007 0)
(-0.649113 20.0007 0)
(-0.649113 20.0007 0)
(-0.649113 20.0007 0)
(-0.649113 20.0007 0)
(-0.649113 20.0007 0)
(-0.649113 20.0007 0)
(-0.649113 20.0007 0)
(-0.649113 20.0007 0)
(-0.649113 20.0007 0)
(-0.649113 20.0007 0)
(-0.649113 20.0007 0)
(-0.649113 20.0007 0)
(-0.649113 20.0007 0)
(-0.649113 20.0007 0)
(-0.649113 20.0007 0)
(-0.649113 20.0007 0)
(-0.649113 20.0007 0)
(-0.649113 20.0007 0)
(-0.649113 20.0007 0)
(-0.649113 20.0007 0)
(-0.649113 20.0007 0)
(-0.649113 20.0007 0)
(-0.649114 20.0007 0)
(-0.649114 20.0007 0)
(-0.649114 20.0007 0)
(-0.649115 20.0007 0)
(-0.649116 20.0007 0)
(-0.649117 20.0006 0)
(-0.649119 20.0006 0)
(-0.649122 20.0006 0)
(-0.649126 20.0006 0)
(-0.649133 20.0006 0)
(-0.649143 20.0006 0)
(-0.649158 20.0006 0)
(-0.649181 20.0005 0)
(-0.649216 20.0005 0)
(-0.649272 20.0004 0)
(-0.649362 20.0002 0)
(-0.649511 20 0)
(-0.649762 19.9998 0)
(-0.650213 19.9995 0)
(-0.651014 19.9992 0)
(-0.652547 19.9991 0)
(-0.655036 19.9997 0)
(-0.65916 20.0005 0)
(-0.584082 19.7166 0)
(-0.611403 19.7861 0)
(-0.643058 19.8311 0)
(-0.663513 19.8626 0)
(-0.672854 19.8893 0)
(-0.67942 19.9115 0)
(-0.683529 19.9294 0)
(-0.686939 19.9438 0)
(-0.689564 19.9552 0)
(-0.691742 19.9643 0)
(-0.69349 19.9716 0)
(-0.694916 19.9774 0)
(-0.696066 19.9821 0)
(-0.696994 19.9858 0)
(-0.697738 19.9888 0)
(-0.698334 19.9912 0)
(-0.69881 19.9931 0)
(-0.699188 19.9947 0)
(-0.699488 19.9959 0)
(-0.699725 19.9969 0)
(-0.699913 19.9977 0)
(-0.70006 19.9983 0)
(-0.700176 19.9988 0)
(-0.700267 19.9992 0)
(-0.700338 19.9995 0)
(-0.700393 19.9997 0)
(-0.700437 19.9999 0)
(-0.70047 20.0001 0)
(-0.700496 20.0002 0)
(-0.700517 20.0003 0)
(-0.700533 20.0004 0)
(-0.700545 20.0004 0)
(-0.700554 20.0005 0)
(-0.700562 20.0005 0)
(-0.700567 20.0006 0)
(-0.700572 20.0006 0)
(-0.700575 20.0006 0)
(-0.700577 20.0006 0)
(-0.700579 20.0006 0)
(-0.700581 20.0006 0)
(-0.700582 20.0006 0)
(-0.700583 20.0006 0)
(-0.700584 20.0006 0)
(-0.700584 20.0007 0)
(-0.700585 20.0007 0)
(-0.700585 20.0007 0)
(-0.700585 20.0007 0)
(-0.700585 20.0007 0)
(-0.700586 20.0007 0)
(-0.700586 20.0007 0)
(-0.700586 20.0007 0)
(-0.700586 20.0007 0)
(-0.700586 20.0007 0)
(-0.700586 20.0007 0)
(-0.700586 20.0007 0)
(-0.700586 20.0007 0)
(-0.700586 20.0007 0)
(-0.700586 20.0007 0)
(-0.700586 20.0007 0)
(-0.700586 20.0007 0)
(-0.700586 20.0007 0)
(-0.700586 20.0007 0)
(-0.700586 20.0007 0)
(-0.700586 20.0007 0)
(-0.700586 20.0007 0)
(-0.700586 20.0007 0)
(-0.700586 20.0007 0)
(-0.700586 20.0007 0)
(-0.700586 20.0007 0)
(-0.700586 20.0007 0)
(-0.700586 20.0007 0)
(-0.700586 20.0007 0)
(-0.700586 20.0007 0)
(-0.700586 20.0007 0)
(-0.700586 20.0007 0)
(-0.700586 20.0007 0)
(-0.700586 20.0007 0)
(-0.700586 20.0007 0)
(-0.700587 20.0007 0)
(-0.700587 20.0007 0)
(-0.700588 20.0007 0)
(-0.700588 20.0007 0)
(-0.70059 20.0007 0)
(-0.700591 20.0006 0)
(-0.700594 20.0006 0)
(-0.700598 20.0006 0)
(-0.700604 20.0006 0)
(-0.700613 20.0006 0)
(-0.700627 20.0006 0)
(-0.700648 20.0005 0)
(-0.700681 20.0005 0)
(-0.700732 20.0004 0)
(-0.700814 20.0003 0)
(-0.700948 20.0001 0)
(-0.701173 19.9999 0)
(-0.701572 19.9997 0)
(-0.702278 19.9996 0)
(-0.703623 19.9997 0)
(-0.705828 20.0007 0)
(-0.709481 20.002 0)
(-0.632584 19.7582 0)
(-0.666103 19.8228 0)
(-0.697483 19.8586 0)
(-0.717591 19.8833 0)
(-0.725936 19.9055 0)
(-0.732038 19.9244 0)
(-0.735727 19.9398 0)
(-0.738841 19.9521 0)
(-0.741211 19.9619 0)
(-0.743184 19.9697 0)
(-0.74476 19.9759 0)
(-0.746047 19.9809 0)
(-0.747081 19.9848 0)
(-0.747916 19.988 0)
(-0.748584 19.9906 0)
(-0.749119 19.9926 0)
(-0.749544 19.9943 0)
(-0.749882 19.9956 0)
(-0.750149 19.9966 0)
(-0.75036 19.9975 0)
(-0.750526 19.9981 0)
(-0.750656 19.9987 0)
(-0.750758 19.9991 0)
(-0.750837 19.9994 0)
(-0.750899 19.9997 0)
(-0.750947 19.9999 0)
(-0.750984 20.0001 0)
(-0.751013 20.0002 0)
(-0.751035 20.0003 0)
(-0.751053 20.0004 0)
(-0.751066 20.0004 0)
(-0.751076 20.0005 0)
(-0.751084 20.0005 0)
(-0.75109 20.0006 0)
(-0.751094 20.0006 0)
(-0.751098 20.0006 0)
(-0.7511 20.0006 0)
(-0.751102 20.0006 0)
(-0.751104 20.0006 0)
(-0.751105 20.0006 0)
(-0.751106 20.0006 0)
(-0.751107 20.0006 0)
(-0.751107 20.0007 0)
(-0.751108 20.0007 0)
(-0.751108 20.0007 0)
(-0.751108 20.0007 0)
(-0.751108 20.0007 0)
(-0.751109 20.0007 0)
(-0.751109 20.0007 0)
(-0.751109 20.0007 0)
(-0.751109 20.0007 0)
(-0.751109 20.0007 0)
(-0.751109 20.0007 0)
(-0.751109 20.0007 0)
(-0.751109 20.0007 0)
(-0.751109 20.0007 0)
(-0.751109 20.0007 0)
(-0.751109 20.0007 0)
(-0.751109 20.0007 0)
(-0.751109 20.0007 0)
(-0.751109 20.0007 0)
(-0.751109 20.0007 0)
(-0.751109 20.0007 0)
(-0.751109 20.0007 0)
(-0.751109 20.0007 0)
(-0.751109 20.0007 0)
(-0.751109 20.0007 0)
(-0.751109 20.0007 0)
(-0.751109 20.0007 0)
(-0.751109 20.0007 0)
(-0.751109 20.0007 0)
(-0.751109 20.0007 0)
(-0.751109 20.0007 0)
(-0.751109 20.0007 0)
(-0.751109 20.0007 0)
(-0.751109 20.0007 0)
(-0.751109 20.0007 0)
(-0.751109 20.0007 0)
(-0.751109 20.0007 0)
(-0.75111 20.0007 0)
(-0.75111 20.0007 0)
(-0.751111 20.0007 0)
(-0.751112 20.0007 0)
(-0.751114 20.0007 0)
(-0.751116 20.0006 0)
(-0.751119 20.0006 0)
(-0.751125 20.0006 0)
(-0.751133 20.0006 0)
(-0.751145 20.0006 0)
(-0.751164 20.0006 0)
(-0.751193 20.0005 0)
(-0.751238 20.0005 0)
(-0.75131 20.0004 0)
(-0.751427 20.0002 0)
(-0.75162 20.0001 0)
(-0.751957 19.9999 0)
(-0.752553 19.9999 0)
(-0.753671 20.0002 0)
(-0.755508 20.0015 0)
(-0.758459 20.0031 0)
(-0.681481 19.8067 0)
(-0.722076 19.8616 0)
(-0.751025 19.8866 0)
(-0.770067 19.9046 0)
(-0.777026 19.9222 0)
(-0.782491 19.9378 0)
(-0.785629 19.9506 0)
(-0.788344 19.9608 0)
(-0.790372 19.9688 0)
(-0.79207 19.9752 0)
(-0.793418 19.9803 0)
(-0.794518 19.9844 0)
(-0.7954 19.9877 0)
(-0.796111 19.9903 0)
(-0.796679 19.9924 0)
(-0.797132 19.9941 0)
(-0.797492 19.9954 0)
(-0.797776 19.9965 0)
(-0.798 19.9974 0)
(-0.798176 19.9981 0)
(-0.798314 19.9986 0)
(-0.798422 19.999 0)
(-0.798505 19.9994 0)
(-0.79857 19.9997 0)
(-0.79862 19.9999 0)
(-0.798658 20.0001 0)
(-0.798688 20.0002 0)
(-0.798711 20.0003 0)
(-0.798728 20.0004 0)
(-0.798741 20.0004 0)
(-0.798751 20.0005 0)
(-0.798759 20.0005 0)
(-0.798764 20.0006 0)
(-0.798769 20.0006 0)
(-0.798772 20.0006 0)
(-0.798774 20.0006 0)
(-0.798776 20.0006 0)
(-0.798777 20.0007 0)
(-0.798779 20.0007 0)
(-0.798779 20.0007 0)
(-0.79878 20.0007 0)
(-0.79878 20.0007 0)
(-0.798781 20.0007 0)
(-0.798781 20.0007 0)
(-0.798781 20.0007 0)
(-0.798781 20.0007 0)
(-0.798781 20.0007 0)
(-0.798781 20.0007 0)
(-0.798781 20.0007 0)
(-0.798781 20.0007 0)
(-0.798781 20.0007 0)
(-0.798781 20.0007 0)
(-0.798781 20.0007 0)
(-0.798781 20.0007 0)
(-0.798781 20.0007 0)
(-0.798781 20.0007 0)
(-0.798781 20.0007 0)
(-0.798781 20.0007 0)
(-0.798781 20.0007 0)
(-0.798781 20.0007 0)
(-0.798781 20.0007 0)
(-0.798781 20.0007 0)
(-0.798781 20.0007 0)
(-0.798781 20.0007 0)
(-0.798781 20.0007 0)
(-0.798781 20.0007 0)
(-0.798781 20.0007 0)
(-0.798781 20.0007 0)
(-0.798781 20.0007 0)
(-0.798781 20.0007 0)
(-0.798781 20.0007 0)
(-0.798781 20.0007 0)
(-0.798781 20.0007 0)
(-0.798781 20.0007 0)
(-0.798781 20.0007 0)
(-0.798781 20.0007 0)
(-0.798782 20.0007 0)
(-0.798782 20.0007 0)
(-0.798782 20.0007 0)
(-0.798782 20.0007 0)
(-0.798782 20.0007 0)
(-0.798783 20.0007 0)
(-0.798784 20.0007 0)
(-0.798785 20.0007 0)
(-0.798787 20.0007 0)
(-0.79879 20.0007 0)
(-0.798795 20.0007 0)
(-0.798801 20.0006 0)
(-0.798812 20.0006 0)
(-0.798827 20.0006 0)
(-0.798852 20.0006 0)
(-0.79889 20.0005 0)
(-0.798949 20.0004 0)
(-0.799046 20.0003 0)
(-0.799204 20.0002 0)
(-0.799475 20.0001 0)
(-0.79995 20.0001 0)
(-0.800816 20.0006 0)
(-0.802218 20.002 0)
(-0.804221 20.0039 0)
(-0.72692 19.864 0)
(-0.774699 19.9012 0)
(-0.798009 19.9146 0)
(-0.815174 19.9263 0)
(-0.820394 19.9394 0)
(-0.825067 19.9516 0)
(-0.827526 19.9617 0)
(-0.82974 19.9697 0)
(-0.831341 19.976 0)
(-0.832693 19.981 0)
(-0.833756 19.985 0)
(-0.834624 19.9882 0)
(-0.835317 19.9907 0)
(-0.835874 19.9927 0)
(-0.836318 19.9944 0)
(-0.83667 19.9957 0)
(-0.836949 19.9967 0)
(-0.837168 19.9976 0)
(-0.837339 19.9982 0)
(-0.837472 19.9988 0)
(-0.837576 19.9992 0)
(-0.837655 19.9995 0)
(-0.837717 19.9998 0)
(-0.837763 20 0)
(-0.837799 20.0002 0)
(-0.837826 20.0003 0)
(-0.837846 20.0004 0)
(-0.837861 20.0005 0)
(-0.837873 20.0006 0)
(-0.837881 20.0006 0)
(-0.837887 20.0007 0)
(-0.837892 20.0007 0)
(-0.837895 20.0007 0)
(-0.837897 20.0007 0)
(-0.837899 20.0008 0)
(-0.8379 20.0008 0)
(-0.837901 20.0008 0)
(-0.837902 20.0008 0)
(-0.837902 20.0008 0)
(-0.837902 20.0008 0)
(-0.837903 20.0008 0)
(-0.837903 20.0008 0)
(-0.837903 20.0008 0)
(-0.837903 20.0008 0)
(-0.837903 20.0008 0)
(-0.837903 20.0008 0)
(-0.837903 20.0008 0)
(-0.837903 20.0008 0)
(-0.837903 20.0008 0)
(-0.837903 20.0008 0)
(-0.837903 20.0008 0)
(-0.837903 20.0008 0)
(-0.837903 20.0008 0)
(-0.837903 20.0008 0)
(-0.837903 20.0008 0)
(-0.837903 20.0008 0)
(-0.837903 20.0008 0)
(-0.837903 20.0008 0)
(-0.837903 20.0008 0)
(-0.837903 20.0008 0)
(-0.837903 20.0008 0)
(-0.837903 20.0008 0)
(-0.837903 20.0008 0)
(-0.837903 20.0008 0)
(-0.837903 20.0008 0)
(-0.837903 20.0008 0)
(-0.837903 20.0008 0)
(-0.837903 20.0008 0)
(-0.837903 20.0008 0)
(-0.837903 20.0008 0)
(-0.837903 20.0008 0)
(-0.837903 20.0008 0)
(-0.837903 20.0008 0)
(-0.837903 20.0008 0)
(-0.837903 20.0008 0)
(-0.837903 20.0008 0)
(-0.837903 20.0008 0)
(-0.837903 20.0008 0)
(-0.837903 20.0008 0)
(-0.837903 20.0008 0)
(-0.837904 20.0008 0)
(-0.837904 20.0008 0)
(-0.837905 20.0008 0)
(-0.837906 20.0008 0)
(-0.837907 20.0008 0)
(-0.837909 20.0008 0)
(-0.837913 20.0008 0)
(-0.837918 20.0008 0)
(-0.837926 20.0008 0)
(-0.837938 20.0007 0)
(-0.837957 20.0007 0)
(-0.837986 20.0007 0)
(-0.838032 20.0006 0)
(-0.838107 20.0005 0)
(-0.838227 20.0005 0)
(-0.83843 20.0004 0)
(-0.838782 20.0005 0)
(-0.839385 20.0009 0)
(-0.840315 20.0024 0)
(-0.841164 20.0043 0)
(-0.755213 19.9315 0)
(-0.807937 19.9398 0)
(-0.821184 19.9417 0)
(-0.835616 19.9481 0)
(-0.838845 19.957 0)
(-0.842588 19.9659 0)
(-0.844257 19.9731 0)
(-0.845873 19.9789 0)
(-0.846968 19.9834 0)
(-0.847913 19.987 0)
(-0.848639 19.9898 0)
(-0.849235 19.9921 0)
(-0.849706 19.9939 0)
(-0.850084 19.9954 0)
(-0.850382 19.9965 0)
(-0.850617 19.9975 0)
(-0.850801 19.9982 0)
(-0.850944 19.9988 0)
(-0.851054 19.9993 0)
(-0.851138 19.9997 0)
(-0.851202 20 0)
(-0.85125 20.0002 0)
(-0.851286 20.0004 0)
(-0.851312 20.0006 0)
(-0.851331 20.0007 0)
(-0.851345 20.0008 0)
(-0.851355 20.0009 0)
(-0.851362 20.0009 0)
(-0.851366 20.001 0)
(-0.851369 20.001 0)
(-0.851371 20.001 0)
(-0.851373 20.0011 0)
(-0.851373 20.0011 0)
(-0.851373 20.0011 0)
(-0.851373 20.0011 0)
(-0.851373 20.0011 0)
(-0.851373 20.0011 0)
(-0.851373 20.0011 0)
(-0.851373 20.0011 0)
(-0.851372 20.0011 0)
(-0.851372 20.0011 0)
(-0.851372 20.0011 0)
(-0.851372 20.0011 0)
(-0.851372 20.0011 0)
(-0.851371 20.0011 0)
(-0.851371 20.0011 0)
(-0.851371 20.0011 0)
(-0.851371 20.0011 0)
(-0.851371 20.0011 0)
(-0.851371 20.0011 0)
(-0.851371 20.0011 0)
(-0.851371 20.0011 0)
(-0.851371 20.0011 0)
(-0.851371 20.0011 0)
(-0.851371 20.0011 0)
(-0.851371 20.0011 0)
(-0.851371 20.0011 0)
(-0.851371 20.0011 0)
(-0.851371 20.0011 0)
(-0.851371 20.0011 0)
(-0.851371 20.0011 0)
(-0.851371 20.0011 0)
(-0.851371 20.0011 0)
(-0.851371 20.0011 0)
(-0.851371 20.0011 0)
(-0.851371 20.0011 0)
(-0.851371 20.0011 0)
(-0.851371 20.0011 0)
(-0.851371 20.0011 0)
(-0.851371 20.0011 0)
(-0.851371 20.0011 0)
(-0.851371 20.0011 0)
(-0.851371 20.0011 0)
(-0.851371 20.0011 0)
(-0.851371 20.0011 0)
(-0.851371 20.0011 0)
(-0.851371 20.0011 0)
(-0.851371 20.0011 0)
(-0.851371 20.0011 0)
(-0.851371 20.0011 0)
(-0.851371 20.0011 0)
(-0.851371 20.0011 0)
(-0.851372 20.0011 0)
(-0.851372 20.0011 0)
(-0.851373 20.0011 0)
(-0.851375 20.0011 0)
(-0.851377 20.0011 0)
(-0.85138 20.0011 0)
(-0.851386 20.0011 0)
(-0.851394 20.0011 0)
(-0.851406 20.0011 0)
(-0.851426 20.001 0)
(-0.851458 20.001 0)
(-0.851508 20.0009 0)
(-0.851591 20.0009 0)
(-0.851727 20.0008 0)
(-0.85196 20.0009 0)
(-0.852314 20.0014 0)
(-0.852788 20.0026 0)
(-0.852464 20.0042 0)
(-0.720713 20.0002 0)
(-0.770225 19.9731 0)
(-0.768833 19.9669 0)
(-0.77962 19.9696 0)
(-0.780834 19.9746 0)
(-0.783495 19.98 0)
(-0.784307 19.9844 0)
(-0.785249 19.9879 0)
(-0.78579 19.9906 0)
(-0.786286 19.9927 0)
(-0.786648 19.9944 0)
(-0.786948 19.9958 0)
(-0.787181 19.9969 0)
(-0.787365 19.9978 0)
(-0.787508 19.9985 0)
(-0.787618 19.999 0)
(-0.787701 19.9995 0)
(-0.787764 19.9998 0)
(-0.787809 20.0001 0)
(-0.787842 20.0003 0)
(-0.787865 20.0005 0)
(-0.78788 20.0007 0)
(-0.78789 20.0008 0)
(-0.787896 20.0009 0)
(-0.787899 20.0009 0)
(-0.7879 20.001 0)
(-0.7879 20.001 0)
(-0.787899 20.0011 0)
(-0.787897 20.0011 0)
(-0.787895 20.0011 0)
(-0.787893 20.0011 0)
(-0.787891 20.0011 0)
(-0.78789 20.0012 0)
(-0.787888 20.0012 0)
(-0.787887 20.0012 0)
(-0.787885 20.0012 0)
(-0.787884 20.0012 0)
(-0.787883 20.0012 0)
(-0.787882 20.0012 0)
(-0.787882 20.0012 0)
(-0.787881 20.0012 0)
(-0.787881 20.0012 0)
(-0.78788 20.0012 0)
(-0.78788 20.0012 0)
(-0.78788 20.0012 0)
(-0.78788 20.0012 0)
(-0.787879 20.0012 0)
(-0.787879 20.0012 0)
(-0.787879 20.0012 0)
(-0.787879 20.0012 0)
(-0.787879 20.0012 0)
(-0.787879 20.0012 0)
(-0.787879 20.0012 0)
(-0.787879 20.0012 0)
(-0.787879 20.0012 0)
(-0.787879 20.0012 0)
(-0.787879 20.0012 0)
(-0.787879 20.0012 0)
(-0.787879 20.0012 0)
(-0.787879 20.0012 0)
(-0.787879 20.0012 0)
(-0.787879 20.0012 0)
(-0.787879 20.0012 0)
(-0.787879 20.0012 0)
(-0.787879 20.0012 0)
(-0.787879 20.0012 0)
(-0.787879 20.0012 0)
(-0.787879 20.0012 0)
(-0.787879 20.0012 0)
(-0.787879 20.0012 0)
(-0.787879 20.0012 0)
(-0.787879 20.0012 0)
(-0.787879 20.0012 0)
(-0.787879 20.0012 0)
(-0.787879 20.0012 0)
(-0.787879 20.0012 0)
(-0.787879 20.0012 0)
(-0.787879 20.0012 0)
(-0.787879 20.0012 0)
(-0.787879 20.0012 0)
(-0.787879 20.0012 0)
(-0.787879 20.0012 0)
(-0.787879 20.0012 0)
(-0.787879 20.0012 0)
(-0.78788 20.0012 0)
(-0.78788 20.0012 0)
(-0.787881 20.0012 0)
(-0.787883 20.0012 0)
(-0.787885 20.0012 0)
(-0.787889 20.0012 0)
(-0.787895 20.0012 0)
(-0.787905 20.0011 0)
(-0.787921 20.0011 0)
(-0.787948 20.0011 0)
(-0.787994 20.001 0)
(-0.788068 20.001 0)
(-0.788197 20.0011 0)
(-0.788339 20.0014 0)
(-0.788459 20.0022 0)
(-0.787402 20.0032 0)
(-0.473678 20.0302 0)
(-0.499773 19.9949 0)
(-0.486465 19.989 0)
(-0.492102 19.9895 0)
(-0.491804 19.9911 0)
(-0.49306 19.993 0)
(-0.493103 19.9944 0)
(-0.493358 19.9956 0)
(-0.493402 19.9965 0)
(-0.493482 19.9972 0)
(-0.493519 19.9978 0)
(-0.493555 19.9982 0)
(-0.493577 19.9986 0)
(-0.493593 19.9989 0)
(-0.493602 19.9991 0)
(-0.493606 19.9993 0)
(-0.493605 19.9994 0)
(-0.493602 19.9995 0)
(-0.493597 19.9996 0)
(-0.493591 19.9997 0)
(-0.493583 19.9998 0)
(-0.493575 19.9998 0)
(-0.493568 19.9999 0)
(-0.49356 19.9999 0)
(-0.493553 19.9999 0)
(-0.493547 19.9999 0)
(-0.493541 19.9999 0)
(-0.493536 20 0)
(-0.493531 20 0)
(-0.493527 20 0)
(-0.493524 20 0)
(-0.493521 20 0)
(-0.493518 20 0)
(-0.493516 20 0)
(-0.493514 20 0)
(-0.493513 20 0)
(-0.493512 20 0)
(-0.493511 20 0)
(-0.49351 20 0)
(-0.493509 20 0)
(-0.493509 20 0)
(-0.493508 20 0)
(-0.493508 20 0)
(-0.493508 20 0)
(-0.493507 20 0)
(-0.493507 20 0)
(-0.493507 20 0)
(-0.493507 20 0)
(-0.493507 20 0)
(-0.493507 20 0)
(-0.493507 20 0)
(-0.493507 20 0)
(-0.493507 20 0)
(-0.493507 20 0)
(-0.493507 20 0)
(-0.493507 20 0)
(-0.493506 20 0)
(-0.493506 20 0)
(-0.493506 20 0)
(-0.493506 20 0)
(-0.493506 20 0)
(-0.493506 20 0)
(-0.493506 20 0)
(-0.493506 20 0)
(-0.493506 20 0)
(-0.493506 20 0)
(-0.493506 20 0)
(-0.493506 20 0)
(-0.493506 20 0)
(-0.493506 20 0)
(-0.493506 20 0)
(-0.493506 20 0)
(-0.493506 20 0)
(-0.493506 20 0)
(-0.493506 20 0)
(-0.493506 20 0)
(-0.493506 20 0)
(-0.493506 20 0)
(-0.493506 20 0)
(-0.493506 20 0)
(-0.493506 20 0)
(-0.493506 20 0)
(-0.493506 20 0)
(-0.493506 20 0)
(-0.493506 20 0)
(-0.493506 20 0)
(-0.493506 20 0)
(-0.493506 20 0)
(-0.493506 20 0)
(-0.493506 20 0)
(-0.493507 20 0)
(-0.493508 20 0)
(-0.493511 20 0)
(-0.493517 20 0)
(-0.493529 20 0)
(-0.493549 19.9999 0)
(-0.493591 20 0)
(-0.493596 20.0001 0)
(-0.493552 20.0004 0)
(-0.492789 20.0007 0)
)
;

boundaryField
{
    inlet
    {
        type            zeroGradient;
    }
    outlet
    {
        type            zeroGradient;
    }
    lowerWall
    {
        type            fixedValue;
        value           uniform (0 20 0);
    }
    upperWall
    {
        type            fixedValue;
        value           uniform (0 20 0);
    }
    frontAndBack
    {
        type            empty;
    }
}


// ************************************************************************* //
