/*--------------------------------*- C++ -*----------------------------------*\
| =========                 |                                                 |
| \\      /  F ield         | OpenFOAM: The Open Source CFD Toolbox           |
|  \\    /   O peration     | Version:  2.3.0                                 |
|   \\  /    A nd           | Web:      www.OpenFOAM.org                      |
|    \\/     M anipulation  |                                                 |
\*---------------------------------------------------------------------------*/
FoamFile
{
    version     2.0;
    format      ascii;
    class       surfaceScalarField;
    location    "2";
    object      phi;
}
// * * * * * * * * * * * * * * * * * * * * * * * * * * * * * * * * * * * * * //

dimensions      [0 3 -1 0 0 0 0];

internalField   nonuniform List<scalar> 
7860
(
0.00283434
0.00216566
0.00262127
0.000213075
0.00260892
1.23479e-05
0.00260641
2.50672e-06
0.00260912
-2.70724e-06
0.00260784
1.27829e-06
0.00260673
1.10552e-06
0.00260516
1.57384e-06
0.00260393
1.22419e-06
0.00260285
1.08659e-06
0.00260198
8.67893e-07
0.00260125
7.28089e-07
0.00260065
5.98053e-07
0.00260015
5.00795e-07
0.00259973
4.18366e-07
0.00259938
3.52819e-07
0.00259908
2.98995e-07
0.00259883
2.54094e-07
0.00259861
2.16614e-07
0.00259843
1.85077e-07
0.00259827
1.5849e-07
0.00259813
1.35144e-07
0.00259802
1.15529e-07
0.00259792
9.86146e-08
0.00259783
8.41169e-08
0.00259776
7.13224e-08
0.0025977
6.04527e-08
0.00259765
5.1087e-08
0.00259761
4.33242e-08
0.00259757
3.59022e-08
0.00259754
3.03738e-08
0.00259752
2.51297e-08
0.0025975
2.09889e-08
0.00259748
1.72654e-08
0.00259746
1.42501e-08
0.00259745
1.17337e-08
0.00259744
9.83243e-09
0.00259744
7.63836e-09
0.00259743
6.60351e-09
0.00259742
5.08161e-09
0.00259742
4.4159e-09
0.00259742
3.39695e-09
0.00259741
2.766e-09
0.00259741
2.23155e-09
0.00259741
1.92097e-09
0.00259741
1.24489e-09
0.00259741
1.31683e-09
0.00259741
7.03099e-10
0.0025974
8.70015e-10
0.0025974
4.41188e-10
0.0025974
4.84278e-10
0.0025974
2.80029e-10
0.0025974
3.97861e-10
0.0025974
1.14146e-10
0.0025974
3.39274e-10
0.0025974
2.77419e-11
0.0025974
3.13642e-10
0.0025974
3.29529e-11
0.0025974
2.18954e-10
0.0025974
-1.12741e-11
0.0025974
1.9441e-10
0.0025974
-4.82094e-11
0.0025974
1.49217e-10
0.0025974
-9.723e-11
0.0025974
1.29608e-10
0.0025974
-6.46968e-11
0.0025974
1.30731e-10
0.0025974
-9.70775e-11
0.0025974
1.36382e-10
0.0025974
-6.94483e-11
0.0025974
1.2333e-10
0.0025974
-9.06373e-11
0.0025974
9.80004e-11
0.0025974
-3.62561e-11
0.0025974
1.39977e-10
0.0025974
-3.38985e-11
0.0025974
1.97253e-10
0.0025974
1.042e-10
0.0025974
3.57549e-10
0.0025974
3.09551e-10
0.0025974
6.29907e-10
0.0025974
7.84299e-10
0.0025974
1.25761e-09
0.0025974
1.61437e-09
0.00259739
2.49347e-09
0.00259739
3.45415e-09
0.00259739
5.04972e-09
0.00259738
7.04415e-09
0.00259737
1.01354e-08
0.00259735
1.41358e-08
0.00259733
1.9669e-08
0.00259731
2.61606e-08
0.00259727
3.36218e-08
0.00259724
3.75314e-08
0.0025972
3.34542e-08
0.00259718
2.26273e-08
0.00259708
1.01618e-07
0.00259638
6.96165e-07
0.00259378
2.60292e-06
-1.18997e-06
0.00456768
0.00259798
0.00437543
0.00040532
0.00434663
4.11526e-05
0.00434285
6.27894e-06
0.00434585
-5.70324e-06
0.00434431
2.81627e-06
0.00434267
2.73916e-06
0.00434046
3.78323e-06
0.00433867
3.016e-06
0.00433709
2.66513e-06
0.00433582
2.14329e-06
0.00433475
1.79596e-06
0.00433387
1.47846e-06
0.00433313
1.2388e-06
0.00433251
1.03565e-06
0.00433199
8.73929e-07
0.00433155
7.41264e-07
0.00433117
6.30829e-07
0.00433085
5.38705e-07
0.00433057
4.60965e-07
0.00433034
3.95505e-07
0.00433013
3.3835e-07
0.00432996
2.89909e-07
0.00432981
2.47865e-07
0.00432968
2.1212e-07
0.00432957
1.80651e-07
0.00432948
1.53609e-07
0.0043294
1.30171e-07
0.00432933
1.10666e-07
0.00432928
9.23491e-08
0.00432923
7.82414e-08
0.00432919
6.49389e-08
0.00432916
5.45542e-08
0.00432913
4.50984e-08
0.00432911
3.72452e-08
0.00432909
3.06999e-08
0.00432907
2.57585e-08
0.00432906
2.03527e-08
0.00432905
1.7396e-08
0.00432904
1.34106e-08
0.00432903
1.16406e-08
0.00432903
9.0706e-09
0.00432902
7.4359e-09
0.00432902
5.98099e-09
0.00432902
5.15117e-09
0.00432901
3.60716e-09
0.00432901
3.56654e-09
0.00432901
2.08453e-09
0.00432901
2.42343e-09
0.00432901
1.38776e-09
0.00432901
1.47283e-09
0.004329
9.00086e-10
0.004329
1.09354e-09
0.004329
5.04816e-10
0.004329
9.3335e-10
0.004329
1.81412e-10
0.004329
8.10259e-10
0.004329
1.16879e-10
0.004329
5.46221e-10
0.004329
-2.21361e-11
0.004329
3.78691e-10
0.004329
-1.14699e-10
0.004329
3.06714e-10
0.004329
-2.54916e-10
0.004329
2.7926e-10
0.004329
-1.82929e-10
0.004329
3.10416e-10
0.004329
-2.11671e-10
0.004329
2.54091e-10
0.004329
-1.60265e-10
0.004329
2.58791e-10
0.004329
-2.31522e-10
0.004329
1.8037e-10
0.004329
-1.68851e-10
0.004329
2.68388e-10
0.004329
-1.19194e-10
0.004329
3.62358e-10
0.004329
1.93134e-10
0.004329
8.01141e-10
0.004329
7.54211e-10
0.004329
1.52027e-09
0.004329
1.92033e-09
0.004329
3.15229e-09
0.00432899
4.12455e-09
0.00432899
6.26867e-09
0.00432899
8.72771e-09
0.00432898
1.27466e-08
0.00432897
1.7789e-08
0.00432895
2.54694e-08
0.00432893
3.54816e-08
0.0043289
4.94131e-08
0.00432886
6.60225e-08
0.00432881
8.59793e-08
0.00432875
9.98006e-08
0.00432868
1.04697e-07
0.00432859
1.11154e-07
0.00432827
4.17289e-07
0.00432694
2.02842e-06
0.00432236
7.18318e-06
7.9105e-06
0.00507208
0.0025259
0.00495551
0.000521894
0.00492282
7.38354e-05
0.00492056
8.54398e-06
0.00492238
-7.52643e-06
0.00492122
3.97256e-06
0.00491955
4.41369e-06
0.00491747
5.85691e-06
0.00491572
4.77423e-06
0.00491419
4.19346e-06
0.00491294
3.39221e-06
0.0049119
2.83789e-06
0.00491103
2.33985e-06
0.00491031
1.95909e-06
0.00490971
1.64006e-06
0.0049092
1.38435e-06
0.00490876
1.17512e-06
0.00490839
1.00127e-06
0.00490808
8.56303e-07
0.0049078
7.33828e-07
0.00490757
6.30644e-07
0.00490737
5.40869e-07
0.00490719
4.64437e-07
0.00490704
3.97826e-07
0.00490691
3.41271e-07
0.0049068
2.91633e-07
0.00490671
2.48687e-07
0.00490662
2.11327e-07
0.00490655
1.80069e-07
0.0049065
1.51028e-07
0.00490645
1.282e-07
0.00490641
1.06759e-07
0.00490637
8.99413e-08
0.00490634
7.4684e-08
0.00490632
6.17644e-08
0.0049063
5.09933e-08
0.00490628
4.27869e-08
0.00490627
3.41545e-08
0.00490625
2.90334e-08
0.00490624
2.25244e-08
0.00490624
1.94623e-08
0.00490623
1.53773e-08
0.00490623
1.26475e-08
0.00490622
1.0229e-08
0.00490622
8.78585e-09
0.00490621
6.4423e-09
0.00490621
6.15782e-09
0.00490621
3.84976e-09
0.00490621
4.21249e-09
0.00490621
2.63668e-09
0.00490621
2.66876e-09
0.0049062
1.74701e-09
0.0049062
1.89862e-09
0.0049062
1.0536e-09
0.0049062
1.59154e-09
0.0049062
4.4006e-10
0.0049062
1.28749e-09
0.0049062
2.39177e-10
0.0049062
8.23621e-10
0.0049062
-1.4552e-11
0.0049062
4.79814e-10
0.0049062
-1.97616e-10
0.0049062
3.91395e-10
0.0049062
-4.15063e-10
0.0049062
3.5945e-10
0.0049062
-3.00799e-10
0.0049062
4.44239e-10
0.0049062
-2.72708e-10
0.0049062
3.46972e-10
0.0049062
-2.01567e-10
0.0049062
3.95475e-10
0.0049062
-3.07706e-10
0.0049062
2.56254e-10
0.0049062
-2.74931e-10
0.0049062
3.62593e-10
0.0049062
-1.75329e-10
0.0049062
4.71984e-10
0.0049062
2.63728e-10
0.0049062
1.18071e-09
0.0049062
1.20269e-09
0.0049062
2.37432e-09
0.0049062
3.06056e-09
0.0049062
5.04139e-09
0.00490619
6.71976e-09
0.00490619
1.01014e-08
0.00490619
1.41099e-08
0.00490618
2.05443e-08
0.00490617
2.86845e-08
0.00490615
4.09134e-08
0.00490613
5.6967e-08
0.0049061
7.93842e-08
0.00490606
1.0661e-07
0.004906
1.40866e-07
0.00490593
1.69472e-07
0.00490584
2.00461e-07
0.00490569
2.56446e-07
0.00490522
8.91278e-07
0.0049036
3.64824e-06
0.00489776
1.30261e-05
2.27393e-05
0.00520998
0.00231592
0.00513963
0.000592237
0.00511254
0.000100929
0.00511139
9.68757e-06
0.00511247
-8.60382e-06
0.00511163
4.80968e-06
0.00511016
5.88348e-06
0.00510842
7.60083e-06
0.0051069
6.2921e-06
0.00510559
5.50588e-06
0.00510451
4.47277e-06
0.00510361
3.73803e-06
0.00510286
3.08517e-06
0.00510224
2.58344e-06
0.00510171
2.16372e-06
0.00510127
1.82721e-06
0.00510089
1.55231e-06
0.00510057
1.32424e-06
0.00510029
1.13406e-06
0.00510005
9.73321e-07
0.00509984
8.37764e-07
0.00509967
7.2007e-07
0.00509951
6.19627e-07
0.00509938
5.31793e-07
0.00509926
4.57114e-07
0.00509916
3.9175e-07
0.00509907
3.34966e-07
0.005099
2.8546e-07
0.00509894
2.43712e-07
0.00509888
2.05207e-07
0.00509884
1.74573e-07
0.0050988
1.45852e-07
0.00509876
1.23112e-07
0.00509874
1.02647e-07
0.00509871
8.50542e-08
0.00509869
7.03487e-08
0.00509868
5.90346e-08
0.00509867
4.74404e-08
0.00509865
4.02334e-08
0.00509865
3.14087e-08
0.00509864
2.69988e-08
0.00509863
2.15796e-08
0.00509863
1.77859e-08
0.00509862
1.44832e-08
0.00509862
1.24196e-08
0.00509862
9.37563e-09
0.00509861
8.82419e-09
0.00509861
5.79611e-09
0.00509861
6.05849e-09
0.00509861
4.04999e-09
0.00509861
3.94252e-09
0.0050986
2.73152e-09
0.0050986
2.7516e-09
0.0050986
1.66446e-09
0.0050986
2.2474e-09
0.0050986
7.56938e-10
0.0050986
1.70029e-09
0.0050986
3.8049e-10
0.0050986
1.0282e-09
0.0050986
1.00833e-11
0.0050986
5.27314e-10
0.0050986
-2.94466e-10
0.0050986
4.16984e-10
0.0050986
-5.60546e-10
0.0050986
3.7346e-10
0.0050986
-4.09231e-10
0.0050986
5.18613e-10
0.0050986
-2.8971e-10
0.0050986
4.31586e-10
0.0050986
-2.01557e-10
0.0050986
5.36834e-10
0.0050986
-3.04401e-10
0.0050986
3.46801e-10
0.0050986
-3.17831e-10
0.0050986
4.4208e-10
0.0050986
-1.83468e-10
0.0050986
5.60691e-10
0.0050986
3.23315e-10
0.0050986
1.47818e-09
0.0050986
1.60457e-09
0.0050986
3.11316e-09
0.0050986
4.08329e-09
0.0050986
6.708e-09
0.00509859
9.08322e-09
0.00509859
1.35643e-08
0.00509859
1.89789e-08
0.00509858
2.75447e-08
0.00509857
3.84642e-08
0.00509856
5.47102e-08
0.00509854
7.61596e-08
0.00509851
1.06246e-07
0.00509847
1.4351e-07
0.00509842
1.92646e-07
0.00509835
2.40046e-07
0.00509824
3.11311e-07
0.00509806
4.41073e-07
0.00509749
1.45872e-06
0.00509583
5.30128e-06
0.00508957
1.92898e-05
3.7815e-05
0.00523336
0.00208257
0.00519423
0.000631367
0.00517355
0.000121607
0.00517321
1.00219e-05
0.00517382
-9.21663e-06
0.00517329
5.33944e-06
0.00517211
7.07186e-06
0.00517073
8.9733e-06
0.00516951
7.51031e-06
0.00516846
6.5585e-06
0.00516759
5.3448e-06
0.00516686
4.46521e-06
0.00516626
3.68831e-06
0.00516575
3.08668e-06
0.00516533
2.58791e-06
0.00516497
2.18724e-06
0.00516466
1.85976e-06
0.0051644
1.58841e-06
0.00516417
1.36214e-06
0.00516397
1.1708e-06
0.0051638
1.00923e-06
0.00516365
8.69142e-07
0.00516352
7.49454e-07
0.00516341
6.44438e-07
0.00516331
5.54936e-07
0.00516323
4.76775e-07
0.00516315
4.08671e-07
0.00516309
3.49303e-07
0.00516303
2.98671e-07
0.00516299
2.52336e-07
0.00516295
2.15147e-07
0.00516291
1.8027e-07
0.00516288
1.52395e-07
0.00516286
1.27517e-07
0.00516284
1.05895e-07
0.00516282
8.77299e-08
0.00516281
7.36317e-08
0.00516279
5.94704e-08
0.00516278
5.04073e-08
0.00516278
3.95717e-08
0.00516277
3.38652e-08
0.00516276
2.73121e-08
0.00516276
2.25668e-08
0.00516275
1.84699e-08
0.00516275
1.58155e-08
0.00516275
1.21753e-08
0.00516275
1.13757e-08
0.00516274
7.7476e-09
0.00516274
7.83839e-09
0.00516274
5.49742e-09
0.00516274
5.21666e-09
0.00516274
3.77766e-09
0.00516274
3.62047e-09
0.00516274
2.29864e-09
0.00516274
2.88194e-09
0.00516274
1.10302e-09
0.00516274
2.0511e-09
0.00516273
5.1724e-10
0.00516273
1.16206e-09
0.00516273
3.4724e-11
0.00516273
5.35357e-10
0.00516273
-4.01624e-10
0.00516273
4.03241e-10
0.00516274
-6.85939e-10
0.00516274
3.51586e-10
0.00516274
-5.06662e-10
0.00516274
5.4748e-10
0.00516274
-2.7626e-10
0.00516274
5.08363e-10
0.00516274
-1.83727e-10
0.00516274
6.6633e-10
0.00516273
-2.51906e-10
0.00516273
4.49366e-10
0.00516273
-3.15678e-10
0.00516273
5.11551e-10
0.00516273
-1.48377e-10
0.00516273
6.48331e-10
0.00516273
3.80831e-10
0.00516273
1.70364e-09
0.00516273
1.94372e-09
0.00516273
3.72628e-09
0.00516273
4.94247e-09
0.00516273
8.08348e-09
0.00516273
1.10934e-08
0.00516273
1.65033e-08
0.00516272
2.31142e-08
0.00516272
3.34328e-08
0.00516271
4.66888e-08
0.0051627
6.62802e-08
0.00516268
9.22705e-08
0.00516266
1.28945e-07
0.00516263
1.75284e-07
0.00516258
2.3914e-07
0.00516251
3.08061e-07
0.00516239
4.29108e-07
0.00516219
6.47902e-07
0.0051616
2.04265e-06
0.00516004
6.86782e-06
0.00515415
2.51735e-05
5.09458e-05
0.00522265
0.00185992
0.00520659
0.000647429
0.00519184
0.000136353
0.00519205
9.81176e-06
0.00519238
-9.55e-06
0.00519212
5.59868e-06
0.00519123
7.96053e-06
0.00519023
9.97351e-06
0.00518932
8.42268e-06
0.00518853
7.34608e-06
0.00518787
6.00332e-06
0.00518732
5.01518e-06
0.00518687
4.14582e-06
0.00518648
3.46936e-06
0.00518616
2.9112e-06
0.00518588
2.46257e-06
0.00518565
2.09576e-06
0.00518544
1.79208e-06
0.00518527
1.53885e-06
0.00518511
1.3246e-06
0.00518498
1.14343e-06
0.00518486
9.86466e-07
0.00518476
8.52329e-07
0.00518467
7.34236e-07
0.00518459
6.33298e-07
0.00518452
5.45313e-07
0.00518446
4.68457e-07
0.00518441
4.01029e-07
0.00518437
3.43766e-07
0.00518433
2.91271e-07
0.00518429
2.48887e-07
0.00518427
2.09077e-07
0.00518424
1.7698e-07
0.00518422
1.48539e-07
0.0051842
1.23646e-07
0.00518419
1.02579e-07
0.00518418
8.61052e-08
0.00518417
6.9808e-08
0.00518416
5.91764e-08
0.00518415
4.66764e-08
0.00518414
3.97975e-08
0.00518414
3.23113e-08
0.00518413
2.67902e-08
0.00518413
2.20046e-08
0.00518413
1.8844e-08
0.00518412
1.47131e-08
0.00518412
1.37156e-08
0.00518412
9.61099e-09
0.00518412
9.49514e-09
0.00518412
6.89515e-09
0.00518412
6.43214e-09
0.00518412
4.79924e-09
0.00518411
4.4542e-09
0.00518411
2.8961e-09
0.00518411
3.45596e-09
0.00518411
1.43596e-09
0.00518411
2.33963e-09
0.00518411
6.39848e-10
0.00518411
1.24713e-09
0.00518411
5.56984e-11
0.00518411
5.29564e-10
0.00518411
-5.09918e-10
0.00518411
3.67083e-10
0.00518411
-7.98001e-10
0.00518411
3.06277e-10
0.00518411
-6.0309e-10
0.00518411
5.37123e-10
0.00518411
-2.56065e-10
0.00518411
5.77124e-10
0.00518411
-1.62695e-10
0.00518411
7.80161e-10
0.00518411
-1.70977e-10
0.00518411
5.63924e-10
0.00518411
-2.84125e-10
0.00518411
5.70951e-10
0.00518411
-9.45567e-11
0.00518411
7.29814e-10
0.00518411
4.21652e-10
0.00518411
1.85201e-09
0.00518411
2.19549e-09
0.00518411
4.20167e-09
0.00518411
5.61505e-09
0.00518411
9.14937e-09
0.00518411
1.26986e-08
0.00518411
1.886e-08
0.0051841
2.64418e-08
0.0051841
3.81151e-08
0.00518409
5.32178e-08
0.00518408
7.54528e-08
0.00518407
1.05073e-07
0.00518405
1.4717e-07
0.00518402
2.01419e-07
0.00518398
2.79273e-07
0.00518392
3.70253e-07
0.00518381
5.45918e-07
0.0051836
8.58178e-07
0.00518303
2.61291e-06
0.00518165
8.24666e-06
0.0051766
3.02183e-05
6.15786e-05
0.00520399
0.00165593
0.00520551
0.000645911
0.00519609
0.000145771
0.00519665
9.24689e-06
0.0051968
-9.70229e-06
0.00519678
5.62562e-06
0.00519618
8.55607e-06
0.00519553
1.06237e-05
0.00519491
9.04063e-06
0.00519438
7.87949e-06
0.00519393
6.45547e-06
0.00519355
5.39402e-06
0.00519323
4.46274e-06
0.00519296
3.73549e-06
0.00519274
3.13698e-06
0.00519254
2.65576e-06
0.00519238
2.26221e-06
0.00519223
1.93661e-06
0.00519211
1.66512e-06
0.005192
1.4353e-06
0.0051919
1.24066e-06
0.00519181
1.07206e-06
0.00519174
9.28054e-07
0.00519167
8.0085e-07
0.00519161
6.9178e-07
0.00519156
5.96814e-07
0.00519152
5.13736e-07
0.00519148
4.40561e-07
0.00519144
3.78395e-07
0.00519141
3.21416e-07
0.00519139
2.75228e-07
0.00519136
2.31741e-07
0.00519134
1.96391e-07
0.00519133
1.65247e-07
0.00519131
1.37888e-07
0.0051913
1.14531e-07
0.00519129
9.61429e-08
0.00519128
7.81569e-08
0.00519128
6.6294e-08
0.00519127
5.24872e-08
0.00519126
4.46223e-08
0.00519126
3.64237e-08
0.00519126
3.02611e-08
0.00519125
2.49617e-08
0.00519125
2.14098e-08
0.00519125
1.6889e-08
0.00519125
1.57578e-08
0.00519125
1.13033e-08
0.00519124
1.09717e-08
0.00519124
8.17211e-09
0.00519124
7.53622e-09
0.00519124
5.73325e-09
0.00519124
5.21253e-09
0.00519124
3.42019e-09
0.00519124
3.94445e-09
0.00519124
1.72786e-09
0.00519124
2.56292e-09
0.00519124
7.40351e-10
0.00519124
1.29386e-09
0.00519124
6.5817e-11
0.00519124
5.17731e-10
0.00519124
-6.16262e-10
0.00519124
3.15701e-10
0.00519124
-9.02164e-10
0.00519124
2.45674e-10
0.00519124
-6.99563e-10
0.00519124
4.95903e-10
0.00519124
-2.41891e-10
0.00519124
6.37589e-10
0.00519124
-1.45306e-10
0.00519124
8.73267e-10
0.00519124
-8.04437e-11
0.00519124
6.8354e-10
0.00519124
-2.35545e-10
0.00519124
6.17607e-10
0.00519124
-4.0495e-11
0.00519124
7.98823e-10
0.00519124
4.39227e-10
0.00519124
1.9251e-09
0.00519124
2.34975e-09
0.00519124
4.53519e-09
0.00519124
6.09526e-09
0.00519124
9.90653e-09
0.00519124
1.38806e-08
0.00519123
2.06204e-08
0.00519123
2.88522e-08
0.00519123
4.15962e-08
0.00519122
5.80257e-08
0.00519122
8.22165e-08
0.00519121
1.14548e-07
0.00519119
1.60868e-07
0.00519117
2.21695e-07
0.00519114
3.12192e-07
0.00519109
4.24874e-07
0.00519098
6.55097e-07
0.00519078
1.05822e-06
0.00519026
3.13041e-06
0.00518913
9.37954e-06
0.00518513
3.42141e-05
6.96155e-05
0.0051854
0.00147053
0.00520056
0.000630748
0.00519586
0.000150472
0.00519663
8.47105e-06
0.00519665
-9.71836e-06
0.00519681
5.46324e-06
0.00519649
8.87638e-06
0.00519616
1.09528e-05
0.00519582
9.38311e-06
0.00519552
8.17527e-06
0.00519527
6.71315e-06
0.00519505
5.6115e-06
0.00519486
4.64676e-06
0.00519471
3.89099e-06
0.00519457
3.27012e-06
0.00519446
2.77077e-06
0.00519436
2.36227e-06
0.00519427
2.02445e-06
0.00519419
1.74278e-06
0.00519412
1.50426e-06
0.00519406
1.30196e-06
0.00519401
1.1266e-06
0.00519396
9.77032e-07
0.00519392
8.44488e-07
0.00519388
7.3046e-07
0.00519384
6.3122e-07
0.00519381
5.44383e-07
0.00519379
4.67677e-07
0.00519376
4.02331e-07
0.00519374
3.42457e-07
0.00519372
2.93844e-07
0.00519371
2.47944e-07
0.00519369
2.10341e-07
0.00519368
1.77344e-07
0.00519367
1.48333e-07
0.00519366
1.23337e-07
0.00519365
1.03529e-07
0.00519365
8.43017e-08
0.00519364
7.15738e-08
0.00519364
5.68306e-08
0.00519363
4.81874e-08
0.00519363
3.94587e-08
0.00519363
3.29202e-08
0.00519363
2.72402e-08
0.00519362
2.34417e-08
0.00519362
1.86285e-08
0.00519362
1.74336e-08
0.00519362
1.27587e-08
0.00519362
1.22231e-08
0.00519362
9.27166e-09
0.00519362
8.48273e-09
0.00519362
6.52797e-09
0.00519361
5.86243e-09
0.00519361
3.84397e-09
0.00519361
4.32936e-09
0.00519361
1.96011e-09
0.00519361
2.72048e-09
0.00519361
8.16432e-10
0.00519361
1.31238e-09
0.00519361
6.09765e-11
0.00519361
5.03198e-10
0.00519361
-7.19601e-10
0.00519361
2.52191e-10
0.00519361
-1.00476e-09
0.00519361
1.73344e-10
0.00519361
-7.95819e-10
0.00519361
4.30985e-10
0.00519361
-2.42343e-10
0.00519361
6.8969e-10
0.00519361
-1.32122e-10
0.00519361
9.4409e-10
0.00519361
5.39882e-12
0.00519361
8.00444e-10
0.00519361
-1.78932e-10
0.00519361
6.48456e-10
0.00519361
-2.57172e-12
0.00519361
8.46581e-10
0.00519361
4.28975e-10
0.00519361
1.92712e-09
0.00519361
2.40258e-09
0.00519361
4.72619e-09
0.00519361
6.38588e-09
0.00519361
1.03653e-08
0.00519361
1.46322e-08
0.00519361
2.17891e-08
0.00519361
3.04193e-08
0.00519361
4.3772e-08
0.0051936
6.11519e-08
0.0051936
8.6619e-08
0.00519359
1.2075e-07
0.00519358
1.70066e-07
0.00519357
2.35983e-07
0.00519354
3.37244e-07
0.0051935
4.69787e-07
0.0051934
7.50392e-07
0.00519323
1.2349e-06
0.00519279
3.56392e-06
0.00519194
1.02337e-05
0.00518908
3.70739e-05
7.50837e-05
0.00516895
0.00130158
0.0051949
0.000604803
0.00519434
0.000151024
0.00519522
7.59223e-06
0.00519512
-9.61182e-06
0.00519542
5.15586e-06
0.00519535
8.94472e-06
0.00519532
1.09914e-05
0.00519523
9.47185e-06
0.00519515
8.25181e-06
0.00519507
6.79019e-06
0.005195
5.67872e-06
0.00519494
4.70661e-06
0.00519489
3.94284e-06
0.00519485
3.31623e-06
0.0051948
2.81211e-06
0.00519477
2.3996e-06
0.00519473
2.05852e-06
0.0051947
1.77415e-06
0.00519467
1.53329e-06
0.00519465
1.32871e-06
0.00519462
1.15117e-06
0.0051946
1.00001e-06
0.00519458
8.65668e-07
0.00519456
7.4971e-07
0.00519454
6.48757e-07
0.00519452
5.60484e-07
0.00519451
4.82325e-07
0.0051945
4.15527e-07
0.00519448
3.54284e-07
0.00519447
3.04584e-07
0.00519446
2.57518e-07
0.00519446
2.18674e-07
0.00519445
1.84654e-07
0.00519444
1.54791e-07
0.00519444
1.28826e-07
0.00519443
1.08114e-07
0.00519443
8.80993e-08
0.00519443
7.48706e-08
0.00519442
5.95903e-08
0.00519442
5.04303e-08
0.00519442
4.13897e-08
0.00519442
3.4677e-08
0.00519441
2.87938e-08
0.00519441
2.48491e-08
0.00519441
1.98754e-08
0.00519441
1.86835e-08
0.00519441
1.39188e-08
0.00519441
1.32104e-08
0.00519441
1.01511e-08
0.00519441
9.23492e-09
0.00519441
7.14667e-09
0.00519441
6.38055e-09
0.00519441
4.15312e-09
0.00519441
4.60153e-09
0.00519441
2.12288e-09
0.0051944
2.81218e-09
0.0051944
8.65882e-10
0.0051944
1.30758e-09
0.00519441
3.72853e-11
0.00519441
4.83313e-10
0.00519441
-8.21052e-10
0.00519441
1.77922e-10
0.00519441
-1.11017e-09
0.00519441
9.2252e-11
0.00519441
-8.89285e-10
0.00519441
3.50297e-10
0.00519441
-2.60827e-10
0.00519441
7.32624e-10
0.00519441
-1.20742e-10
0.00519441
9.93148e-10
0.00519441
7.61384e-11
0.00519441
9.06016e-10
0.00519441
-1.20159e-10
0.00519441
6.61782e-10
0.00519441
8.78098e-12
0.00519441
8.65797e-10
0.00519441
3.90493e-10
0.00519441
1.86549e-09
0.00519441
2.35601e-09
0.00519441
4.7764e-09
0.00519441
6.49339e-09
0.00519441
1.05414e-08
0.00519441
1.49686e-08
0.0051944
2.23246e-08
0.0051944
3.11729e-08
0.0051944
4.48043e-08
0.0051944
6.26268e-08
0.0051944
8.87174e-08
0.0051944
1.23757e-07
0.00519439
1.74822e-07
0.00519438
2.44199e-07
0.00519437
3.5381e-07
0.00519433
5.02996e-07
0.00519426
8.2629e-07
0.00519412
1.3773e-06
0.00519379
3.89139e-06
0.00519323
1.07904e-05
0.00519153
3.87748e-05
7.80785e-05
0.00515492
0.00114666
0.0051895
0.000570223
0.00519259
0.000147934
0.00519349
6.6855e-06
0.00519326
-9.38033e-06
0.00519367
4.74515e-06
0.00519383
8.7866e-06
0.00519405
1.07692e-05
0.0051942
9.32937e-06
0.00519432
8.12818e-06
0.00519441
6.7012e-06
0.00519448
5.6074e-06
0.00519453
4.65159e-06
0.00519458
3.8986e-06
0.00519461
3.2814e-06
0.00519464
2.78473e-06
0.00519466
2.37821e-06
0.00519468
2.04211e-06
0.00519469
1.76184e-06
0.0051947
1.52447e-06
0.0051947
1.32263e-06
0.00519471
1.14711e-06
0.00519471
9.97991e-07
0.00519471
8.65156e-07
0.00519471
7.50138e-07
0.00519471
6.49884e-07
0.00519471
5.62332e-07
0.0051947
4.84686e-07
0.0051947
4.18121e-07
0.0051947
3.56972e-07
0.0051947
3.0746e-07
0.00519469
2.60431e-07
0.00519469
2.21354e-07
0.00519469
1.87114e-07
0.00519469
1.57164e-07
0.00519468
1.30905e-07
0.00519468
1.09827e-07
0.00519468
8.94793e-08
0.00519468
7.61116e-08
0.00519468
6.07048e-08
0.00519468
5.1315e-08
0.00519468
4.21667e-08
0.00519468
3.54818e-08
0.00519468
2.95585e-08
0.00519467
2.56288e-08
0.00519467
2.05914e-08
0.00519467
1.94651e-08
0.00519467
1.47297e-08
0.00519467
1.39055e-08
0.00519467
1.07815e-08
0.00519467
9.7663e-09
0.00519467
7.57913e-09
0.00519467
6.74082e-09
0.00519467
4.34443e-09
0.00519467
4.75948e-09
0.00519467
2.21301e-09
0.00519467
2.83854e-09
0.00519467
8.85278e-10
0.00519467
1.28055e-09
0.00519467
-8.6792e-12
0.00519467
4.53027e-10
0.00519467
-9.23464e-10
0.00519467
9.45994e-11
0.00519467
-1.22063e-09
0.00519467
5.24997e-12
0.00519467
-9.77028e-10
0.00519467
2.61664e-10
0.00519467
-2.975e-10
0.00519467
7.64526e-10
0.00519467
-1.08352e-10
0.00519467
1.02258e-09
0.00519467
1.25313e-10
0.00519467
9.9174e-10
0.00519467
-6.34347e-11
0.00519467
6.57805e-10
0.00519467
-1.13359e-11
0.00519467
8.511e-10
0.00519467
3.25271e-10
0.00519467
1.74944e-09
0.00519467
2.21786e-09
0.00519467
4.68083e-09
0.00519467
6.41278e-09
0.00519467
1.0458e-08
0.00519467
1.49069e-08
0.00519467
2.23075e-08
0.00519467
3.11498e-08
0.00519467
4.47342e-08
0.00519467
6.25201e-08
0.00519467
8.85961e-08
0.00519467
1.2368e-07
0.00519467
1.75237e-07
0.00519467
2.46323e-07
0.00519466
3.61402e-07
0.00519464
5.22906e-07
0.00519459
8.78403e-07
0.00519449
1.47719e-06
0.00519428
4.09814e-06
0.00519403
1.10409e-05
0.00519347
3.9335e-05
7.87404e-05
0.00514309
0.00100357
0.00518464
0.000528677
0.00519092
0.00014165
0.00519181
5.79841e-06
0.00519145
-9.01559e-06
0.00519192
4.26773e-06
0.00519228
8.4281e-06
0.00519273
1.03153e-05
0.00519309
8.97824e-06
0.00519339
7.82353e-06
0.00519363
6.46113e-06
0.00519383
5.4096e-06
0.00519399
4.4913e-06
0.00519412
3.76611e-06
0.00519423
3.17203e-06
0.00519432
2.69385e-06
0.00519439
2.30242e-06
0.00519446
1.97875e-06
0.00519451
1.70876e-06
0.00519456
1.48015e-06
0.00519459
1.28563e-06
0.00519462
1.11601e-06
0.00519465
9.72269e-07
0.00519467
8.4396e-07
0.00519469
7.32572e-07
0.0051947
6.35282e-07
0.00519471
5.50441e-07
0.00519472
4.75151e-07
0.00519473
4.10432e-07
0.00519474
3.50768e-07
0.00519474
3.02637e-07
0.00519475
2.56781e-07
0.00519475
2.18457e-07
0.00519475
1.84774e-07
0.00519475
1.5545e-07
0.00519476
1.29561e-07
0.00519476
1.08668e-07
0.00519476
8.84431e-08
0.00519476
7.52937e-08
0.00519476
6.01557e-08
0.00519476
5.08378e-08
0.00519476
4.17834e-08
0.00519476
3.53155e-08
0.00519476
2.95147e-08
0.00519476
2.57561e-08
0.00519476
2.0757e-08
0.00519476
1.97423e-08
0.00519476
1.51515e-08
0.00519476
1.42777e-08
0.00519476
1.11395e-08
0.00519476
1.00633e-08
0.00519476
7.80607e-09
0.00519476
6.95254e-09
0.00519476
4.42103e-09
0.00519476
4.80949e-09
0.00519476
2.2323e-09
0.00519476
2.80386e-09
0.00519476
8.71337e-10
0.00519476
1.23223e-09
0.00519476
-8.30833e-11
0.00519476
4.05581e-10
0.00519476
-1.03093e-09
0.00519476
-1.42157e-13
0.00519476
-1.33069e-09
0.00519476
-8.89895e-11
0.00519476
-1.05173e-09
0.00519476
1.69732e-10
0.00519476
-3.50575e-10
0.00519476
7.81131e-10
0.00519476
-9.61708e-11
0.00519476
1.03373e-09
0.00519476
1.45597e-10
0.00519476
1.05281e-09
0.00519476
-1.8373e-11
0.00519476
6.37803e-10
0.00519476
-6.5251e-11
0.00519476
7.99383e-10
0.00519476
2.32003e-10
0.00519476
1.58877e-09
0.00519476
1.99804e-09
0.00519476
4.45569e-09
0.00519476
6.16497e-09
0.00519476
1.01298e-08
0.00519476
1.4474e-08
0.00519476
2.17608e-08
0.00519476
3.03884e-08
0.00519476
4.36125e-08
0.00519476
6.09178e-08
0.00519477
8.63686e-08
0.00519477
1.20662e-07
0.00519477
1.7146e-07
0.00519478
2.4242e-07
0.00519478
3.59733e-07
0.00519477
5.28397e-07
0.00519475
9.03596e-07
0.0051947
1.52896e-06
0.00519462
4.17573e-06
0.00519467
1.09849e-05
0.00519521
3.88018e-05
7.72379e-05
0.00513319
0.000870383
0.00518037
0.000481494
0.00518944
0.000132576
0.00519028
4.95764e-06
0.00518978
-8.50953e-06
0.00519029
3.75413e-06
0.00519083
7.8949e-06
0.00519148
9.65754e-06
0.00519202
8.44084e-06
0.00519249
7.3569e-06
0.00519286
6.08512e-06
0.00519317
5.0976e-06
0.00519343
4.23565e-06
0.00519364
3.55347e-06
0.00519382
2.9948e-06
0.00519397
2.54498e-06
0.00519409
2.17676e-06
0.0051942
1.87227e-06
0.00519429
1.61812e-06
0.00519437
1.40299e-06
0.00519443
1.21993e-06
0.00519449
1.05975e-06
0.00519454
9.2438e-07
0.00519458
8.03331e-07
0.00519461
6.98057e-07
0.00519464
6.05847e-07
0.00519467
5.25539e-07
0.00519469
4.543e-07
0.0051947
3.92946e-07
0.00519472
3.36078e-07
0.00519473
2.90426e-07
0.00519474
2.4679e-07
0.00519475
2.10163e-07
0.00519476
1.77784e-07
0.00519476
1.49745e-07
0.00519477
1.24857e-07
0.00519477
1.047e-07
0.00519478
8.50564e-08
0.00519478
7.24702e-08
0.00519478
5.79686e-08
0.00519478
4.90262e-08
0.00519478
4.02705e-08
0.00519478
3.41885e-08
0.00519479
2.86608e-08
0.00519479
2.52177e-08
0.00519479
2.03651e-08
0.00519479
1.95018e-08
0.00519479
1.51547e-08
0.00519479
1.4307e-08
0.00519479
1.12137e-08
0.00519479
1.01218e-08
0.00519479
7.83115e-09
0.00519479
7.01749e-09
0.00519479
4.39162e-09
0.00519479
4.76052e-09
0.00519479
2.18665e-09
0.00519479
2.71035e-09
0.00519479
8.19915e-10
0.00519479
1.15808e-09
0.00519479
-1.82994e-10
0.00519479
3.33431e-10
0.00519479
-1.14499e-09
0.00519479
-1.01981e-10
0.00519479
-1.44143e-09
0.00519479
-1.86218e-10
0.00519479
-1.11544e-09
0.00519479
8.32328e-11
0.00519479
-4.16578e-10
0.00519479
7.78839e-10
0.00519479
-8.73091e-11
0.00519479
1.03195e-09
0.00519479
1.39554e-10
0.00519479
1.08076e-09
0.00519479
1.46054e-11
0.00519479
6.04988e-10
0.00519479
-1.47709e-10
0.00519479
7.09053e-10
0.00519479
1.12645e-10
0.00519479
1.39106e-09
0.00519479
1.70973e-09
0.00519479
4.11177e-09
0.00519479
5.75886e-09
0.00519479
9.57563e-09
0.00519479
1.3698e-08
0.00519479
2.07098e-08
0.00519479
2.89307e-08
0.0051948
4.15102e-08
0.0051948
5.79216e-08
0.0051948
8.21711e-08
0.00519481
1.14878e-07
0.00519482
1.63691e-07
0.00519483
2.32654e-07
0.00519484
3.48741e-07
0.00519485
5.18859e-07
0.00519485
9.0002e-07
0.00519485
1.5295e-06
0.0051949
4.12139e-06
0.00519526
1.06306e-05
0.00519682
3.72437e-05
7.37572e-05
0.00512493
0.000745451
0.00517667
0.000429752
0.00518817
0.000121083
0.00518895
4.17514e-06
0.0051883
-7.85767e-06
0.00518882
3.22837e-06
0.00518951
7.21167e-06
0.00519034
8.8223e-06
0.00519104
7.73917e-06
0.00519165
6.74711e-06
0.00519215
5.58837e-06
0.00519256
4.68386e-06
0.0051929
3.89473e-06
0.00519319
3.269e-06
0.00519343
2.75662e-06
0.00519363
2.34389e-06
0.0051938
2.00607e-06
0.00519394
1.72672e-06
0.00519407
1.49336e-06
0.00519417
1.29588e-06
0.00519427
1.12797e-06
0.00519435
9.80414e-07
0.00519441
8.56118e-07
0.00519447
7.44756e-07
0.00519452
6.47842e-07
0.00519457
5.62672e-07
0.0051946
4.8855e-07
0.00519463
4.22888e-07
0.00519466
3.66302e-07
0.00519468
3.13449e-07
0.0051947
2.71279e-07
0.00519472
2.30803e-07
0.00519473
1.96753e-07
0.00519474
1.66395e-07
0.00519475
1.40236e-07
0.00519476
1.16933e-07
0.00519477
9.80519e-08
0.00519477
7.94405e-08
0.00519478
6.77444e-08
0.00519478
5.42096e-08
0.00519478
4.59352e-08
0.00519479
3.7683e-08
0.00519479
3.21386e-08
0.00519479
2.70147e-08
0.00519479
2.40178e-08
0.00519479
1.94227e-08
0.00519479
1.87499e-08
0.00519479
1.47268e-08
0.00519479
1.39841e-08
0.0051948
1.1003e-08
0.0051948
9.94742e-09
0.0051948
7.66242e-09
0.0051948
6.93952e-09
0.0051948
4.26601e-09
0.0051948
4.62476e-09
0.0051948
2.08437e-09
0.0051948
2.56389e-09
0.0051948
7.29361e-10
0.0051948
1.0563e-09
0.0051948
-3.10005e-10
0.0051948
2.34526e-10
0.0051948
-1.26838e-09
0.0051948
-2.10333e-10
0.0051948
-1.54912e-09
0.0051948
-2.85688e-10
0.0051948
-1.16839e-09
0.0051948
5.62557e-12
0.0051948
-4.89883e-10
0.0051948
7.54712e-10
0.0051948
-8.62313e-11
0.0051948
1.01936e-09
0.0051948
1.09691e-10
0.0051948
1.07249e-09
0.0051948
3.03008e-11
0.0051948
5.61994e-10
0.0051948
-2.52666e-10
0.0051948
5.81026e-10
0.0051948
-3.4106e-11
0.0051948
1.16228e-09
0.0051948
1.36555e-09
0.0051948
3.66135e-09
0.0051948
5.20422e-09
0.0051948
8.81465e-09
0.0051948
1.26107e-08
0.0051948
1.91928e-08
0.00519481
2.68273e-08
0.00519481
3.85069e-08
0.00519481
5.3648e-08
0.00519482
7.61599e-08
0.00519483
1.06533e-07
0.00519484
1.52185e-07
0.00519485
2.17298e-07
0.00519487
3.28615e-07
0.0051949
4.94221e-07
0.00519493
8.67099e-07
0.00519498
1.47801e-06
0.00519517
3.93741e-06
0.0051958
9.99277e-06
0.0051983
3.47452e-05
6.84973e-05
0.00511811
0.000627344
0.00517352
0.000374339
0.00518709
0.000107519
0.00518781
3.45299e-06
0.00518701
-7.06094e-06
0.00518753
2.70807e-06
0.00518834
6.40175e-06
0.00518933
7.8349e-06
0.00519017
6.89487e-06
0.00519091
6.01276e-06
0.00519151
4.98609e-06
0.00519201
4.18094e-06
0.00519243
3.47883e-06
0.00519277
2.92121e-06
0.00519307
2.46461e-06
0.00519331
2.09658e-06
0.00519352
1.7954e-06
0.0051937
1.54641e-06
0.00519386
1.33819e-06
0.00519399
1.16199e-06
0.00519411
1.01244e-06
0.00519421
8.80347e-07
0.0051943
7.69507e-07
0.00519437
6.69951e-07
0.00519443
5.83376e-07
0.00519449
5.0703e-07
0.00519454
4.4058e-07
0.00519458
3.81837e-07
0.00519461
3.31277e-07
0.00519464
2.83554e-07
0.00519467
2.45773e-07
0.00519469
2.09282e-07
0.00519471
1.78609e-07
0.00519473
1.50944e-07
0.00519474
1.27208e-07
0.00519475
1.06011e-07
0.00519476
8.89065e-08
0.00519477
7.17638e-08
0.00519477
6.12629e-08
0.00519478
4.89812e-08
0.00519478
4.16435e-08
0.00519479
3.4097e-08
0.00519479
2.92271e-08
0.00519479
2.46177e-08
0.00519479
2.21781e-08
0.00519479
1.79519e-08
0.0051948
1.75114e-08
0.0051948
1.3875e-08
0.0051948
1.33118e-08
0.0051948
1.05152e-08
0.0051948
9.55341e-09
0.0051948
7.31277e-09
0.0051948
6.72629e-09
0.0051948
4.05409e-09
0.0051948
4.41466e-09
0.0051948
1.9345e-09
0.0051948
2.37167e-09
0.0051948
5.99264e-10
0.0051948
9.24287e-10
0.0051948
-4.62913e-10
0.0051948
1.11212e-10
0.0051948
-1.40357e-09
0.0051948
-3.24621e-10
0.0051948
-1.64988e-09
0.0051948
-3.86225e-10
0.0051948
-1.21257e-09
0.0051948
-6.1964e-11
0.0051948
-5.65184e-10
0.0051948
7.09165e-10
0.0051948
-9.65144e-11
0.0051948
9.97858e-10
0.0051948
6.24219e-11
0.0051948
1.02865e-09
0.0051948
2.46619e-11
0.0051948
5.10821e-10
0.0051948
-3.72193e-10
0.0051948
4.19132e-10
0.0051948
-2.09221e-10
0.0051948
9.06622e-10
0.0051948
9.77696e-10
0.0051948
3.11966e-09
0.0051948
4.51406e-09
0.0051948
7.86539e-09
0.00519481
1.12464e-08
0.00519481
1.72565e-08
0.00519481
2.41365e-08
0.00519481
3.46901e-08
0.00519482
4.82267e-08
0.00519483
6.85117e-08
0.00519484
9.58626e-08
0.00519485
1.37252e-07
0.00519487
1.96736e-07
0.0051949
2.99797e-07
0.00519494
4.5495e-07
0.005195
8.05486e-07
0.00519511
1.37593e-06
0.00519541
3.63052e-06
0.00519631
9.09297e-06
0.00519965
3.14031e-05
6.1666e-05
0.00511253
0.000514813
0.00517087
0.000315996
0.00518619
9.22074e-05
0.00518685
2.78706e-06
0.00518592
-6.12624e-06
0.00518642
2.2048e-06
0.00518734
5.48695e-06
0.00518845
6.71945e-06
0.00518942
5.92922e-06
0.00519026
5.17217e-06
0.00519095
4.29349e-06
0.00519153
3.60151e-06
0.00519201
2.99839e-06
0.00519241
2.51877e-06
0.00519275
2.12609e-06
0.00519304
1.80925e-06
0.00519328
1.55002e-06
0.00519349
1.33585e-06
0.00519367
1.15651e-06
0.00519383
1.00472e-06
0.00519397
8.76255e-07
0.00519409
7.62081e-07
0.00519419
6.66778e-07
0.00519428
5.80844e-07
0.00519435
5.06298e-07
0.00519442
4.40353e-07
0.00519448
3.82892e-07
0.00519453
3.32222e-07
0.00519457
2.88779e-07
0.00519461
2.47183e-07
0.00519464
2.146e-07
0.00519467
1.82802e-07
0.00519469
1.56205e-07
0.00519471
1.31854e-07
0.00519472
1.11024e-07
0.00519474
9.23871e-08
0.00519475
7.75041e-08
0.00519476
6.22357e-08
0.00519477
5.32104e-08
0.00519477
4.24207e-08
0.00519478
3.6253e-08
0.00519478
2.96048e-08
0.00519479
2.55347e-08
0.00519479
2.15317e-08
0.00519479
1.97379e-08
0.00519479
1.59893e-08
0.00519479
1.58286e-08
0.0051948
1.26272e-08
0.0051948
1.23067e-08
0.0051948
9.76676e-09
0.0051948
8.95947e-09
0.0051948
6.80094e-09
0.0051948
6.38808e-09
0.0051948
3.76544e-09
0.0051948
4.14134e-09
0.0051948
1.74549e-09
0.0051948
2.14146e-09
0.0051948
4.31499e-10
0.0051948
7.59864e-10
0.0051948
-6.37923e-10
0.0051948
-3.48819e-11
0.0051948
-1.54945e-09
0.0051948
-4.44533e-10
0.0051948
-1.74053e-09
0.0051948
-4.85839e-10
0.0051948
-1.25049e-09
0.0051948
-1.19762e-10
0.0051948
-6.37675e-10
0.0051948
6.46168e-10
0.0051948
-1.20795e-10
0.0051948
9.68874e-10
0.0051948
5.81008e-12
0.0051948
9.5386e-10
0.0051948
-4.87314e-12
0.0051948
4.51947e-10
0.0051948
-4.98117e-10
0.0051948
2.30026e-10
0.0051948
-4.12457e-10
0.0051948
6.26467e-10
0.0051948
5.56864e-10
0.0051948
2.50306e-09
0.0051948
3.70317e-09
0.00519481
6.74625e-09
0.00519481
9.64031e-09
0.00519481
1.49536e-08
0.00519481
2.09254e-08
0.00519482
3.01552e-08
0.00519482
4.17989e-08
0.00519483
5.94225e-08
0.00519485
8.31316e-08
0.00519486
1.19257e-07
0.00519489
1.71465e-07
0.00519493
2.62982e-07
0.00519498
4.02036e-07
0.00519507
7.16977e-07
0.00519522
1.22662e-06
0.00519564
3.21132e-06
0.00519677
7.95821e-06
0.00520085
2.73235e-05
5.34784e-05
0.00510807
0.000406743
0.00516871
0.000255357
0.00518546
7.54608e-05
0.00518607
2.16969e-06
0.00518501
-5.06636e-06
0.00518549
1.72462e-06
0.00518649
4.48758e-06
0.00518771
5.49901e-06
0.00518878
4.86308e-06
0.00518971
4.24346e-06
0.00519048
3.5257e-06
0.00519112
2.95828e-06
0.00519165
2.46399e-06
0.0051921
2.07054e-06
0.00519248
1.7485e-06
0.0051928
1.4883e-06
0.00519307
1.27542e-06
0.00519331
1.09973e-06
0.00519351
9.52414e-07
0.00519369
8.27647e-07
0.00519385
7.2254e-07
0.00519398
6.28342e-07
0.0051941
5.50342e-07
0.0051942
4.79548e-07
0.00519428
4.18419e-07
0.00519436
3.64223e-07
0.00519443
3.16887e-07
0.00519448
2.75255e-07
0.00519453
2.39833e-07
0.00519458
2.05221e-07
0.00519461
1.78547e-07
0.00519464
1.52037e-07
0.00519467
1.30101e-07
0.00519469
1.09616e-07
0.00519471
9.2121e-08
0.00519472
7.64255e-08
0.00519474
6.41364e-08
0.00519475
5.11016e-08
0.00519476
4.38037e-08
0.00519477
3.46976e-08
0.00519477
2.98901e-08
0.00519478
2.43143e-08
0.00519478
2.11594e-08
0.00519479
1.78398e-08
0.00519479
1.6756e-08
0.00519479
1.35852e-08
0.00519479
1.37581e-08
0.00519479
1.10297e-08
0.0051948
1.10007e-08
0.0051948
8.78213e-09
0.0051948
8.18984e-09
0.0051948
6.14899e-09
0.0051948
5.93742e-09
0.0051948
3.40896e-09
0.0051948
3.81379e-09
0.0051948
1.52428e-09
0.0051948
1.88097e-09
0.0051948
2.3023e-10
0.0051948
5.63978e-10
0.0051948
-8.32608e-10
0.0051948
-1.99261e-10
0.0051948
-1.70314e-09
0.0051948
-5.69429e-10
0.0051948
-1.81925e-09
0.0051948
-5.8191e-10
0.0051948
-1.28397e-09
0.0051948
-1.69215e-10
0.0051948
-7.02477e-10
0.0051948
5.71002e-10
0.0051948
-1.60099e-10
0.0051948
9.32645e-10
0.0051948
-5.27903e-11
0.0051948
8.55563e-10
0.0051948
-5.9282e-11
0.0051948
3.8381e-10
0.0051948
-6.2386e-10
0.0051948
2.21783e-11
0.0051948
-6.41981e-10
0.0051948
3.22674e-10
0.0051948
1.11179e-10
0.0051948
1.82772e-09
0.00519481
2.78894e-09
0.00519481
5.47739e-09
0.00519481
7.82832e-09
0.00519481
1.23412e-08
0.00519482
1.72691e-08
0.00519482
2.50056e-08
0.00519483
3.45162e-08
0.00519484
4.9106e-08
0.00519485
6.86344e-08
0.00519487
9.86173e-08
0.0051949
1.42089e-07
0.00519495
2.191e-07
0.00519501
3.36946e-07
0.00519512
6.04392e-07
0.00519532
1.03522e-06
0.00519583
2.69365e-06
0.00519717
6.62036e-06
0.00520187
2.26199e-05
4.41543e-05
0.00510462
0.000302128
0.005167
0.000192969
0.00518489
5.75781e-05
0.00518546
1.59151e-06
0.0051843
-3.89948e-06
0.00518475
1.26888e-06
0.00518582
3.42249e-06
0.00518712
4.19571e-06
0.00518827
3.71702e-06
0.00518927
3.24452e-06
0.00519009
2.69783e-06
0.00519079
2.26398e-06
0.00519137
1.88633e-06
0.00519185
1.58548e-06
0.00519226
1.33947e-06
0.00519261
1.14025e-06
0.00519291
9.77226e-07
0.00519316
8.42936e-07
0.00519338
7.3017e-07
0.00519358
6.34548e-07
0.00519375
5.546e-07
0.00519389
4.82016e-07
0.00519402
4.2276e-07
0.00519413
3.68334e-07
0.00519423
3.21708e-07
0.00519431
2.80346e-07
0.00519438
2.4408e-07
0.00519445
2.12261e-07
0.0051945
1.85573e-07
0.00519455
1.58648e-07
0.00519459
1.38488e-07
0.00519462
1.17745e-07
0.00519465
1.00934e-07
0.00519468
8.47838e-08
0.0051947
7.09925e-08
0.00519471
5.85475e-08
0.00519473
4.91422e-08
0.00519474
3.86387e-08
0.00519475
3.32861e-08
0.00519476
2.60108e-08
0.00519477
2.27061e-08
0.00519477
1.83489e-08
0.00519478
1.62136e-08
0.00519478
1.36438e-08
0.00519479
1.33109e-08
0.00519479
1.08031e-08
0.00519479
1.13672e-08
0.00519479
9.14361e-09
0.0051948
9.43956e-09
0.0051948
7.59333e-09
0.0051948
7.27237e-09
0.0051948
5.38168e-09
0.0051948
5.38869e-09
0.0051948
2.99279e-09
0.0051948
3.43882e-09
0.0051948
1.27546e-09
0.0051948
1.59688e-09
0.0051948
1.16721e-12
0.0051948
3.40183e-10
0.0051948
-1.04336e-09
0.0051948
-3.75855e-10
0.0051948
-1.85961e-09
0.0051948
-6.97561e-10
0.0051948
-1.88514e-09
0.0051948
-6.71577e-10
0.0051948
-1.31391e-09
0.0051948
-2.12375e-10
0.0051948
-7.56254e-10
0.0051948
4.90335e-10
0.0051948
-2.13066e-10
0.0051948
8.886e-10
0.0051948
-1.07716e-10
0.0051948
7.43073e-10
0.0051948
-1.36934e-10
0.0051948
3.03965e-10
0.0051948
-7.45049e-10
0.0051948
-1.94988e-10
0.0051948
-8.93936e-10
0.0051948
-4.55903e-12
0.0051948
-3.53886e-10
0.0051948
1.10852e-09
0.00519481
1.79041e-09
0.00519481
4.08136e-09
0.00519481
5.8473e-09
0.00519481
9.47956e-09
0.00519482
1.32497e-08
0.00519482
1.93524e-08
0.00519483
2.6539e-08
0.00519484
3.77905e-08
0.00519486
5.26905e-08
0.00519488
7.57999e-08
0.00519491
1.09305e-07
0.00519496
1.69294e-07
0.00519504
2.61574e-07
0.00519517
4.7144e-07
0.0051954
8.08339e-07
0.005196
2.09405e-06
0.0051975
5.11528e-06
0.00520271
1.74114e-05
3.39173e-05
0.00510209
0.000200039
0.00516574
0.000129321
0.00518447
3.88503e-05
0.00518501
1.04257e-06
0.00518376
-2.64826e-06
0.0051842
8.34976e-07
0.00518531
2.30929e-06
0.00518667
2.83094e-06
0.00518788
2.51129e-06
0.00518893
2.19308e-06
0.0051898
1.82494e-06
0.00519054
1.53139e-06
0.00519115
1.27617e-06
0.00519166
1.0727e-06
0.00519209
9.06697e-07
0.00519246
7.71743e-07
0.00519278
6.61222e-07
0.00519305
5.70495e-07
0.00519329
4.94174e-07
0.00519349
4.29315e-07
0.00519367
3.75878e-07
0.00519382
3.26126e-07
0.00519396
2.86709e-07
0.00519408
2.49596e-07
0.00519418
2.18263e-07
0.00519427
1.90541e-07
0.00519435
1.66078e-07
0.00519442
1.44663e-07
0.00519448
1.27228e-07
0.00519453
1.08517e-07
0.00519457
9.53567e-08
0.00519461
8.07539e-08
0.00519464
6.94067e-08
0.00519466
5.79576e-08
0.00519469
4.81741e-08
0.00519471
3.92193e-08
0.00519472
3.29008e-08
0.00519474
2.51529e-08
0.00519475
2.19227e-08
0.00519476
1.65843e-08
0.00519477
1.48768e-08
0.00519477
1.18476e-08
0.00519478
1.0822e-08
0.00519478
9.06073e-09
0.00519479
9.49891e-09
0.00519479
7.71885e-09
0.00519479
8.73031e-09
0.00519479
7.03998e-09
0.00519479
7.68089e-09
0.0051948
6.2391e-09
0.0051948
6.23683e-09
0.0051948
4.52493e-09
0.0051948
4.75794e-09
0.0051948
2.52474e-09
0.0051948
3.02152e-09
0.0051948
1.0015e-09
0.0051948
1.29472e-09
0.0051948
-2.48648e-10
0.0051948
9.4751e-11
0.0051948
-1.26488e-09
0.0051948
-5.57721e-10
0.0051948
-2.01215e-09
0.0051948
-8.25684e-10
0.0051948
-1.93772e-09
0.0051948
-7.52201e-10
0.0051948
-1.34024e-09
0.0051948
-2.51453e-10
0.0051948
-7.97772e-10
0.0051948
4.10728e-10
0.0051948
-2.76533e-10
0.0051948
8.35607e-10
0.0051948
-1.56088e-10
0.0051948
6.25715e-10
0.0051948
-2.33878e-10
0.0051948
2.09747e-10
0.0051948
-8.60218e-10
0.0051948
-4.12694e-10
0.0051948
-1.16276e-09
0.0051948
-3.54828e-10
0.0051948
-8.34984e-10
0.00519481
3.58954e-10
0.00519481
7.28188e-10
0.00519481
2.58373e-09
0.00519481
3.73552e-09
0.00519481
6.43124e-09
0.00519482
8.95521e-09
0.00519482
1.33136e-08
0.00519483
1.80346e-08
0.00519484
2.57169e-08
0.00519486
3.56411e-08
0.00519489
5.13105e-08
0.00519492
7.38928e-08
0.00519498
1.14884e-07
0.00519506
1.78168e-07
0.00519521
3.2256e-07
0.00519546
5.5379e-07
0.00519613
1.43117e-06
0.00519776
3.482e-06
0.00520335
1.18209e-05
2.29937e-05
0.00510043
9.96056e-05
0.0051649
6.48552e-05
0.00518419
1.95623e-05
0.00518472
5.12922e-07
0.00518341
-1.33884e-06
0.00518383
4.17309e-07
0.00518497
1.16458e-06
0.00518638
1.42548e-06
0.00518762
1.26589e-06
0.00518871
1.10671e-06
0.00518961
9.2204e-07
0.00519037
7.73255e-07
0.005191
6.44324e-07
0.00519153
5.41384e-07
0.00519198
4.58016e-07
0.00519236
3.89522e-07
0.00519269
3.33286e-07
0.00519297
2.87549e-07
0.00519322
2.4893e-07
0.00519343
2.15939e-07
0.00519362
1.89925e-07
0.00519378
1.63805e-07
0.00519392
1.44961e-07
0.00519405
1.25818e-07
0.00519415
1.10284e-07
0.00519425
9.67163e-08
0.00519433
8.45588e-08
0.0051944
7.39565e-08
0.00519446
6.61019e-08
0.00519451
5.59487e-08
0.00519456
5.01399e-08
0.0051946
4.19389e-08
0.00519463
3.62709e-08
0.00519466
2.97775e-08
0.00519468
2.42299e-08
0.0051947
1.8937e-08
0.00519472
1.58236e-08
0.00519473
1.09743e-08
0.00519474
9.99567e-09
0.00519475
6.66157e-09
0.00519476
6.60027e-09
0.00519477
4.96626e-09
0.00519478
5.11944e-09
0.00519478
4.21927e-09
0.00519478
5.43189e-09
0.00519479
4.41936e-09
0.00519479
5.9259e-09
0.00519479
4.79454e-09
0.00519479
5.7901e-09
0.0051948
4.76376e-09
0.0051948
5.11385e-09
0.0051948
3.60458e-09
0.0051948
4.06239e-09
0.0051948
2.01282e-09
0.0051948
2.5661e-09
0.0051948
7.03397e-10
0.0051948
9.78833e-10
0.0051948
-5.11423e-10
0.0051948
-1.63606e-10
0.0051948
-1.49007e-09
0.0051948
-7.37116e-10
0.0051948
-2.15295e-09
0.0051948
-9.48982e-10
0.0051948
-1.97639e-09
0.0051948
-8.21674e-10
0.0051948
-1.36221e-09
0.0051948
-2.88423e-10
0.0051948
-8.27888e-10
0.0051948
3.37481e-10
0.0051948
-3.45879e-10
0.0051948
7.72856e-10
0.0051948
-1.97531e-10
0.0051948
5.11412e-10
0.0051948
-3.44105e-10
0.0051948
9.94354e-11
0.0051948
-9.70501e-10
0.0051948
-6.23918e-10
0.0051948
-1.44158e-09
0.0051948
-7.26299e-10
0.0051948
-1.32974e-09
0.00519481
-4.08658e-10
0.00519481
-3.75862e-10
0.00519481
1.01316e-09
0.00519481
1.53288e-09
0.00519481
3.25961e-09
0.00519482
4.47693e-09
0.00519482
7.01223e-09
0.00519483
9.17564e-09
0.00519485
1.31348e-08
0.00519486
1.78441e-08
0.00519489
2.56872e-08
0.00519493
3.66954e-08
0.00519498
5.73309e-08
0.00519507
8.92541e-08
0.00519523
1.62751e-07
0.00519551
2.80295e-07
0.00519621
7.25245e-07
0.00519793
1.76195e-06
0.00520378
5.97416e-06
1.16114e-05
0.00509962
-9.4996e-09
0.00516448
-1.25043e-08
0.00518405
-4.77668e-09
0.00518457
-7.18201e-09
0.00518323
2.54896e-10
0.00518364
8.24737e-09
0.0051848
4.27039e-09
0.00518623
-2.67181e-10
0.00518749
6.90854e-10
0.00518859
2.89947e-09
0.00518951
4.12705e-09
0.00519028
2.33907e-09
0.00519093
1.64887e-09
0.00519147
7.64514e-10
0.00519192
1.31419e-09
0.00519231
3.90118e-10
0.00519265
-6.37816e-10
0.00519293
-6.76905e-10
0.00519318
-9.74579e-10
0.0051934
-1.52703e-09
0.00519359
3.56641e-10
0.00519376
-1.74298e-09
0.0051939
3.46849e-10
0.00519403
-4.63748e-10
0.00519414
3.76358e-11
0.00519423
8.4682e-10
0.00519432
1.25181e-09
0.00519439
1.68063e-09
0.00519445
3.5527e-09
0.00519451
2.11066e-09
0.00519455
3.85456e-09
0.00519459
2.20544e-09
0.00519463
2.31435e-09
0.00519465
9.10748e-10
0.00519468
-2.60022e-10
0.0051947
-1.78699e-09
0.00519472
-1.65648e-09
0.00519473
-3.5476e-09
0.00519474
-2.20126e-09
0.00519475
-3.5008e-09
0.00519476
-1.90739e-09
0.00519477
-2.12395e-09
0.00519478
-7.50602e-10
0.00519478
-7.45423e-10
0.00519478
1.23216e-09
0.00519479
1.0007e-09
0.00519479
3.03439e-09
0.00519479
2.48298e-09
0.00519479
3.83597e-09
0.0051948
3.21564e-09
0.0051948
3.93425e-09
0.0051948
2.64541e-09
0.0051948
3.32007e-09
0.0051948
1.46586e-09
0.0051948
2.07701e-09
0.0051948
3.81906e-10
0.0051948
6.52852e-10
0.0051948
-7.78948e-10
0.0051948
-4.24398e-10
0.0051948
-1.71035e-09
0.0051948
-9.05935e-10
0.0051948
-2.2738e-09
0.0051948
-1.06157e-09
0.0051948
-2.00023e-09
0.0051948
-8.78497e-10
0.0051948
-1.37862e-09
0.0051948
-3.24648e-10
0.0051948
-8.48988e-10
0.0051948
2.74009e-10
0.0051948
-4.15715e-10
0.0051948
7.00532e-10
0.0051948
-2.33874e-10
0.0051948
4.05707e-10
0.0051948
-4.60382e-10
0.0051948
-2.69497e-11
0.0051948
-1.07881e-09
0.0051948
-8.24082e-10
0.0051948
-1.72259e-09
0.0051948
-1.11499e-09
0.0051948
-1.83519e-09
0.00519481
-1.18266e-09
0.00519481
-1.49905e-09
0.00519481
-5.99153e-10
0.00519481
-7.19004e-10
0.00519481
2.81655e-11
0.00519482
-9.19891e-11
0.00519483
5.75022e-10
0.00519483
1.3813e-10
0.00519485
3.00045e-10
0.00519487
-3.30469e-10
0.00519489
-5.09781e-10
0.00519493
-1.40054e-09
0.00519499
-1.81006e-09
0.00519508
-2.4547e-09
0.00519525
-2.6089e-09
0.00519553
-2.81112e-09
0.00519626
-2.43883e-09
0.00519802
-1.87799e-09
0.005204
-1.04514e-09
-4.54449e-10
0.00509962
-9.96246e-05
0.00516448
-6.48801e-05
0.00518405
-1.95719e-05
0.00518457
-5.27303e-07
0.00518323
1.33932e-06
0.00518364
-4.0087e-07
0.0051848
-1.1561e-06
0.00518623
-1.42608e-06
0.00518749
-1.26457e-06
0.00518859
-1.10094e-06
0.00518951
-9.13822e-07
0.00519028
-7.68602e-07
0.00519093
-6.41009e-07
0.00519147
-5.39882e-07
0.00519192
-4.55473e-07
0.00519231
-3.88808e-07
0.00519265
-3.34573e-07
0.00519294
-2.88917e-07
0.00519318
-2.50908e-07
0.0051934
-2.18995e-07
0.00519359
-1.89186e-07
0.00519376
-1.67274e-07
0.0051939
-1.44267e-07
0.00519403
-1.26696e-07
0.00519414
-1.10184e-07
0.00519423
-9.50518e-08
0.00519432
-8.20851e-08
0.00519439
-7.06031e-08
0.00519445
-5.90316e-08
0.00519451
-5.17969e-08
0.00519455
-4.24638e-08
0.00519459
-3.75297e-08
0.00519463
-3.1658e-08
0.00519465
-2.79598e-08
0.00519468
-2.47115e-08
0.0051947
-2.24388e-08
0.00519472
-1.90966e-08
0.00519473
-1.80513e-08
0.00519474
-1.43679e-08
0.00519475
-1.36407e-08
0.00519476
-1.04189e-08
0.00519477
-9.2386e-09
0.00519478
-6.63831e-09
0.00519478
-5.69614e-09
0.00519478
-2.97267e-09
0.00519479
-2.43468e-09
0.00519479
1.36549e-10
0.00519479
1.77193e-10
0.00519479
1.8859e-09
0.0051948
1.64504e-09
0.0051948
2.72877e-09
0.0051948
1.67062e-09
0.0051948
2.54928e-09
0.0051948
8.94243e-10
0.0051948
1.56017e-09
0.0051948
3.8996e-11
0.0051948
3.20547e-10
0.0051948
-1.04275e-09
0.0051948
-6.76395e-10
0.0051948
-1.91618e-09
0.0051948
-1.05631e-09
0.0051948
-2.36703e-09
0.0051948
-1.15738e-09
0.0051948
-2.00803e-09
0.0051948
-9.21786e-10
0.0051948
-1.38804e-09
0.0051948
-3.60535e-10
0.0051948
-8.64064e-10
0.0051948
2.21684e-10
0.0051948
-4.80668e-10
0.0051948
6.20085e-10
0.0051948
-2.68191e-10
0.0051948
3.11239e-10
0.0051948
-5.75297e-10
0.0051948
-1.67205e-10
0.0051948
-1.18859e-09
0.0051948
-1.01111e-09
0.0051948
-1.99761e-09
0.0051948
-1.51392e-09
0.0051948
-2.34661e-09
0.00519481
-1.95157e-09
0.00519481
-2.61833e-09
0.00519481
-2.22026e-09
0.00519481
-2.97711e-09
0.00519481
-3.19998e-09
0.00519482
-4.65834e-09
0.00519483
-5.86955e-09
0.00519483
-8.90037e-09
0.00519485
-1.2529e-08
0.00519487
-1.85058e-08
0.00519489
-2.67084e-08
0.00519493
-3.94857e-08
0.00519499
-6.09337e-08
0.00519508
-9.41479e-08
0.00519525
-1.67951e-07
0.00519553
-2.85885e-07
0.00519626
-7.3009e-07
0.00519802
-1.76569e-06
0.005204
-5.97625e-06
-1.16123e-05
0.00510043
-0.000200058
0.0051649
-0.000129346
0.00518419
-3.88598e-05
0.00518472
-1.057e-06
0.00518341
2.64865e-06
0.00518383
-8.18709e-07
0.00518497
-2.30097e-06
0.00518638
-2.83174e-06
0.00518762
-2.51012e-06
0.00518871
-2.18739e-06
0.00518961
-1.81683e-06
0.00519037
-1.52681e-06
0.005191
-1.27281e-06
0.00519153
-1.07129e-06
0.00519198
-9.04397e-07
0.00519236
-7.7122e-07
0.00519269
-6.62546e-07
0.00519297
-5.71905e-07
0.00519322
-4.96229e-07
0.00519343
-4.32379e-07
0.00519362
-3.75071e-07
0.00519378
-3.29546e-07
0.00519392
-2.86012e-07
0.00519405
-2.50335e-07
0.00519415
-2.18095e-07
0.00519425
-1.88956e-07
0.00519433
-1.63687e-07
0.0051944
-1.41337e-07
0.00519446
-1.20262e-07
0.00519451
-1.04563e-07
0.00519456
-8.77767e-08
0.0051946
-7.63548e-08
0.00519463
-6.48414e-08
0.00519466
-5.6148e-08
0.00519468
-4.85464e-08
0.0051947
-4.25151e-08
0.00519472
-3.60569e-08
0.00519473
-3.2172e-08
0.00519474
-2.62038e-08
0.00519475
-2.34975e-08
0.00519476
-1.87033e-08
0.00519477
-1.61846e-08
0.00519478
-1.23894e-08
0.00519478
-1.04977e-08
0.00519478
-7.05553e-09
0.00519479
-5.78153e-09
0.00519479
-2.68776e-09
0.00519479
-2.05713e-09
0.00519479
1.68581e-12
0.0051948
1.01688e-10
0.0051948
1.52791e-09
0.0051948
7.01755e-10
0.0051948
1.76833e-09
0.0051948
3.10441e-10
0.0051948
1.02427e-09
0.0051948
-3.20668e-10
0.0051948
-1.32907e-11
0.0051948
-1.29418e-09
0.0051948
-9.08476e-10
0.0051948
-2.09806e-09
0.0051948
-1.18139e-09
0.0051948
-2.42638e-09
0.0051948
-1.23116e-09
0.0051948
-1.9987e-09
0.0051948
-9.51201e-10
0.0051948
-1.38899e-09
0.0051948
-3.95401e-10
0.0051948
-8.75835e-10
0.0051948
1.80077e-10
0.0051948
-5.3613e-10
0.0051948
5.34141e-10
0.0051948
-3.03637e-10
0.0051948
2.2787e-10
0.0051948
-6.82276e-10
0.0051948
-3.16912e-10
0.0051948
-1.30248e-09
0.0051948
-1.18486e-09
0.0051948
-2.25854e-09
0.0051948
-1.91315e-09
0.0051948
-2.85665e-09
0.00519481
-2.7037e-09
0.00519481
-3.71084e-09
0.00519481
-3.81636e-09
0.00519481
-5.19749e-09
0.00519481
-6.36248e-09
0.00519482
-9.13014e-09
0.00519482
-1.21929e-08
0.00519483
-1.77623e-08
0.00519485
-2.50946e-08
0.00519486
-3.63043e-08
0.00519489
-5.23354e-08
0.00519493
-7.66509e-08
0.00519498
-1.18436e-07
0.00519507
-1.83015e-07
0.00519523
-3.27705e-07
0.00519551
-5.59289e-07
0.00519621
-1.43592e-06
0.00519793
-3.4857e-06
0.00520378
-1.18229e-05
-2.29946e-05
0.00510209
-0.000302147
0.00516574
-0.000192993
0.00518446
-5.75875e-05
0.00518501
-1.60597e-06
0.00518376
3.89975e-06
0.0051842
-1.25292e-06
0.00518531
-3.41444e-06
0.00518667
-4.19681e-06
0.00518788
-3.71612e-06
0.00518893
-3.23899e-06
0.0051898
-2.68989e-06
0.00519054
-2.25954e-06
0.00519115
-1.88295e-06
0.00519166
-1.58421e-06
0.00519209
-1.33753e-06
0.00519246
-1.14001e-06
0.00519278
-9.78615e-07
0.00519305
-8.44414e-07
0.00519329
-7.32321e-07
0.00519349
-6.37622e-07
0.00519367
-5.5371e-07
0.00519383
-4.85355e-07
0.00519396
-4.22049e-07
0.00519408
-3.68878e-07
0.00519418
-3.21456e-07
0.00519427
-2.78869e-07
0.00519435
-2.41807e-07
0.00519442
-2.08991e-07
0.00519448
-1.78774e-07
0.00519453
-1.5499e-07
0.00519457
-1.31057e-07
0.00519461
-1.13379e-07
0.00519464
-9.64494e-08
0.00519467
-8.29785e-08
0.00519469
-7.12015e-08
0.00519471
-6.15344e-08
0.00519472
-5.21135e-08
0.00519474
-4.5551e-08
0.00519475
-3.74143e-08
0.00519476
-3.28186e-08
0.00519477
-2.65347e-08
0.00519477
-2.27662e-08
0.00519478
-1.78479e-08
0.00519478
-1.502e-08
0.00519479
-1.08954e-08
0.00519479
-8.93622e-09
0.00519479
-5.36082e-09
0.00519479
-4.16161e-09
0.00519479
-1.7635e-09
0.0051948
-1.36781e-09
0.0051948
3.61912e-10
0.0051948
-2.40732e-10
0.0051948
9.95438e-10
0.0051948
-2.70741e-10
0.0051948
4.81521e-10
0.0051948
-6.8874e-10
0.0051948
-3.41985e-10
0.0051948
-1.52465e-09
0.0051948
-1.11037e-09
0.0051948
-2.24733e-09
0.0051948
-1.27604e-09
0.0051948
-2.44783e-09
0.0051948
-1.2792e-09
0.0051948
-1.97167e-09
0.0051948
-9.66894e-10
0.0051948
-1.38e-09
0.0051948
-4.27505e-10
0.0051948
-8.86066e-10
0.0051948
1.47429e-10
0.0051948
-5.78821e-10
0.0051948
4.46205e-10
0.0051948
-3.4246e-10
0.0051948
1.53433e-10
0.0051948
-7.76287e-10
0.0051948
-4.69753e-10
0.0051948
-1.42102e-09
0.0051948
-1.34612e-09
0.0051948
-2.49779e-09
0.0051948
-2.30042e-09
0.0051948
-3.35511e-09
0.00519481
-3.427e-09
0.00519481
-4.75444e-09
0.00519481
-5.35354e-09
0.00519481
-7.33578e-09
0.00519481
-9.39807e-09
0.00519482
-1.34175e-08
0.00519482
-1.82676e-08
0.00519483
-2.6272e-08
0.00519484
-3.7143e-08
0.00519486
-5.33532e-08
0.00519489
-7.68273e-08
0.00519492
-1.12009e-07
0.00519498
-1.7276e-07
0.00519506
-2.6634e-07
0.00519521
-4.76492e-07
0.00519546
-8.1369e-07
0.00519613
-2.09864e-06
0.00519776
-5.1189e-06
0.00520335
-1.74134e-05
-3.39182e-05
0.00510462
-0.000406761
0.005167
-0.00025538
0.00518488
-7.547e-05
0.00518546
-2.18415e-06
0.0051843
5.06648e-06
0.00518475
-1.70912e-06
0.00518582
-4.4799e-06
0.00518712
-5.50044e-06
0.00518827
-4.86255e-06
0.00518927
-4.23819e-06
0.00519009
-3.51799e-06
0.00519079
-2.95402e-06
0.00519137
-2.46064e-06
0.00519185
-2.06949e-06
0.00519226
-1.74701e-06
0.00519261
-1.48841e-06
0.00519291
-1.27691e-06
0.00519316
-1.10129e-06
0.00519339
-9.5464e-07
0.00519358
-8.30727e-07
0.00519375
-7.21592e-07
0.00519389
-6.31571e-07
0.00519402
-5.49601e-07
0.00519413
-4.79888e-07
0.00519423
-4.18101e-07
0.00519431
-3.62853e-07
0.00519439
-3.1474e-07
0.00519445
-2.72082e-07
0.0051945
-2.33255e-07
0.00519455
-2.01911e-07
0.00519459
-1.71305e-07
0.00519462
-1.47744e-07
0.00519465
-1.25731e-07
0.00519468
-1.07802e-07
0.0051947
-9.21376e-08
0.00519472
-7.90454e-08
0.00519473
-6.6869e-08
0.00519474
-5.78459e-08
0.00519475
-4.77168e-08
0.00519476
-4.13655e-08
0.00519477
-3.36994e-08
0.00519477
-2.87927e-08
0.00519478
-2.28598e-08
0.00519478
-1.91409e-08
0.00519479
-1.43819e-08
0.00519479
-1.18014e-08
0.00519479
-7.80873e-09
0.00519479
-6.08529e-09
0.0051948
-3.36674e-09
0.0051948
-2.72216e-09
0.0051948
-7.39684e-10
0.0051948
-1.13637e-09
0.0051948
2.47801e-10
0.0051948
-8.32068e-10
0.0051948
-5.21516e-11
0.0051948
-1.05313e-09
0.0051948
-6.56076e-10
0.0051948
-1.72614e-09
0.0051948
-1.27331e-09
0.0051948
-2.35685e-09
0.0051948
-1.33741e-09
0.0051948
-2.43008e-09
0.0051948
-1.29978e-09
0.0051948
-1.92715e-09
0.0051948
-9.69431e-10
0.0051948
-1.35988e-09
0.0051948
-4.54352e-10
0.0051948
-8.95238e-10
0.0051948
1.21254e-10
0.0051948
-6.07049e-10
0.0051948
3.60217e-10
0.0051948
-3.85331e-10
0.0051948
8.48411e-11
0.0051948
-8.54102e-10
0.0051948
-6.18125e-10
0.0051948
-1.54196e-09
0.0051948
-1.49546e-09
0.0051948
-2.70873e-09
0.0051948
-2.66229e-09
0.0051948
-3.82946e-09
0.00519481
-4.10896e-09
0.00519481
-5.72803e-09
0.00519481
-6.79842e-09
0.00519481
-9.34772e-09
0.00519481
-1.22468e-08
0.00519482
-1.74335e-08
0.00519482
-2.39691e-08
0.00519483
-3.42571e-08
0.00519484
-4.84273e-08
0.00519486
-6.92909e-08
0.00519488
-9.96413e-08
0.00519491
-1.44718e-07
0.00519496
-2.22449e-07
0.00519504
-3.41597e-07
0.00519517
-6.0931e-07
0.0051954
-1.04037e-06
0.005196
-2.69805e-06
0.0051975
-6.62389e-06
0.00520271
-2.2622e-05
-4.41552e-05
0.00510807
-0.000514831
0.00516871
-0.000316019
0.00518545
-9.22165e-05
0.00518607
-2.80143e-06
0.00518501
6.12619e-06
0.00518549
-2.18992e-06
0.00518649
-5.47971e-06
0.00518771
-6.72121e-06
0.00518878
-5.92914e-06
0.00518971
-5.1673e-06
0.00519048
-4.28607e-06
0.00519112
-3.59752e-06
0.00519165
-2.99518e-06
0.0051921
-2.51801e-06
0.00519248
-2.12505e-06
0.0051928
-1.80972e-06
0.00519308
-1.55164e-06
0.00519331
-1.33751e-06
0.00519352
-1.15875e-06
0.00519369
-1.0078e-06
0.00519385
-8.75306e-07
0.00519398
-7.65178e-07
0.0051941
-6.65987e-07
0.0051942
-5.81018e-07
0.00519429
-5.05968e-07
0.00519436
-4.39063e-07
0.00519443
-3.80855e-07
0.00519449
-3.29196e-07
0.00519453
-2.82462e-07
0.00519458
-2.44225e-07
0.00519461
-2.07567e-07
0.00519464
-1.7864e-07
0.00519467
-1.51985e-07
0.00519469
-1.3001e-07
0.00519471
-1.10848e-07
0.00519473
-9.46326e-08
0.00519474
-7.99619e-08
0.00519475
-6.87403e-08
0.00519476
-5.6847e-08
0.00519477
-4.89177e-08
0.00519477
-4.00032e-08
0.00519478
-3.40865e-08
0.00519478
-2.72777e-08
0.00519479
-2.27486e-08
0.00519479
-1.74192e-08
0.00519479
-1.42909e-08
0.00519479
-9.96348e-09
0.00519479
-7.78406e-09
0.0051948
-4.77532e-09
0.0051948
-3.92709e-09
0.0051948
-1.7485e-09
0.0051948
-1.96519e-09
0.0051948
-4.55986e-10
0.0051948
-1.35577e-09
0.0051948
-5.57845e-10
0.0051948
-1.39798e-09
0.0051948
-9.45178e-10
0.0051948
-1.89072e-09
0.0051948
-1.3907e-09
0.0051948
-2.42149e-09
0.0051948
-1.36498e-09
0.0051948
-2.37472e-09
0.0051948
-1.29312e-09
0.0051948
-1.86609e-09
0.0051948
-9.59694e-10
0.0051948
-1.32783e-09
0.0051948
-4.73128e-10
0.0051948
-9.02442e-10
0.0051948
9.90519e-11
0.0051948
-6.20623e-10
0.0051948
2.80069e-10
0.0051948
-4.31197e-10
0.0051948
1.91623e-11
0.0051948
-9.14217e-10
0.0051948
-7.53924e-10
0.0051948
-1.66008e-09
0.0051948
-1.6323e-09
0.0051948
-2.886e-09
0.0051948
-2.98568e-09
0.0051948
-4.26567e-09
0.0051948
-4.73654e-09
0.00519481
-6.61159e-09
0.00519481
-8.11839e-09
0.00519481
-1.11895e-08
0.00519481
-1.48505e-08
0.00519482
-2.10947e-08
0.00519482
-2.91769e-08
0.00519483
-4.15502e-08
0.00519484
-5.87112e-08
0.00519485
-8.37729e-08
0.00519487
-1.20266e-07
0.0051949
-1.73999e-07
0.00519495
-2.66182e-07
0.00519501
-4.06533e-07
0.00519512
-7.2172e-07
0.00519532
-1.23154e-06
0.00519583
-3.2155e-06
0.00519717
-7.96162e-06
0.00520187
-2.73254e-05
-5.34793e-05
0.00511253
-0.000627362
0.00517087
-0.00037436
0.00518618
-0.000107527
0.00518685
-3.46715e-06
0.00518591
7.06072e-06
0.00518642
-2.69402e-06
0.00518733
-6.39501e-06
0.00518845
-7.83694e-06
0.00518942
-6.89534e-06
0.00519026
-6.00843e-06
0.00519095
-4.97903e-06
0.00519153
-4.17728e-06
0.00519201
-3.47589e-06
0.00519241
-2.92081e-06
0.00519275
-2.464e-06
0.00519304
-2.09737e-06
0.00519328
-1.79717e-06
0.0051935
-1.54816e-06
0.00519368
-1.34037e-06
0.00519383
-1.16507e-06
0.00519397
-1.01157e-06
0.00519409
-8.83297e-07
0.00519419
-7.68653e-07
0.00519428
-6.70037e-07
0.00519436
-5.83111e-07
0.00519442
-5.05777e-07
0.00519448
-4.3862e-07
0.00519453
-3.79006e-07
0.00519457
-3.25246e-07
0.00519461
-2.80909e-07
0.00519464
-2.38956e-07
0.00519467
-2.05317e-07
0.00519469
-1.74573e-07
0.00519471
-1.49048e-07
0.00519472
-1.26867e-07
0.00519474
-1.0792e-07
0.00519475
-9.10722e-08
0.00519476
-7.79514e-08
0.00519477
-6.45647e-08
0.00519477
-5.52768e-08
0.00519478
-4.52766e-08
0.00519478
-3.84908e-08
0.00519479
-3.0967e-08
0.00519479
-2.57437e-08
0.00519479
-1.99281e-08
0.00519479
-1.63334e-08
0.00519479
-1.17654e-08
0.0051948
-9.22001e-09
0.0051948
-5.96541e-09
0.0051948
-4.95593e-09
0.0051948
-2.63831e-09
0.0051948
-2.70668e-09
0.0051948
-1.09843e-09
0.0051948
-1.82383e-09
0.0051948
-1.01529e-09
0.0051948
-1.70564e-09
0.0051948
-1.1972e-09
0.0051948
-2.01175e-09
0.0051948
-1.45846e-09
0.0051948
-2.43831e-09
0.0051948
-1.36013e-09
0.0051948
-2.28575e-09
0.0051948
-1.26099e-09
0.0051948
-1.78985e-09
0.0051948
-9.3875e-10
0.0051948
-1.28367e-09
0.0051948
-4.81267e-10
0.0051948
-9.05576e-10
0.0051948
7.90587e-11
0.0051948
-6.20403e-10
0.0051948
2.09108e-10
0.0051948
-4.77417e-10
0.0051948
-4.55081e-11
0.0051948
-9.56472e-10
0.0051948
-8.69516e-10
0.0051948
-1.76806e-09
0.0051948
-1.75465e-09
0.0051948
-3.02588e-09
0.0051948
-3.25922e-09
0.0051948
-4.64918e-09
0.0051948
-5.29588e-09
0.0051948
-7.38585e-09
0.00519481
-9.28182e-09
0.00519481
-1.28182e-08
0.00519481
-1.71531e-08
0.00519481
-2.4322e-08
0.00519482
-3.3776e-08
0.00519482
-4.79913e-08
0.00519483
-6.77709e-08
0.00519485
-9.64774e-08
0.00519486
-1.38229e-07
0.00519489
-1.99153e-07
0.00519493
-3.02823e-07
0.00519498
-4.59254e-07
0.00519507
-8.10012e-07
0.00519522
-1.38058e-06
0.00519564
-3.63445e-06
0.00519677
-9.09623e-06
0.00520085
-3.1405e-05
-6.16669e-05
0.00511811
-0.000745468
0.00517352
-0.000429772
0.00518708
-0.000121092
0.0051878
-4.18892e-06
0.00518701
7.85726e-06
0.00518753
-3.21534e-06
0.00518834
-7.20545e-06
0.00518933
-8.82454e-06
0.00519017
-7.74024e-06
0.00519091
-6.74347e-06
0.00519151
-5.58174e-06
0.00519201
-4.68061e-06
0.00519243
-3.89221e-06
0.00519278
-3.26901e-06
0.00519307
-2.75636e-06
0.00519332
-2.34495e-06
0.00519353
-2.00801e-06
0.00519371
-1.72854e-06
0.00519386
-1.49538e-06
0.005194
-1.29894e-06
0.00519411
-1.12728e-06
0.00519421
-9.83214e-07
0.0051943
-8.55207e-07
0.00519437
-7.44853e-07
0.00519444
-6.47725e-07
0.00519449
-5.61413e-07
0.00519454
-4.86627e-07
0.00519458
-4.20294e-07
0.00519462
-3.60564e-07
0.00519465
-3.11048e-07
0.00519467
-2.6467e-07
0.00519469
-2.271e-07
0.00519471
-1.92931e-07
0.00519473
-1.64432e-07
0.00519474
-1.39779e-07
0.00519475
-1.18577e-07
0.00519476
-9.99251e-08
0.00519477
-8.52368e-08
0.00519477
-7.06596e-08
0.00519478
-6.02697e-08
0.00519478
-4.93778e-08
0.00519478
-4.18762e-08
0.00519479
-3.38121e-08
0.00519479
-2.80419e-08
0.00519479
-2.18477e-08
0.00519479
-1.78755e-08
0.00519479
-1.31658e-08
0.0051948
-1.03608e-08
0.0051948
-6.91994e-09
0.0051948
-5.78918e-09
0.0051948
-3.3861e-09
0.0051948
-3.34065e-09
0.0051948
-1.66269e-09
0.0051948
-2.21982e-09
0.0051948
-1.40507e-09
0.0051948
-1.95858e-09
0.0051948
-1.40032e-09
0.0051948
-2.08438e-09
0.0051948
-1.47552e-09
0.0051948
-2.40661e-09
0.0051948
-1.32541e-09
0.0051948
-2.16881e-09
0.0051948
-1.20618e-09
0.0051948
-1.69989e-09
0.0051948
-9.07618e-10
0.0051948
-1.2278e-09
0.0051948
-4.7654e-10
0.0051948
-9.01414e-10
0.0051948
6.06639e-11
0.0051948
-6.07973e-10
0.0051948
1.49241e-10
0.0051948
-5.20326e-10
0.0051948
-1.10004e-10
0.0051948
-9.81912e-10
0.0051948
-9.58626e-10
0.0051948
-1.85738e-09
0.0051948
-1.85881e-09
0.0051948
-3.12602e-09
0.0051948
-3.47394e-09
0.0051948
-4.96565e-09
0.0051948
-5.77203e-09
0.0051948
-8.03203e-09
0.0051948
-1.02584e-08
0.00519481
-1.41921e-08
0.00519481
-1.9101e-08
0.00519481
-2.7041e-08
0.00519481
-3.76579e-08
0.00519482
-5.34288e-08
0.00519483
-7.53983e-08
0.00519484
-1.0711e-07
0.00519485
-1.53108e-07
0.00519487
-2.19578e-07
0.0051949
-3.31443e-07
0.00519494
-4.98291e-07
0.005195
-8.71365e-07
0.00519511
-1.48239e-06
0.00519541
-3.94109e-06
0.00519631
-9.99587e-06
0.00519965
-3.47471e-05
-6.84981e-05
0.00512493
-0.000870399
0.00517667
-0.000481512
0.00518816
-0.000132584
0.00518895
-4.97085e-06
0.00518829
8.5089e-06
0.00518882
-3.74228e-06
0.0051895
-7.88919e-06
0.00519034
-9.6599e-06
0.00519104
-8.44252e-06
0.00519165
-7.35404e-06
0.00519215
-6.079e-06
0.00519256
-5.09485e-06
0.0051929
-4.23367e-06
0.00519319
-3.55392e-06
0.00519343
-2.99481e-06
0.00519363
-2.54624e-06
0.0051938
-2.17885e-06
0.00519395
-1.87413e-06
0.00519407
-1.6199e-06
0.00519418
-1.40603e-06
0.00519427
-1.21947e-06
0.00519435
-1.0624e-06
0.00519442
-9.2344e-07
0.00519448
-8.03538e-07
0.00519453
-6.98157e-07
0.00519457
-6.04548e-07
0.00519461
-5.23622e-07
0.00519464
-4.5197e-07
0.00519466
-3.87497e-07
0.00519469
-3.33849e-07
0.00519471
-2.84016e-07
0.00519472
-2.43399e-07
0.00519473
-2.06579e-07
0.00519475
-1.75753e-07
0.00519476
-1.49231e-07
0.00519476
-1.26318e-07
0.00519477
-1.06293e-07
0.00519477
-9.03991e-08
0.00519478
-7.49568e-08
0.00519478
-6.37517e-08
0.00519478
-5.21955e-08
0.00519479
-4.41461e-08
0.00519479
-3.57224e-08
0.00519479
-2.95768e-08
0.00519479
-2.31351e-08
0.00519479
-1.88831e-08
0.00519479
-1.41288e-08
0.00519479
-1.118e-08
0.00519479
-7.62679e-09
0.0051948
-6.41436e-09
0.0051948
-3.97325e-09
0.0051948
-3.84831e-09
0.0051948
-2.13285e-09
0.0051948
-2.53015e-09
0.0051948
-1.71077e-09
0.0051948
-2.1414e-09
0.0051948
-1.54442e-09
0.0051948
-2.1059e-09
0.0051948
-1.44378e-09
0.0051948
-2.32759e-09
0.0051948
-1.26344e-09
0.0051948
-2.02991e-09
0.0051948
-1.13198e-09
0.0051948
-1.59722e-09
0.0051948
-8.67141e-10
0.0051948
-1.16112e-09
0.0051948
-4.57362e-10
0.0051948
-8.86121e-10
0.0051948
4.46921e-11
0.0051948
-5.86223e-10
0.0051948
1.02546e-10
0.0051948
-5.56926e-10
0.0051948
-1.7341e-10
0.0051948
-9.92645e-10
0.0051948
-1.01763e-09
0.0051948
-1.92004e-09
0.0051948
-1.94041e-09
0.0051948
-3.18516e-09
0.0051948
-3.62347e-09
0.0051948
-5.20131e-09
0.0051948
-6.14833e-09
0.0051948
-8.53083e-09
0.0051948
-1.10193e-08
0.0051948
-1.52715e-08
0.0051948
-2.06433e-08
0.00519481
-2.91834e-08
0.00519481
-4.07231e-08
0.00519481
-5.77225e-08
0.00519482
-8.14022e-08
0.00519483
-1.15405e-07
0.00519484
-1.64535e-07
0.00519485
-2.34779e-07
0.00519487
-3.51351e-07
0.0051949
-5.22659e-07
0.00519493
-9.03989e-07
0.00519498
-1.53358e-06
0.00519517
-4.12482e-06
0.0051958
-1.06335e-05
0.0051983
-3.72455e-05
-7.3758e-05
0.00513319
-0.00100358
0.00518037
-0.000528693
0.00518944
-0.000141658
0.00519028
-5.81085e-06
0.00518977
9.01471e-06
0.00519029
-4.25718e-06
0.00519082
-8.42289e-06
0.00519148
-1.03178e-05
0.00519202
-8.98052e-06
0.00519249
-7.82154e-06
0.00519286
-6.45563e-06
0.00519317
-5.40741e-06
0.00519343
-4.48993e-06
0.00519364
-3.76698e-06
0.00519382
-3.17224e-06
0.00519397
-2.69524e-06
0.0051941
-2.30461e-06
0.0051942
-1.98063e-06
0.00519429
-1.71028e-06
0.00519437
-1.48315e-06
0.00519444
-1.28543e-06
0.00519449
-1.11853e-06
0.00519454
-9.71348e-07
0.00519458
-8.44351e-07
0.00519462
-7.32922e-07
0.00519464
-6.33933e-07
0.00519467
-5.48519e-07
0.00519469
-4.73095e-07
0.00519471
-4.05262e-07
0.00519472
-3.48654e-07
0.00519473
-2.96426e-07
0.00519474
-2.53732e-07
0.00519475
-2.15124e-07
0.00519476
-1.82691e-07
0.00519477
-1.54939e-07
0.00519477
-1.30911e-07
0.00519477
-1.09995e-07
0.00519478
-9.32892e-08
0.00519478
-7.73225e-08
0.00519478
-6.56105e-08
0.00519478
-5.36499e-08
0.00519478
-4.52389e-08
0.00519478
-3.6638e-08
0.00519478
-3.03029e-08
0.00519478
-2.37655e-08
0.00519478
-1.93411e-08
0.00519479
-1.46334e-08
0.00519479
-1.16568e-08
0.00519479
-8.07713e-09
0.00519479
-6.82365e-09
0.00519479
-4.38681e-09
0.00519479
-4.21339e-09
0.00519479
-2.49479e-09
0.00519479
-2.74503e-09
0.00519479
-1.92103e-09
0.00519479
-2.24302e-09
0.00519479
-1.62254e-09
0.00519479
-2.07612e-09
0.00519479
-1.36792e-09
0.00519479
-2.2043e-09
0.00519479
-1.17654e-09
0.00519479
-1.87449e-09
0.00519479
-1.04166e-09
0.00519479
-1.48223e-09
0.00519479
-8.17392e-10
0.00519479
-1.08445e-09
0.00519479
-4.22874e-10
0.00519479
-8.56038e-10
0.00519479
3.26718e-11
0.00519479
-5.5837e-10
0.00519479
6.89271e-11
0.00519479
-5.84553e-10
0.00519479
-2.33423e-10
0.00519479
-9.91718e-10
0.00519479
-1.04578e-09
0.00519479
-1.94965e-09
0.00519479
-1.99446e-09
0.00519479
-3.20187e-09
0.00519479
-3.70313e-09
0.00519479
-5.3435e-09
0.00519479
-6.40801e-09
0.00519479
-8.86342e-09
0.00519479
-1.15381e-08
0.00519479
-1.60193e-08
0.00519479
-2.17328e-08
0.00519479
-3.06864e-08
0.0051948
-4.28807e-08
0.0051948
-6.07441e-08
0.0051948
-8.561e-08
0.00519481
-1.21132e-07
0.00519482
-1.72199e-07
0.00519483
-2.44371e-07
0.00519484
-3.6211e-07
0.00519485
-5.31894e-07
0.00519485
-9.07235e-07
0.00519485
-1.53274e-06
0.0051949
-4.17891e-06
0.00519526
-1.09877e-05
0.00519682
-3.88035e-05
-7.72386e-05
0.00514309
-0.00114668
0.00518463
-0.000570237
0.00519092
-0.000147942
0.00519181
-6.69699e-06
0.00519144
9.37917e-06
0.00519192
-4.73597e-06
0.00519228
-8.78187e-06
0.00519273
-1.07716e-05
0.00519308
-9.33214e-06
0.00519339
-8.12707e-06
0.00519363
-6.69641e-06
0.00519383
-5.60582e-06
0.00519399
-4.65082e-06
0.00519412
-3.89987e-06
0.00519423
-3.28176e-06
0.00519432
-2.78619e-06
0.0051944
-2.38045e-06
0.00519446
-2.04399e-06
0.00519451
-1.7631e-06
0.00519456
-1.5274e-06
0.0051946
-1.32266e-06
0.00519463
-1.14951e-06
0.00519465
-9.97154e-07
0.00519467
-8.65763e-07
0.00519469
-7.50724e-07
0.00519471
-6.48501e-07
0.00519472
-5.60418e-07
0.00519473
-4.82895e-07
0.00519473
-4.13222e-07
0.00519474
-3.5495e-07
0.00519475
-3.01471e-07
0.00519475
-2.57727e-07
0.00519475
-2.18273e-07
0.00519475
-1.85017e-07
0.00519476
-1.56699e-07
0.00519476
-1.32185e-07
0.00519476
-1.10904e-07
0.00519476
-9.38087e-08
0.00519476
-7.767e-08
0.00519476
-6.57711e-08
0.00519476
-5.36939e-08
0.00519476
-4.51279e-08
0.00519476
-3.6532e-08
0.00519476
-3.01977e-08
0.00519476
-2.37322e-08
0.00519476
-1.92523e-08
0.00519476
-1.46745e-08
0.00519476
-1.17789e-08
0.00519476
-8.26558e-09
0.00519476
-7.01448e-09
0.00519476
-4.61918e-09
0.00519476
-4.42331e-09
0.00519476
-2.73702e-09
0.00519476
-2.85891e-09
0.00519476
-2.03065e-09
0.00519476
-2.25827e-09
0.00519476
-1.63211e-09
0.00519476
-1.99728e-09
0.00519476
-1.25447e-09
0.00519476
-2.0414e-09
0.00519476
-1.06684e-09
0.00519476
-1.70669e-09
0.00519476
-9.38134e-10
0.00519476
-1.35455e-09
0.00519476
-7.57022e-10
0.00519476
-9.97979e-10
0.00519476
-3.72873e-10
0.00519476
-8.08464e-10
0.00519476
2.54464e-11
0.00519476
-5.27548e-10
0.00519476
4.56624e-11
0.00519476
-6.02602e-10
0.00519476
-2.8829e-10
0.00519476
-9.81281e-10
0.00519476
-1.04404e-09
0.00519476
-1.94142e-09
0.00519476
-2.01501e-09
0.00519476
-3.17389e-09
0.00519476
-3.70923e-09
0.00519476
-5.38109e-09
0.00519476
-6.53458e-09
0.00519476
-9.01083e-09
0.00519476
-1.17915e-08
0.00519476
-1.64024e-08
0.00519476
-2.23271e-08
0.00519476
-3.14953e-08
0.00519476
-4.40494e-08
0.00519476
-6.23785e-08
0.00519477
-8.78674e-08
0.00519477
-1.2409e-07
0.00519477
-1.75851e-07
0.00519478
-2.48085e-07
0.00519478
-3.63534e-07
0.00519477
-5.26073e-07
0.00519475
-8.81686e-07
0.0051947
-1.48066e-06
0.00519462
-4.10107e-06
0.00519467
-1.10434e-05
0.00519521
-3.93366e-05
-7.87411e-05
0.00515492
-0.00130159
0.00518949
-0.000604816
0.00519258
-0.000151031
0.00519349
-7.60263e-06
0.00519326
9.61039e-06
0.00519367
-5.14805e-06
0.00519383
-8.94047e-06
0.00519405
-1.09937e-05
0.00519419
-9.47498e-06
0.00519432
-8.25154e-06
0.00519441
-6.78621e-06
0.00519448
-5.67775e-06
0.00519453
-4.70641e-06
0.00519458
-3.94444e-06
0.00519461
-3.31674e-06
0.00519464
-2.81361e-06
0.00519466
-2.40179e-06
0.00519468
-2.0604e-06
0.00519469
-1.77523e-06
0.0051947
-1.53614e-06
0.00519471
-1.32891e-06
0.00519471
-1.15346e-06
0.00519471
-9.99317e-07
0.00519471
-8.66476e-07
0.00519471
-7.50473e-07
0.00519471
-6.47377e-07
0.00519471
-5.58617e-07
0.00519471
-4.8078e-07
0.0051947
-4.10902e-07
0.0051947
-3.52374e-07
0.0051947
-2.98864e-07
0.0051947
-2.55143e-07
0.00519469
-2.15834e-07
0.00519469
-1.82594e-07
0.00519469
-1.54398e-07
0.00519469
-1.30039e-07
0.00519468
-1.08947e-07
0.00519468
-9.19122e-08
0.00519468
-7.59637e-08
0.00519468
-6.42009e-08
0.00519468
-5.23161e-08
0.00519468
-4.38226e-08
0.00519467
-3.54141e-08
0.00519467
-2.92644e-08
0.00519467
-2.30483e-08
0.00519467
-1.86345e-08
0.00519467
-1.42643e-08
0.00519467
-1.15443e-08
0.00519467
-8.19051e-09
0.00519467
-6.98791e-09
0.00519467
-4.66622e-09
0.00519467
-4.4692e-09
0.00519467
-2.85124e-09
0.00519467
-2.86991e-09
0.00519467
-2.04043e-09
0.00519467
-2.18729e-09
0.00519467
-1.57459e-09
0.00519467
-1.87283e-09
0.00519467
-1.10913e-09
0.00519467
-1.8457e-09
0.00519467
-9.35105e-10
0.00519467
-1.52958e-09
0.00519467
-8.22726e-10
0.00519467
-1.21317e-09
0.00519467
-6.84397e-10
0.00519467
-9.01466e-10
0.00519467
-3.09149e-10
0.00519467
-7.46488e-10
0.00519467
2.59396e-11
0.00519467
-4.968e-10
0.00519467
2.84816e-11
0.00519467
-6.09052e-10
0.00519467
-3.35881e-10
0.00519467
-9.60022e-10
0.00519467
-1.01717e-09
0.00519467
-1.89541e-09
0.00519467
-1.99748e-09
0.00519467
-3.09854e-09
0.00519467
-3.63822e-09
0.00519467
-5.30391e-09
0.00519467
-6.51072e-09
0.00519467
-8.9547e-09
0.00519467
-1.176e-08
0.00519467
-1.63918e-08
0.00519467
-2.23935e-08
0.00519467
-3.15612e-08
0.00519467
-4.41609e-08
0.00519467
-6.25244e-08
0.00519467
-8.80384e-08
0.00519467
-1.24109e-07
0.00519467
-1.75296e-07
0.00519467
-2.45759e-07
0.00519466
-3.55687e-07
0.00519464
-5.05814e-07
0.00519459
-8.29197e-07
0.00519449
-1.38045e-06
0.00519428
-3.89407e-06
0.00519403
-1.07927e-05
0.00519347
-3.87762e-05
-7.80792e-05
0.00516895
-0.00147054
0.00519489
-0.000630759
0.00519434
-0.000150478
0.00519522
-8.48028e-06
0.00519511
9.71671e-06
0.00519542
-5.45676e-06
0.00519535
-8.87262e-06
0.00519531
-1.0955e-05
0.00519522
-9.38641e-06
0.00519515
-8.17575e-06
0.00519507
-6.71003e-06
0.00519501
-5.61112e-06
0.00519495
-4.647e-06
0.00519489
-3.89284e-06
0.00519485
-3.27079e-06
0.00519481
-2.77227e-06
0.00519477
-2.36435e-06
0.00519474
-2.02632e-06
0.0051947
-1.74376e-06
0.00519468
-1.507e-06
0.00519465
-1.30222e-06
0.00519462
-1.12877e-06
0.0051946
-9.76546e-07
0.00519458
-8.45441e-07
0.00519456
-7.31302e-07
0.00519454
-6.29893e-07
0.00519453
-5.42617e-07
0.00519451
-4.66355e-07
0.0051945
-3.97996e-07
0.00519449
-3.40712e-07
0.00519448
-2.88468e-07
0.00519447
-2.45872e-07
0.00519446
-2.07729e-07
0.00519445
-1.75388e-07
0.00519445
-1.48017e-07
0.00519444
-1.24453e-07
0.00519443
-1.04115e-07
0.00519443
-8.76109e-08
0.00519443
-7.22262e-08
0.00519442
-6.09172e-08
0.00519442
-4.95441e-08
0.00519442
-4.13708e-08
0.00519442
-3.33298e-08
0.00519441
-2.75322e-08
0.00519441
-2.17391e-08
0.00519441
-1.75144e-08
0.00519441
-1.34312e-08
0.00519441
-1.0966e-08
0.00519441
-7.85644e-09
0.00519441
-6.73659e-09
0.00519441
-4.52626e-09
0.00519441
-4.34916e-09
0.00519441
-2.83445e-09
0.00519441
-2.78023e-09
0.00519441
-1.95686e-09
0.00519441
-2.0376e-09
0.00519441
-1.45586e-09
0.00519441
-1.70769e-09
0.00519441
-9.40172e-10
0.00519441
-1.62307e-09
0.00519441
-7.86263e-10
0.00519441
-1.34371e-09
0.0051944
-6.97233e-10
0.0051944
-1.05752e-09
0.0051944
-5.96886e-10
0.0051944
-7.95219e-10
0.0051944
-2.34878e-10
0.0051944
-6.69876e-10
0.0051944
2.90379e-11
0.0051944
-4.68717e-10
0.0051944
1.29329e-11
0.00519441
-6.05009e-10
0.00519441
-3.73693e-10
0.00519441
-9.30727e-10
0.00519441
-9.67246e-10
0.00519441
-1.80927e-09
0.00519441
-1.93643e-09
0.00519441
-2.97032e-09
0.00519441
-3.48726e-09
0.00519441
-5.09902e-09
0.00519441
-6.31842e-09
0.00519441
-8.68598e-09
0.00519441
-1.14317e-08
0.00519441
-1.59629e-08
0.0051944
-2.19005e-08
0.0051944
-3.08387e-08
0.0051944
-4.31664e-08
0.0051944
-6.10952e-08
0.0051944
-8.60074e-08
0.0051944
-1.21049e-07
0.00519439
-1.70394e-07
0.00519438
-2.37335e-07
0.00519437
-3.38861e-07
0.00519433
-4.72245e-07
0.00519426
-7.52911e-07
0.00519412
-1.23772e-06
0.00519379
-3.56634e-06
0.00519323
-1.02358e-05
0.00519153
-3.70752e-05
-7.50844e-05
0.0051854
-0.00165594
0.00520056
-0.000645919
0.00519586
-0.000145777
0.00519663
-9.25489e-06
0.00519665
9.7005e-06
0.00519681
-5.6204e-06
0.00519649
-8.5528e-06
0.00519616
-1.06256e-05
0.00519582
-9.04386e-06
0.00519552
-7.88061e-06
0.00519527
-6.45324e-06
0.00519505
-5.39417e-06
0.00519487
-4.46329e-06
0.00519471
-3.73752e-06
0.00519458
-3.13785e-06
0.00519446
-2.65728e-06
0.00519436
-2.26412e-06
0.00519427
-1.9385e-06
0.0051942
-1.66609e-06
0.00519413
-1.4379e-06
0.00519407
-1.2409e-06
0.00519401
-1.07409e-06
0.00519396
-9.27805e-07
0.00519392
-8.01867e-07
0.00519388
-6.92591e-07
0.00519385
-5.95593e-07
0.00519382
-5.12128e-07
0.00519379
-4.39437e-07
0.00519376
-3.74381e-07
0.00519374
-3.19908e-07
0.00519373
-2.70296e-07
0.00519371
-2.29949e-07
0.0051937
-1.93999e-07
0.00519368
-1.63464e-07
0.00519367
-1.37636e-07
0.00519366
-1.155e-07
0.00519366
-9.64734e-08
0.00519365
-8.09795e-08
0.00519364
-6.65416e-08
0.00519364
-5.5996e-08
0.00519363
-4.54421e-08
0.00519363
-3.78462e-08
0.00519363
-3.03539e-08
0.00519362
-2.50621e-08
0.00519362
-1.98031e-08
0.00519362
-1.59354e-08
0.00519362
-1.22138e-08
0.00519362
-1.00613e-08
0.00519362
-7.27293e-09
0.00519362
-6.28057e-09
0.00519362
-4.21497e-09
0.00519362
-4.06873e-09
0.00519362
-2.68841e-09
0.00519362
-2.59432e-09
0.00519362
-1.79029e-09
0.00519362
-1.82015e-09
0.00519361
-1.28447e-09
0.00519361
-1.50739e-09
0.00519361
-7.54633e-10
0.00519361
-1.38132e-09
0.00519361
-6.2486e-10
0.00519361
-1.14986e-09
0.00519361
-5.62715e-10
0.00519361
-8.88796e-10
0.00519361
-4.94423e-10
0.00519361
-6.81307e-10
0.00519361
-1.56072e-10
0.00519361
-5.84151e-10
0.00519361
3.19604e-11
0.00519361
-4.44947e-10
0.00519361
-3.85026e-12
0.00519361
-5.90041e-10
0.00519361
-3.98743e-10
0.00519361
-8.91806e-10
0.00519361
-8.98081e-10
0.00519361
-1.68443e-09
0.00519361
-1.82805e-09
0.00519361
-2.78475e-09
0.00519361
-3.25427e-09
0.00519361
-4.76843e-09
0.00519361
-5.95589e-09
0.00519361
-8.18984e-09
0.00519361
-1.07926e-08
0.00519361
-1.50994e-08
0.00519361
-2.07607e-08
0.00519361
-2.92946e-08
0.00519361
-4.10294e-08
0.0051936
-5.80179e-08
0.0051936
-8.16874e-08
0.00519359
-1.14807e-07
0.00519359
-1.61058e-07
0.00519357
-2.22839e-07
0.00519355
-3.13549e-07
0.0051935
-4.26969e-07
0.0051934
-6.57222e-07
0.00519323
-1.06068e-06
0.00519279
-3.13254e-06
0.00519194
-9.38139e-06
0.00518908
-3.42153e-05
-6.96161e-05
0.00520399
-0.00185992
0.0052055
-0.000647435
0.00519608
-0.000136359
0.00519665
-9.8185e-06
0.0051968
9.54819e-06
0.00519677
-5.59463e-06
0.00519618
-7.95776e-06
0.00519553
-9.97512e-06
0.00519491
-8.4256e-06
0.00519438
-7.34767e-06
0.00519393
-6.00195e-06
0.00519355
-5.01577e-06
0.00519323
-4.14656e-06
0.00519297
-3.47149e-06
0.00519274
-2.9123e-06
0.00519255
-2.46409e-06
0.00519238
-2.09744e-06
0.00519224
-1.79398e-06
0.00519211
-1.53989e-06
0.005192
-1.32703e-06
0.0051919
-1.14357e-06
0.00519182
-9.8836e-07
0.00519174
-8.52324e-07
0.00519167
-7.35234e-07
0.00519161
-6.33977e-07
0.00519156
-5.44251e-07
0.00519152
-4.67059e-07
0.00519148
-4.00085e-07
0.00519144
-3.40118e-07
0.00519141
-2.90069e-07
0.00519139
-2.44508e-07
0.00519137
-2.07556e-07
0.00519135
-1.74816e-07
0.00519133
-1.46996e-07
0.00519132
-1.23442e-07
0.0051913
-1.03349e-07
0.00519129
-8.61707e-08
0.00519128
-7.21579e-08
0.00519128
-5.90524e-08
0.00519127
-4.95707e-08
0.00519126
-4.01128e-08
0.00519126
-3.32902e-08
0.00519126
-2.65877e-08
0.00519125
-2.19301e-08
0.00519125
-1.73429e-08
0.00519125
-1.39503e-08
0.00519125
-1.06651e-08
0.00519124
-8.86462e-09
0.00519124
-6.458e-09
0.00519124
-5.63284e-09
0.00519124
-3.7503e-09
0.00519124
-3.64296e-09
0.00519124
-2.42221e-09
0.00519124
-2.31985e-09
0.00519124
-1.55471e-09
0.00519124
-1.54937e-09
0.00519124
-1.07172e-09
0.00519124
-1.27849e-09
0.00519124
-5.60788e-10
0.00519124
-1.12887e-09
0.00519124
-4.57462e-10
0.00519124
-9.4926e-10
0.00519124
-4.22208e-10
0.00519124
-7.11309e-10
0.00519124
-3.80771e-10
0.00519124
-5.63693e-10
0.00519124
-8.09659e-11
0.00519124
-4.96183e-10
0.00519124
3.16041e-11
0.00519124
-4.25045e-10
0.00519124
-2.39838e-11
0.00519124
-5.64056e-10
0.00519124
-4.0834e-10
0.00519124
-8.40063e-10
0.00519124
-8.12318e-10
0.00519124
-1.52288e-09
0.00519124
-1.66967e-09
0.00519124
-2.53747e-09
0.00519124
-2.93939e-09
0.00519124
-4.31231e-09
0.00519124
-5.42018e-09
0.00519124
-7.46205e-09
0.00519124
-9.83841e-09
0.00519124
-1.37901e-08
0.00519123
-1.90116e-08
0.00519123
-2.68913e-08
0.00519123
-3.76008e-08
0.00519122
-5.32631e-08
0.00519122
-7.50195e-08
0.00519121
-1.0531e-07
0.00519119
-1.47243e-07
0.00519117
-2.02362e-07
0.00519114
-2.80372e-07
0.00519109
-3.71989e-07
0.00519098
-5.47645e-07
0.00519078
-8.60265e-07
0.00519026
-2.61471e-06
0.00518913
-8.24824e-06
0.00518513
-3.02193e-05
-6.15791e-05
0.00522265
-0.00208257
0.00520658
-0.000631371
0.00519184
-0.000121611
0.00519205
-1.00273e-05
0.00519238
9.21494e-06
0.00519212
-5.33647e-06
0.00519123
-7.06958e-06
0.00519023
-8.97445e-06
0.00518932
-7.51271e-06
0.00518853
-6.56038e-06
0.00518787
-5.3442e-06
0.00518733
-4.46616e-06
0.00518687
-3.68917e-06
0.00518649
-3.08885e-06
0.00518616
-2.58923e-06
0.00518589
-2.18874e-06
0.00518565
-1.8612e-06
0.00518545
-1.59029e-06
0.00518527
-1.36327e-06
0.00518512
-1.17302e-06
0.00518498
-1.00924e-06
0.00518487
-8.7088e-07
0.00518476
-7.4968e-07
0.00518467
-6.4535e-07
0.00518459
-5.55413e-07
0.00518453
-4.75918e-07
0.00518447
-4.07523e-07
0.00518441
-3.48528e-07
0.00518437
-2.95451e-07
0.00518433
-2.51488e-07
0.0051843
-2.1143e-07
0.00518427
-1.79028e-07
0.00518424
-1.50486e-07
0.00518422
-1.2627e-07
0.00518421
-1.05722e-07
0.00518419
-8.82695e-08
0.00518418
-7.34386e-08
0.00518417
-6.13526e-08
0.00518416
-4.9965e-08
0.00518415
-4.18207e-08
0.00518414
-3.37204e-08
0.00518414
-2.79053e-08
0.00518413
-2.21324e-08
0.00518413
-1.82363e-08
0.00518413
-1.44423e-08
0.00518412
-1.16298e-08
0.00518412
-8.85025e-09
0.00518412
-7.42358e-09
0.00518412
-5.44094e-09
0.00518412
-4.81251e-09
0.00518412
-3.15784e-09
0.00518412
-3.09472e-09
0.00518412
-2.05431e-09
0.00518412
-1.96893e-09
0.00518411
-1.26817e-09
0.00518411
-1.24285e-09
0.00518411
-8.31646e-10
0.00518411
-1.02894e-09
0.00518411
-3.69077e-10
0.00518411
-8.74575e-10
0.00518411
-2.93183e-10
0.00518411
-7.45029e-10
0.00518411
-2.82875e-10
0.00518411
-5.33671e-10
0.00518411
-2.64424e-10
0.00518411
-4.48243e-10
0.00518411
-1.93039e-11
0.00518411
-4.12506e-10
0.00518411
2.49969e-11
0.00518411
-4.05842e-10
0.00518411
-4.81702e-11
0.00518411
-5.25816e-10
0.00518411
-3.99665e-10
0.00518411
-7.71383e-10
0.00518411
-7.12164e-10
0.00518411
-1.32792e-09
0.00518411
-1.46169e-09
0.00518411
-2.22506e-09
0.00518411
-2.54481e-09
0.00518411
-3.73288e-09
0.00518411
-4.71171e-09
0.00518411
-6.50239e-09
0.00518411
-8.57239e-09
0.00518411
-1.20432e-08
0.00518411
-1.66491e-08
0.0051841
-2.35611e-08
0.0051841
-3.29911e-08
0.00518409
-4.67913e-08
0.00518408
-6.59519e-08
0.00518407
-9.25002e-08
0.00518405
-1.2893e-07
0.00518403
-1.76038e-07
0.00518399
-2.39989e-07
0.00518392
-3.09447e-07
0.00518381
-4.30436e-07
0.0051836
-6.49588e-07
0.00518303
-2.0441e-06
0.00518165
-6.86911e-06
0.0051766
-2.51743e-05
-5.09463e-05
0.00523335
-0.00231593
0.00519422
-0.000592239
0.00517354
-0.000100933
0.00517321
-9.69153e-06
0.00517382
8.60242e-06
0.00517329
-4.80766e-06
0.0051721
-5.88168e-06
0.00517073
-7.60145e-06
0.00516951
-6.29384e-06
0.00516846
-5.50784e-06
0.00516759
-4.47277e-06
0.00516686
-3.7392e-06
0.00516626
-3.08611e-06
0.00516576
-2.58555e-06
0.00516533
-2.16519e-06
0.00516497
-1.82867e-06
0.00516466
-1.55351e-06
0.0051644
-1.32604e-06
0.00516417
-1.13525e-06
0.00516397
-9.75298e-07
0.0051638
-8.37673e-07
0.00516365
-7.21633e-07
0.00516352
-6.20044e-07
0.00516341
-5.32561e-07
0.00516331
-4.5738e-07
0.00516323
-3.91112e-07
0.00516315
-3.34094e-07
0.00516309
-2.8487e-07
0.00516304
-2.41004e-07
0.00516299
-2.04729e-07
0.00516295
-1.71616e-07
0.00516292
-1.44904e-07
0.00516289
-1.21509e-07
0.00516286
-1.0173e-07
0.00516284
-8.4895e-08
0.00516282
-7.06479e-08
0.00516281
-5.86157e-08
0.0051628
-4.88553e-08
0.00516278
-3.95585e-08
0.00516278
-3.2994e-08
0.00516277
-2.6483e-08
0.00516276
-2.18696e-08
0.00516276
-1.72008e-08
0.00516275
-1.41479e-08
0.00516275
-1.12123e-08
0.00516275
-9.05847e-09
0.00516274
-6.84747e-09
0.00516274
-5.79963e-09
0.00516274
-4.26441e-09
0.00516274
-3.84724e-09
0.00516274
-2.46984e-09
0.00516274
-2.4533e-09
0.00516274
-1.6111e-09
0.00516274
-1.55839e-09
0.00516274
-9.53274e-10
0.00516274
-9.21746e-10
0.00516274
-5.8272e-10
0.00516274
-7.69703e-10
0.00516274
-1.92849e-10
0.00516274
-6.28335e-10
0.00516273
-1.43437e-10
0.00516273
-5.42963e-10
0.00516273
-1.56048e-10
0.00516273
-3.67349e-10
0.00516273
-1.57858e-10
0.00516273
-3.41998e-10
0.00516273
1.92661e-11
0.00516273
-3.38665e-10
0.00516273
9.58967e-12
0.00516273
-3.82544e-10
0.00516273
-7.54304e-11
0.00516273
-4.72913e-10
0.00516273
-3.70225e-10
0.00516273
-6.80909e-10
0.00516273
-5.98686e-10
0.00516273
-1.10263e-09
0.00516273
-1.207e-09
0.00516273
-1.84548e-09
0.00516273
-2.07469e-09
0.00516273
-3.03714e-09
0.00516273
-3.83981e-09
0.00516273
-5.32055e-09
0.00516273
-7.0104e-09
0.00516273
-9.87883e-09
0.00516273
-1.36891e-08
0.00516272
-1.94052e-08
0.00516272
-2.72021e-08
0.00516271
-3.86251e-08
0.0051627
-5.44896e-08
0.00516268
-7.63879e-08
0.00516266
-1.06182e-07
0.00516263
-1.44092e-07
0.00516258
-1.93257e-07
0.00516251
-2.41079e-07
0.00516239
-3.12267e-07
0.00516219
-4.42339e-07
0.0051616
-1.45979e-06
0.00516004
-5.30223e-06
0.00515415
-1.92904e-05
-3.78154e-05
0.00520998
-0.0025259
0.00513963
-0.000521894
0.00511254
-7.38384e-05
0.00511139
-8.54627e-06
0.00511247
7.52552e-06
0.00511163
-3.97128e-06
0.00511016
-4.41235e-06
0.00510842
-5.857e-06
0.0051069
-4.77526e-06
0.00510559
-4.19525e-06
0.00510451
-3.3926e-06
0.00510361
-2.83913e-06
0.00510286
-2.34082e-06
0.00510224
-1.96105e-06
0.00510171
-1.64157e-06
0.00510127
-1.38572e-06
0.00510089
-1.17608e-06
0.00510057
-1.00287e-06
0.00510029
-8.57455e-07
0.00510005
-7.3548e-07
0.00509985
-6.30522e-07
0.00509967
-5.4223e-07
0.00509951
-4.64989e-07
0.00509938
-3.9842e-07
0.00509926
-3.41367e-07
0.00509916
-2.9125e-07
0.00509908
-2.48123e-07
0.005099
-2.10925e-07
0.00509894
-1.77966e-07
0.00509889
-1.50883e-07
0.00509884
-1.26072e-07
0.0050988
-1.06114e-07
0.00509877
-8.87244e-08
0.00509874
-7.41134e-08
0.00509872
-6.1633e-08
0.0050987
-5.10912e-08
0.00509868
-4.22386e-08
0.00509867
-3.51235e-08
0.00509865
-2.82445e-08
0.00509865
-2.34553e-08
0.00509864
-1.87083e-08
0.00509863
-1.54313e-08
0.00509862
-1.20175e-08
0.00509862
-9.85603e-09
0.00509862
-7.80534e-09
0.00509861
-6.34414e-09
0.00509861
-4.7569e-09
0.00509861
-4.07769e-09
0.00509861
-2.99821e-09
0.00509861
-2.78706e-09
0.00509861
-1.73851e-09
0.00509861
-1.76136e-09
0.0050986
-1.13165e-09
0.0050986
-1.11094e-09
0.0050986
-6.35972e-10
0.0050986
-6.05398e-10
0.0050986
-3.4335e-10
0.0050986
-5.12281e-10
0.0050986
-4.82357e-11
0.0050986
-4.02253e-10
0.0050986
-2.64307e-11
0.0050986
-3.56582e-10
0.0050986
-6.27585e-11
0.0050986
-2.28478e-10
0.0050986
-7.74917e-11
0.0050986
-2.50921e-10
0.0050986
3.04293e-11
0.0050986
-2.70697e-10
0.0050986
-9.02253e-12
0.0050986
-3.4023e-10
0.0050986
-9.67061e-11
0.0050986
-3.96155e-10
0.0050986
-3.16145e-10
0.0050986
-5.62803e-10
0.0050986
-4.7235e-10
0.0050986
-8.48843e-10
0.0050986
-9.10948e-10
0.0050986
-1.39867e-09
0.0050986
-1.53649e-09
0.0050986
-2.23722e-09
0.0050986
-2.82551e-09
0.0050986
-3.94198e-09
0.0050986
-5.18953e-09
0.00509859
-7.34339e-09
0.00509859
-1.01979e-08
0.00509859
-1.44915e-08
0.00509858
-2.03273e-08
0.00509857
-2.88923e-08
0.00509856
-4.07948e-08
0.00509854
-5.71837e-08
0.00509851
-7.93088e-08
0.00509847
-1.07027e-07
0.00509842
-1.41248e-07
0.00509835
-1.70157e-07
0.00509824
-2.01057e-07
0.00509806
-2.57283e-07
0.00509749
-8.91957e-07
0.00509583
-3.64886e-06
0.00508957
-1.30264e-05
-2.27396e-05
0.00507208
-0.00259798
0.00495551
-0.000405319
0.00492282
-4.11545e-05
0.00492056
-6.27956e-06
0.00492238
5.70302e-06
0.00492122
-2.81547e-06
0.00491955
-2.73833e-06
0.00491747
-3.78287e-06
0.00491572
-3.01636e-06
0.00491419
-2.6665e-06
0.00491294
-2.14377e-06
0.0049119
-1.79702e-06
0.00491104
-1.47932e-06
0.00491032
-1.24041e-06
0.00490971
-1.03703e-06
0.0049092
-8.75091e-07
0.00490877
-7.41974e-07
0.0049084
-6.32065e-07
0.00490808
-5.3969e-07
0.0049078
-4.62179e-07
0.00490757
-3.95403e-07
0.00490737
-3.39416e-07
0.00490719
-2.90475e-07
0.00490704
-2.48221e-07
0.00490691
-2.12103e-07
0.0049068
-1.80526e-07
0.00490671
-1.53363e-07
0.00490663
-1.29958e-07
0.00490656
-1.09271e-07
0.0049065
-9.24723e-08
0.00490645
-7.69858e-08
0.00490641
-6.45687e-08
0.00490637
-5.3796e-08
0.00490634
-4.48398e-08
0.00490632
-3.71463e-08
0.0049063
-3.0643e-08
0.00490628
-2.52167e-08
0.00490627
-2.09264e-08
0.00490626
-1.66824e-08
0.00490625
-1.37829e-08
0.00490624
-1.08983e-08
0.00490623
-9.00737e-09
0.00490622
-6.93031e-09
0.00490622
-5.65975e-09
0.00490622
-4.47386e-09
0.00490621
-3.67323e-09
0.00490621
-2.72393e-09
0.00490621
-2.36947e-09
0.00490621
-1.72824e-09
0.00490621
-1.68715e-09
0.00490621
-1.00447e-09
0.00490621
-1.05399e-09
0.00490621
-6.52159e-10
0.0049062
-6.57367e-10
0.0049062
-3.48305e-10
0.0049062
-3.22812e-10
0.0049062
-1.48352e-10
0.0049062
-2.84799e-10
0.0049062
4.03091e-11
0.0049062
-2.15277e-10
0.0049062
3.97076e-11
0.0049062
-1.98483e-10
0.0049062
-1.30659e-11
0.0049062
-1.20988e-10
0.0049062
-3.0329e-11
0.0049062
-1.72832e-10
0.0049062
1.94362e-11
0.0049062
-2.01056e-10
0.0049062
-2.4947e-11
0.0049062
-2.67985e-10
0.0049062
-1.01608e-10
0.0049062
-2.86723e-10
0.0049062
-2.32406e-10
0.0049062
-4.04697e-10
0.0049062
-3.20159e-10
0.0049062
-5.57957e-10
0.0049062
-5.7495e-10
0.0049062
-8.90592e-10
0.0049062
-9.47393e-10
0.0049062
-1.36604e-09
0.0049062
-1.72141e-09
0.0049062
-2.43193e-09
0.0049062
-3.1941e-09
0.00490619
-4.54827e-09
0.00490619
-6.32866e-09
0.00490619
-9.01926e-09
0.00490618
-1.26523e-08
0.00490617
-1.79935e-08
0.00490615
-2.54287e-08
0.00490613
-3.56515e-08
0.0049061
-4.93559e-08
0.00490606
-6.6283e-08
0.00490601
-8.61611e-08
0.00490594
-1.00165e-07
0.00490584
-1.04981e-07
0.00490569
-1.1159e-07
0.00490522
-4.17613e-07
0.0049036
-2.02873e-06
0.00489776
-7.18335e-06
-7.91067e-06
0.00456768
-0.00216566
0.00437543
-0.000213074
0.00434662
-1.23487e-05
0.00434285
-2.50626e-06
0.00434585
2.70758e-06
0.00434431
-1.27779e-06
0.00434268
-1.10524e-06
0.00434047
-1.57341e-06
0.00433867
-1.22415e-06
0.0043371
-1.08731e-06
0.00433582
-8.68181e-07
0.00433475
-7.28647e-07
0.00433387
-5.98501e-07
0.00433313
-5.01664e-07
0.00433252
-4.19237e-07
0.00433199
-3.53473e-07
0.00433155
-2.99322e-07
0.00433117
-2.54704e-07
0.00433085
-2.17171e-07
0.00433058
-1.85645e-07
0.00433034
-1.58412e-07
0.00433013
-1.35725e-07
0.00432996
-1.15915e-07
0.00432981
-9.86989e-08
0.00432968
-8.40487e-08
0.00432957
-7.13596e-08
0.00432948
-6.04429e-08
0.0043294
-5.09992e-08
0.00432934
-4.26908e-08
0.00432928
-3.60867e-08
0.00432923
-2.99191e-08
0.00432919
-2.49736e-08
0.00432916
-2.07215e-08
0.00432913
-1.72609e-08
0.00432911
-1.4233e-08
0.00432909
-1.16439e-08
0.00432907
-9.53022e-09
0.00432906
-7.89973e-09
0.00432905
-6.22202e-09
0.00432904
-5.10227e-09
0.00432903
-3.99996e-09
0.00432903
-3.35743e-09
0.00432902
-2.55284e-09
0.00432902
-2.06944e-09
0.00432901
-1.65093e-09
0.00432901
-1.38053e-09
0.00432901
-1.01252e-09
0.00432901
-8.84465e-10
0.00432901
-6.32005e-10
0.00432901
-6.70878e-10
0.00432901
-3.60826e-10
0.00432901
-3.97595e-10
0.004329
-2.34683e-10
0.004329
-2.45848e-10
0.004329
-1.28477e-10
0.004329
-1.05119e-10
0.004329
-4.21397e-11
0.004329
-1.22699e-10
0.004329
3.75431e-11
0.004329
-9.0848e-11
0.004329
2.82313e-11
0.004329
-8.40971e-11
0.004329
-1.22909e-11
0.004329
-4.08199e-11
0.004329
-1.53178e-11
0.004329
-9.19143e-11
0.004329
2.65229e-12
0.004329
-1.07746e-10
0.004329
-2.50369e-11
0.004329
-1.45345e-10
0.004329
-6.95621e-11
0.004329
-1.28615e-10
0.004329
-1.10621e-10
0.004329
-1.88496e-10
0.004329
-1.27524e-10
0.004329
-2.19658e-10
0.004329
-2.08761e-10
0.004329
-3.41599e-10
0.004329
-3.47426e-10
0.004329
-4.95947e-10
0.004329
-6.43e-10
0.004329
-9.4453e-10
0.004329
-1.23856e-09
0.00432899
-1.78876e-09
0.00432899
-2.50244e-09
0.00432899
-3.58369e-09
0.00432898
-5.02495e-09
0.00432897
-7.14403e-09
0.00432895
-1.01215e-08
0.00432893
-1.42047e-08
0.0043289
-1.96324e-08
0.00432886
-2.62568e-08
0.00432881
-3.36527e-08
0.00432875
-3.76329e-08
0.00432868
-3.35135e-08
0.00432859
-2.27375e-08
0.00432827
-1.01679e-07
0.00432694
-6.96229e-07
0.00432236
-2.60294e-06
1.18991e-06
0.00283434
0.00262127
0.00260892
0.00260641
0.00260912
0.00260784
0.00260674
0.00260516
0.00260394
0.00260285
0.00260198
0.00260126
0.00260066
0.00260016
0.00259974
0.00259938
0.00259908
0.00259883
0.00259861
0.00259843
0.00259827
0.00259813
0.00259802
0.00259792
0.00259783
0.00259776
0.0025977
0.00259765
0.00259761
0.00259757
0.00259754
0.00259752
0.0025975
0.00259748
0.00259746
0.00259745
0.00259744
0.00259744
0.00259743
0.00259742
0.00259742
0.00259742
0.00259741
0.00259741
0.00259741
0.00259741
0.00259741
0.00259741
0.0025974
0.0025974
0.0025974
0.0025974
0.0025974
0.0025974
0.0025974
0.0025974
0.0025974
0.0025974
0.0025974
0.0025974
0.0025974
0.0025974
0.0025974
0.0025974
0.0025974
0.0025974
0.0025974
0.0025974
0.0025974
0.0025974
0.0025974
0.0025974
0.0025974
0.0025974
0.0025974
0.0025974
0.0025974
0.0025974
0.0025974
0.0025974
0.0025974
0.0025974
0.0025974
0.0025974
0.00259739
0.00259739
0.00259739
0.00259738
0.00259737
0.00259735
0.00259733
0.00259731
0.00259727
0.00259724
0.0025972
0.00259718
0.00259708
0.00259638
0.00259378
)
;

boundaryField
{
    inlet
    {
        type            calculated;
        value           nonuniform List<scalar> 
40
(
-0.005
-0.005
-0.005
-0.005
-0.005
-0.005
-0.005
-0.005
-0.005
-0.005
-0.005
-0.005
-0.005
-0.005
-0.005
-0.005
-0.005
-0.005
-0.005
-0.005
-0.005
-0.005
-0.005
-0.005
-0.005
-0.005
-0.005
-0.005
-0.005
-0.005
-0.005
-0.005
-0.005
-0.005
-0.005
-0.005
-0.005
-0.005
-0.005
-0.005
)
;
    }
    outlet
    {
        type            calculated;
        value           nonuniform List<scalar> 
40
(
0.00259497
0.00431326
0.00488293
0.0050745
0.00514102
0.00516597
0.00517709
0.00518361
0.00518854
0.00519281
0.00519671
0.0052003
0.00520356
0.00520649
0.00520904
0.0052112
0.00521295
0.00521427
0.00521516
0.00521561
0.00521561
0.00521516
0.00521427
0.00521295
0.0052112
0.00520904
0.00520649
0.00520356
0.0052003
0.00519671
0.00519281
0.00518854
0.00518361
0.00517709
0.00516597
0.00514102
0.00507449
0.00488293
0.00431326
0.00259497
)
;
    }
    lowerWall
    {
        type            calculated;
        value           uniform 0;
    }
    upperWall
    {
        type            calculated;
        value           uniform 0;
    }
    frontAndBack
    {
        type            empty;
        value           nonuniform 0();
    }
}


// ************************************************************************* //
