/*--------------------------------*- C++ -*----------------------------------*\
| =========                 |                                                 |
| \\      /  F ield         | OpenFOAM: The Open Source CFD Toolbox           |
|  \\    /   O peration     | Version:  2.3.0                                 |
|   \\  /    A nd           | Web:      www.OpenFOAM.org                      |
|    \\/     M anipulation  |                                                 |
\*---------------------------------------------------------------------------*/
FoamFile
{
    version     2.0;
    format      ascii;
    class       surfaceScalarField;
    location    "2";
    object      phiB;
}
// * * * * * * * * * * * * * * * * * * * * * * * * * * * * * * * * * * * * * //

dimensions      [1 2 -2 0 0 -1 0];

internalField   nonuniform List<scalar> 
7860
(
0.00184791
0.39956
0.00215846
0.399689
0.00234314
0.399815
0.0024758
0.399867
0.00255573
0.39992
0.00259744
0.399958
0.00261442
0.399983
0.00261614
0.399998
0.00260912
0.400007
0.0025974
0.400012
0.00258359
0.400014
0.0025693
0.400014
0.00255549
0.400014
0.0025427
0.400013
0.00253119
0.400012
0.00252105
0.40001
0.00251224
0.400009
0.00250469
0.400008
0.00249827
0.400006
0.00249287
0.400005
0.00248834
0.400005
0.00248457
0.400004
0.00248145
0.400003
0.00247887
0.400003
0.00247674
0.400002
0.002475
0.400002
0.00247358
0.400001
0.00247242
0.400001
0.00247147
0.400001
0.00247071
0.400001
0.00247009
0.400001
0.00246958
0.400001
0.00246918
0.4
0.00246885
0.4
0.00246858
0.4
0.00246837
0.4
0.0024682
0.4
0.00246807
0.4
0.00246796
0.4
0.00246787
0.4
0.0024678
0.4
0.00246774
0.4
0.0024677
0.4
0.00246767
0.4
0.00246764
0.4
0.00246762
0.4
0.0024676
0.4
0.00246758
0.4
0.00246757
0.4
0.00246756
0.4
0.00246756
0.4
0.00246755
0.4
0.00246755
0.4
0.00246754
0.4
0.00246754
0.4
0.00246754
0.4
0.00246754
0.4
0.00246754
0.4
0.00246754
0.4
0.00246753
0.4
0.00246753
0.4
0.00246753
0.4
0.00246753
0.4
0.00246753
0.4
0.00246753
0.4
0.00246753
0.4
0.00246753
0.4
0.00246753
0.4
0.00246753
0.4
0.00246753
0.4
0.00246753
0.4
0.00246752
0.4
0.00246752
0.4
0.00246752
0.4
0.00246751
0.4
0.00246751
0.4
0.0024675
0.4
0.00246749
0.4
0.00246747
0.4
0.00246745
0.4
0.00246743
0.4
0.0024674
0.4
0.00246736
0.4
0.00246731
0.4
0.00246724
0.4
0.00246716
0.4
0.00246706
0.4
0.00246694
0.4
0.00246681
0.4
0.00246667
0.4
0.00246653
0.4
0.00246643
0.4
0.00246642
0.4
0.0024666
0.4
0.00246709
0.4
0.00246803
0.399999
0.00246925
0.399999
0.00246981
0.399999
0.00246584
0.400004
0.400014
0.00292534
0.398781
0.003417
0.399198
0.00372104
0.399511
0.00392374
0.399665
0.00404557
0.399798
0.00411067
0.399893
0.00413892
0.399955
0.00414436
0.399993
0.00413648
0.400015
0.0041213
0.400027
0.0041027
0.400032
0.0040831
0.400034
0.00406395
0.400033
0.00404609
0.400031
0.00402993
0.400028
0.00401563
0.400024
0.00400318
0.400021
0.00399247
0.400018
0.00398336
0.400016
0.00397567
0.400013
0.00396921
0.400011
0.00396383
0.400009
0.00395937
0.400008
0.00395568
0.400006
0.00395264
0.400005
0.00395014
0.400004
0.0039481
0.400003
0.00394643
0.400003
0.00394507
0.400002
0.00394397
0.400002
0.00394308
0.400002
0.00394235
0.400001
0.00394177
0.400001
0.00394129
0.400001
0.00394091
0.400001
0.00394061
0.400001
0.00394036
0.4
0.00394017
0.4
0.00394001
0.4
0.00393988
0.4
0.00393978
0.4
0.0039397
0.4
0.00393964
0.4
0.00393959
0.4
0.00393955
0.4
0.00393951
0.4
0.00393949
0.4
0.00393947
0.4
0.00393945
0.4
0.00393944
0.4
0.00393943
0.4
0.00393942
0.4
0.00393942
0.4
0.00393941
0.4
0.00393941
0.4
0.0039394
0.4
0.0039394
0.4
0.0039394
0.4
0.0039394
0.4
0.0039394
0.4
0.0039394
0.4
0.00393939
0.4
0.00393939
0.4
0.00393939
0.4
0.00393939
0.4
0.00393939
0.4
0.00393939
0.4
0.00393939
0.4
0.00393939
0.4
0.00393939
0.4
0.00393938
0.4
0.00393938
0.4
0.00393938
0.4
0.00393937
0.4
0.00393937
0.4
0.00393936
0.4
0.00393935
0.4
0.00393933
0.4
0.00393931
0.4
0.00393928
0.4
0.00393925
0.4
0.0039392
0.4
0.00393914
0.4
0.00393907
0.4
0.00393898
0.4
0.00393886
0.4
0.00393872
0.4
0.00393856
0.4
0.00393838
0.4
0.0039382
0.4
0.00393803
0.4
0.00393794
0.4
0.00393801
0.4
0.00393838
0.399999
0.00393925
0.399999
0.00394084
0.399997
0.00394296
0.399997
0.00394434
0.399998
0.00393947
0.400009
0.400031
0.00313604
0.397903
0.00366252
0.398671
0.00399561
0.399178
0.00420844
0.399452
0.00433544
0.399671
0.00440511
0.399824
0.00443719
0.399923
0.00444598
0.399984
0.00444088
0.40002
0.00442804
0.40004
0.00441137
0.400049
0.00439337
0.400052
0.00437555
0.400051
0.00435879
0.400047
0.00434353
0.400043
0.00432997
0.400038
0.00431812
0.400033
0.00430791
0.400028
0.00429919
0.400024
0.00429182
0.40002
0.00428563
0.400017
0.00428046
0.400014
0.00427616
0.400012
0.00427261
0.40001
0.00426968
0.400008
0.00426727
0.400007
0.00426529
0.400005
0.00426368
0.400004
0.00426237
0.400004
0.0042613
0.400003
0.00426043
0.400002
0.00425973
0.400002
0.00425916
0.400002
0.0042587
0.400001
0.00425833
0.400001
0.00425804
0.400001
0.0042578
0.400001
0.00425761
0.400001
0.00425745
0.4
0.00425733
0.4
0.00425723
0.4
0.00425715
0.4
0.00425709
0.4
0.00425704
0.4
0.004257
0.4
0.00425697
0.4
0.00425695
0.4
0.00425693
0.4
0.00425691
0.4
0.0042569
0.4
0.00425689
0.4
0.00425688
0.4
0.00425688
0.4
0.00425687
0.4
0.00425687
0.4
0.00425686
0.4
0.00425686
0.4
0.00425686
0.4
0.00425686
0.4
0.00425686
0.4
0.00425686
0.4
0.00425686
0.4
0.00425685
0.4
0.00425685
0.4
0.00425685
0.4
0.00425685
0.4
0.00425685
0.4
0.00425685
0.4
0.00425685
0.4
0.00425685
0.4
0.00425685
0.4
0.00425684
0.4
0.00425684
0.4
0.00425683
0.4
0.00425683
0.4
0.00425682
0.4
0.00425681
0.4
0.00425679
0.4
0.00425677
0.4
0.00425675
0.4
0.00425671
0.4
0.00425667
0.4
0.00425661
0.4
0.00425654
0.4
0.00425645
0.4
0.00425634
0.4
0.00425621
0.4
0.00425607
0.4
0.00425591
0.4
0.00425575
0.4
0.00425564
0.4
0.00425561
0.4
0.00425577
0.4
0.00425628
0.399999
0.00425736
0.399998
0.00425925
0.399996
0.00426193
0.399994
0.00426449
0.399996
0.00426275
0.400011
0.40004
0.00300164
0.397026
0.00354288
0.39813
0.00389229
0.398829
0.00411119
0.399233
0.00424184
0.399541
0.00431495
0.39975
0.00435029
0.399887
0.00436212
0.399972
0.00435968
0.400022
0.00434913
0.40005
0.00433443
0.400064
0.0043181
0.400068
0.00430168
0.400067
0.00428608
0.400063
0.0042718
0.400057
0.00425905
0.400051
0.00424787
0.400044
0.0042382
0.400038
0.00422994
0.400033
0.00422293
0.400027
0.00421704
0.400023
0.00421211
0.400019
0.00420801
0.400016
0.00420462
0.400013
0.00420181
0.400011
0.00419951
0.400009
0.00419762
0.400007
0.00419608
0.400006
0.00419482
0.400005
0.00419379
0.400004
0.00419296
0.400003
0.00419229
0.400003
0.00419174
0.400002
0.0041913
0.400002
0.00419094
0.400001
0.00419066
0.400001
0.00419043
0.400001
0.00419024
0.400001
0.00419009
0.400001
0.00418997
0.4
0.00418988
0.4
0.0041898
0.4
0.00418974
0.4
0.0041897
0.4
0.00418966
0.4
0.00418963
0.4
0.0041896
0.4
0.00418958
0.4
0.00418957
0.4
0.00418956
0.4
0.00418955
0.4
0.00418954
0.4
0.00418953
0.4
0.00418953
0.4
0.00418953
0.4
0.00418952
0.4
0.00418952
0.4
0.00418952
0.4
0.00418952
0.4
0.00418952
0.4
0.00418952
0.4
0.00418952
0.4
0.00418951
0.4
0.00418951
0.4
0.00418951
0.4
0.00418951
0.4
0.00418951
0.4
0.00418951
0.4
0.00418951
0.4
0.00418951
0.4
0.00418951
0.4
0.0041895
0.4
0.0041895
0.4
0.00418949
0.4
0.00418949
0.4
0.00418948
0.4
0.00418947
0.4
0.00418945
0.4
0.00418943
0.4
0.00418941
0.4
0.00418938
0.4
0.00418933
0.4
0.00418928
0.4
0.00418921
0.4
0.00418913
0.4
0.00418903
0.4
0.00418891
0.4
0.00418878
0.400001
0.00418864
0.400001
0.00418852
0.400001
0.00418844
0.4
0.00418848
0.4
0.00418874
0.4
0.00418938
0.399998
0.00419065
0.399996
0.00419286
0.399993
0.00419618
0.399991
0.00420029
0.399991
0.00420302
0.400008
0.40004
0.00277077
0.396198
0.00331318
0.397588
0.00366876
0.398473
0.00389005
0.399012
0.00402268
0.399408
0.0040981
0.399675
0.004136
0.399849
0.00415038
0.399958
0.00415031
0.400023
0.00414189
0.400059
0.00412906
0.400077
0.00411434
0.400083
0.00409931
0.400082
0.00408488
0.400077
0.00407159
0.40007
0.00405966
0.400063
0.00404917
0.400055
0.00404007
0.400047
0.00403227
0.40004
0.00402565
0.400034
0.00402008
0.400029
0.00401541
0.400024
0.00401152
0.40002
0.0040083
0.400016
0.00400563
0.400014
0.00400344
0.400011
0.00400165
0.400009
0.00400018
0.400007
0.00399897
0.400006
0.003998
0.400005
0.0039972
0.400004
0.00399656
0.400003
0.00399604
0.400003
0.00399562
0.400002
0.00399528
0.400002
0.003995
0.400001
0.00399478
0.400001
0.0039946
0.400001
0.00399446
0.400001
0.00399435
0.400001
0.00399426
0.4
0.00399419
0.4
0.00399413
0.4
0.00399408
0.4
0.00399405
0.4
0.00399402
0.4
0.00399399
0.4
0.00399398
0.4
0.00399396
0.4
0.00399395
0.4
0.00399394
0.4
0.00399393
0.4
0.00399393
0.4
0.00399392
0.4
0.00399392
0.4
0.00399392
0.4
0.00399391
0.4
0.00399391
0.4
0.00399391
0.4
0.00399391
0.4
0.00399391
0.4
0.00399391
0.4
0.00399391
0.4
0.00399391
0.4
0.00399391
0.4
0.00399391
0.4
0.0039939
0.4
0.0039939
0.4
0.0039939
0.4
0.0039939
0.4
0.0039939
0.4
0.0039939
0.4
0.00399389
0.4
0.00399389
0.4
0.00399388
0.4
0.00399387
0.4
0.00399386
0.4
0.00399385
0.4
0.00399383
0.4
0.00399381
0.4
0.00399377
0.4
0.00399373
0.4
0.00399368
0.4
0.00399362
0.4
0.00399354
0.4
0.00399345
0.4
0.00399334
0.400001
0.00399322
0.400001
0.00399311
0.400001
0.00399301
0.400001
0.00399298
0.400001
0.00399307
0.4
0.00399341
0.399999
0.00399418
0.399998
0.00399563
0.399995
0.00399816
0.399991
0.00400214
0.399987
0.00400788
0.399986
0.00401514
0.400001
0.400032
0.00252447
0.395441
0.00305656
0.397056
0.00341069
0.398119
0.00363105
0.398791
0.00376394
0.399275
0.00384051
0.399598
0.00388021
0.39981
0.00389663
0.399941
0.0038986
0.400021
0.00389209
0.400065
0.00388098
0.400088
0.0038678
0.400096
0.00385409
0.400096
0.00384082
0.400091
0.00382851
0.400083
0.0038174
0.400074
0.0038076
0.400065
0.00379908
0.400056
0.00379177
0.400048
0.00378554
0.40004
0.00378029
0.400034
0.00377589
0.400028
0.00377222
0.400024
0.00376918
0.400019
0.00376666
0.400016
0.00376459
0.400013
0.00376289
0.400011
0.0037615
0.400009
0.00376036
0.400007
0.00375943
0.400006
0.00375868
0.400005
0.00375807
0.400004
0.00375757
0.400003
0.00375717
0.400003
0.00375685
0.400002
0.00375659
0.400002
0.00375638
0.400001
0.00375621
0.400001
0.00375608
0.400001
0.00375597
0.400001
0.00375588
0.400001
0.00375581
0.4
0.00375576
0.4
0.00375571
0.4
0.00375568
0.4
0.00375565
0.4
0.00375563
0.4
0.00375561
0.4
0.0037556
0.4
0.00375559
0.4
0.00375558
0.4
0.00375557
0.4
0.00375556
0.4
0.00375556
0.4
0.00375556
0.4
0.00375555
0.4
0.00375555
0.4
0.00375555
0.4
0.00375555
0.4
0.00375555
0.4
0.00375555
0.4
0.00375555
0.4
0.00375554
0.4
0.00375554
0.4
0.00375554
0.4
0.00375554
0.4
0.00375554
0.4
0.00375554
0.4
0.00375554
0.4
0.00375554
0.4
0.00375554
0.4
0.00375553
0.4
0.00375553
0.4
0.00375553
0.4
0.00375552
0.4
0.00375551
0.4
0.0037555
0.4
0.00375549
0.4
0.00375547
0.4
0.00375545
0.4
0.00375542
0.4
0.00375538
0.4
0.00375533
0.4
0.00375527
0.4
0.0037552
0.4
0.00375511
0.400001
0.00375502
0.400001
0.00375491
0.400001
0.00375482
0.400001
0.00375475
0.400001
0.00375475
0.400001
0.0037549
0.4
0.00375531
0.399999
0.00375618
0.399997
0.0037578
0.399993
0.00376061
0.399988
0.00376522
0.399982
0.0037725
0.399978
0.00378378
0.399989
0.400017
0.00228728
0.394759
0.00279966
0.396543
0.00314635
0.397772
0.00336282
0.398575
0.00349423
0.399144
0.00357083
0.399522
0.00361156
0.399769
0.00362949
0.399924
0.00363313
0.400017
0.0036283
0.40007
0.00361878
0.400097
0.00360703
0.400108
0.0035946
0.400108
0.00358245
0.400103
0.00357109
0.400094
0.00356081
0.400084
0.0035517
0.400074
0.00354377
0.400064
0.00353694
0.400054
0.00353112
0.400046
0.0035262
0.400039
0.00352208
0.400032
0.00351863
0.400027
0.00351577
0.400022
0.00351341
0.400018
0.00351146
0.400015
0.00350986
0.400012
0.00350855
0.40001
0.00350748
0.400008
0.0035066
0.400007
0.00350589
0.400005
0.00350532
0.400004
0.00350485
0.400004
0.00350447
0.400003
0.00350416
0.400002
0.00350392
0.400002
0.00350372
0.400002
0.00350356
0.400001
0.00350343
0.400001
0.00350333
0.400001
0.00350325
0.400001
0.00350318
0.4
0.00350313
0.4
0.00350309
0.4
0.00350306
0.4
0.00350303
0.4
0.00350301
0.4
0.00350299
0.4
0.00350298
0.4
0.00350297
0.4
0.00350296
0.4
0.00350295
0.4
0.00350295
0.4
0.00350294
0.4
0.00350294
0.4
0.00350294
0.4
0.00350294
0.4
0.00350294
0.4
0.00350293
0.4
0.00350293
0.4
0.00350293
0.4
0.00350293
0.4
0.00350293
0.4
0.00350293
0.4
0.00350293
0.4
0.00350293
0.4
0.00350293
0.4
0.00350293
0.4
0.00350293
0.4
0.00350292
0.4
0.00350292
0.4
0.00350292
0.4
0.00350292
0.4
0.00350291
0.4
0.00350291
0.4
0.0035029
0.4
0.00350289
0.4
0.00350288
0.4
0.00350286
0.4
0.00350284
0.4
0.00350281
0.4
0.00350277
0.4
0.00350273
0.4
0.00350267
0.4
0.00350261
0.400001
0.00350253
0.400001
0.00350244
0.400001
0.00350235
0.400001
0.00350227
0.400001
0.00350223
0.400001
0.00350226
0.4
0.00350245
0.4
0.00350293
0.399998
0.00350388
0.399996
0.00350564
0.399991
0.00350869
0.399985
0.00351387
0.399977
0.00352248
0.39997
0.00353708
0.399975
0.399996
0.00206499
0.394151
0.0025504
0.396058
0.00288481
0.397438
0.00309474
0.398365
0.00322304
0.399015
0.00329855
0.399446
0.00333956
0.399728
0.00335848
0.399905
0.00336346
0.400012
0.00336007
0.400073
0.00335197
0.400105
0.00334156
0.400118
0.00333035
0.40012
0.00331928
0.400114
0.00330887
0.400105
0.0032994
0.400094
0.00329098
0.400082
0.00328363
0.400071
0.00327729
0.400061
0.00327189
0.400052
0.00326731
0.400043
0.00326347
0.400036
0.00326026
0.40003
0.00325759
0.400025
0.00325538
0.400021
0.00325356
0.400017
0.00325206
0.400014
0.00325083
0.400011
0.00324983
0.400009
0.00324901
0.400008
0.00324835
0.400006
0.00324781
0.400005
0.00324737
0.400004
0.00324701
0.400003
0.00324673
0.400003
0.00324649
0.400002
0.00324631
0.400002
0.00324616
0.400001
0.00324604
0.400001
0.00324594
0.400001
0.00324587
0.400001
0.0032458
0.400001
0.00324575
0.4
0.00324572
0.4
0.00324568
0.4
0.00324566
0.4
0.00324564
0.4
0.00324562
0.4
0.00324561
0.4
0.0032456
0.4
0.00324559
0.4
0.00324559
0.4
0.00324558
0.4
0.00324558
0.4
0.00324558
0.4
0.00324557
0.4
0.00324557
0.4
0.00324557
0.4
0.00324557
0.4
0.00324557
0.4
0.00324557
0.4
0.00324557
0.4
0.00324557
0.4
0.00324557
0.4
0.00324556
0.4
0.00324556
0.4
0.00324556
0.4
0.00324556
0.4
0.00324556
0.4
0.00324556
0.4
0.00324556
0.4
0.00324556
0.4
0.00324555
0.4
0.00324555
0.4
0.00324554
0.4
0.00324554
0.4
0.00324553
0.4
0.00324551
0.4
0.0032455
0.4
0.00324548
0.4
0.00324545
0.4
0.00324542
0.4
0.00324538
0.4
0.00324533
0.4
0.00324526
0.400001
0.00324519
0.400001
0.00324511
0.400001
0.00324504
0.400001
0.00324497
0.400001
0.00324495
0.400001
0.00324501
0.4
0.00324524
0.4
0.00324576
0.399998
0.00324678
0.399995
0.00324864
0.39999
0.00325188
0.399982
0.00325751
0.399971
0.0032672
0.39996
0.00328438
0.399958
0.39997
0.00185748
0.393613
0.0023106
0.395605
0.00262874
0.39712
0.00282978
0.398164
0.00295342
0.398892
0.00302681
0.399373
0.00306737
0.399687
0.00308677
0.399885
0.00309274
0.400006
0.00309056
0.400076
0.00308374
0.400112
0.00307457
0.400127
0.00306452
0.40013
0.00305449
0.400124
0.003045
0.400114
0.00303634
0.400102
0.00302862
0.40009
0.00302185
0.400078
0.00301601
0.400067
0.00301102
0.400057
0.00300679
0.400048
0.00300323
0.40004
0.00300026
0.400033
0.00299779
0.400027
0.00299574
0.400023
0.00299405
0.400019
0.00299266
0.400015
0.00299152
0.400013
0.00299059
0.40001
0.00298983
0.400008
0.00298921
0.400007
0.0029887
0.400005
0.0029883
0.400004
0.00298797
0.400004
0.0029877
0.400003
0.00298748
0.400002
0.00298731
0.400002
0.00298717
0.400002
0.00298706
0.400001
0.00298697
0.400001
0.0029869
0.400001
0.00298684
0.400001
0.00298679
0.4
0.00298676
0.4
0.00298673
0.4
0.00298671
0.4
0.00298669
0.4
0.00298667
0.4
0.00298666
0.4
0.00298665
0.4
0.00298664
0.4
0.00298664
0.4
0.00298663
0.4
0.00298663
0.4
0.00298663
0.4
0.00298662
0.4
0.00298662
0.4
0.00298662
0.4
0.00298662
0.4
0.00298662
0.4
0.00298662
0.4
0.00298662
0.4
0.00298662
0.4
0.00298662
0.4
0.00298662
0.4
0.00298662
0.4
0.00298661
0.4
0.00298661
0.4
0.00298661
0.4
0.00298661
0.4
0.00298661
0.4
0.00298661
0.4
0.0029866
0.4
0.0029866
0.4
0.0029866
0.4
0.00298659
0.4
0.00298658
0.4
0.00298657
0.4
0.00298655
0.4
0.00298654
0.4
0.00298651
0.4
0.00298648
0.4
0.00298644
0.4
0.00298639
0.400001
0.00298634
0.400001
0.00298627
0.400001
0.0029862
0.400001
0.00298614
0.400001
0.00298609
0.400001
0.00298608
0.400001
0.00298616
0.4
0.00298642
0.399999
0.00298697
0.399997
0.00298803
0.399994
0.00298996
0.399988
0.00299334
0.399978
0.00299928
0.399965
0.00300975
0.39995
0.00302874
0.399939
0.399941
0.00166292
0.393139
0.00208008
0.395188
0.00237864
0.396821
0.0025687
0.397974
0.00268626
0.398774
0.00275655
0.399303
0.00279597
0.399648
0.00281539
0.399866
0.00282202
0.399999
0.00282084
0.400077
0.00281514
0.400118
0.00280712
0.400135
0.00279817
0.400139
0.00278915
0.400133
0.00278057
0.400123
0.0027727
0.40011
0.00276567
0.400097
0.00275949
0.400084
0.00275415
0.400072
0.00274958
0.400061
0.0027457
0.400051
0.00274244
0.400043
0.00273971
0.400036
0.00273743
0.40003
0.00273555
0.400025
0.00273399
0.40002
0.00273271
0.400017
0.00273166
0.400014
0.00273081
0.400011
0.0027301
0.400009
0.00272953
0.400007
0.00272907
0.400006
0.00272869
0.400005
0.00272839
0.400004
0.00272814
0.400003
0.00272794
0.400003
0.00272778
0.400002
0.00272765
0.400002
0.00272755
0.400001
0.00272747
0.400001
0.0027274
0.400001
0.00272735
0.400001
0.0027273
0.400001
0.00272727
0.4
0.00272724
0.4
0.00272722
0.4
0.00272721
0.4
0.00272719
0.4
0.00272718
0.4
0.00272717
0.4
0.00272717
0.4
0.00272716
0.4
0.00272716
0.4
0.00272715
0.4
0.00272715
0.4
0.00272715
0.4
0.00272715
0.4
0.00272714
0.4
0.00272714
0.4
0.00272714
0.4
0.00272714
0.4
0.00272714
0.4
0.00272714
0.4
0.00272714
0.4
0.00272714
0.4
0.00272714
0.4
0.00272714
0.4
0.00272714
0.4
0.00272714
0.4
0.00272714
0.4
0.00272713
0.4
0.00272713
0.4
0.00272713
0.4
0.00272713
0.4
0.00272712
0.4
0.00272711
0.4
0.00272711
0.4
0.0027271
0.4
0.00272708
0.4
0.00272706
0.4
0.00272704
0.4
0.00272701
0.4
0.00272698
0.4
0.00272694
0.400001
0.00272688
0.400001
0.00272683
0.400001
0.00272677
0.400001
0.00272671
0.400001
0.00272667
0.400001
0.00272668
0.400001
0.00272678
0.4
0.00272705
0.399999
0.00272762
0.399997
0.0027287
0.399993
0.00273066
0.399986
0.00273409
0.399975
0.00274021
0.399959
0.00275114
0.399939
0.00277121
0.399918
0.39991
0.00147922
0.392723
0.00185806
0.394809
0.00213432
0.396545
0.00231152
0.397797
0.00242172
0.398664
0.00248801
0.399236
0.00252566
0.39961
0.00254464
0.399847
0.00255163
0.399992
0.00255123
0.400077
0.00254653
0.400123
0.00253958
0.400142
0.00253167
0.400146
0.00252362
0.400141
0.00251593
0.40013
0.00250884
0.400117
0.00250249
0.400103
0.0024969
0.40009
0.00249206
0.400077
0.00248792
0.400065
0.0024844
0.400055
0.00248143
0.400046
0.00247895
0.400038
0.00247688
0.400032
0.00247516
0.400026
0.00247374
0.400022
0.00247258
0.400018
0.00247162
0.400015
0.00247084
0.400012
0.0024702
0.40001
0.00246968
0.400008
0.00246925
0.400006
0.00246891
0.400005
0.00246863
0.400004
0.0024684
0.400003
0.00246822
0.400003
0.00246808
0.400002
0.00246796
0.400002
0.00246786
0.400001
0.00246779
0.400001
0.00246773
0.400001
0.00246768
0.400001
0.00246764
0.400001
0.00246761
0.4
0.00246758
0.4
0.00246756
0.4
0.00246755
0.4
0.00246754
0.4
0.00246753
0.4
0.00246752
0.4
0.00246751
0.4
0.00246751
0.4
0.0024675
0.4
0.0024675
0.4
0.0024675
0.4
0.00246749
0.4
0.00246749
0.4
0.00246749
0.4
0.00246749
0.4
0.00246749
0.4
0.00246749
0.4
0.00246749
0.4
0.00246749
0.4
0.00246749
0.4
0.00246749
0.4
0.00246749
0.4
0.00246749
0.4
0.00246749
0.4
0.00246748
0.4
0.00246748
0.4
0.00246748
0.4
0.00246748
0.4
0.00246748
0.4
0.00246747
0.4
0.00246747
0.4
0.00246746
0.4
0.00246746
0.4
0.00246745
0.4
0.00246743
0.4
0.00246742
0.4
0.0024674
0.4
0.00246737
0.4
0.00246734
0.400001
0.0024673
0.400001
0.00246726
0.400001
0.00246721
0.400001
0.00246715
0.400001
0.0024671
0.400001
0.00246708
0.400001
0.0024671
0.400001
0.00246721
0.4
0.00246748
0.399999
0.00246806
0.399996
0.00246914
0.399991
0.00247107
0.399984
0.00247448
0.399972
0.00248062
0.399953
0.00249169
0.399928
0.00251215
0.399898
0.399878
0.00130444
0.392363
0.0016436
0.39447
0.00189531
0.396293
0.00205802
0.397634
0.00215969
0.398562
0.00222118
0.399175
0.00225647
0.399575
0.0022746
0.399829
0.00228166
0.399985
0.00228186
0.400077
0.00227802
0.400126
0.00227204
0.400148
0.00226512
0.400153
0.00225802
0.400148
0.00225119
0.400137
0.00224488
0.400123
0.00223921
0.400109
0.00223421
0.400095
0.00222988
0.400081
0.00222616
0.400069
0.002223
0.400058
0.00222033
0.400049
0.0022181
0.400041
0.00221624
0.400034
0.0022147
0.400028
0.00221342
0.400023
0.00221237
0.400019
0.00221151
0.400015
0.0022108
0.400013
0.00221022
0.40001
0.00220975
0.400008
0.00220937
0.400007
0.00220906
0.400005
0.00220881
0.400004
0.00220861
0.400004
0.00220844
0.400003
0.00220831
0.400002
0.0022082
0.400002
0.00220812
0.400001
0.00220805
0.400001
0.00220799
0.400001
0.00220795
0.400001
0.00220791
0.400001
0.00220789
0.4
0.00220786
0.4
0.00220785
0.4
0.00220783
0.4
0.00220782
0.4
0.00220781
0.4
0.0022078
0.4
0.0022078
0.4
0.00220779
0.4
0.00220779
0.4
0.00220779
0.4
0.00220778
0.4
0.00220778
0.4
0.00220778
0.4
0.00220778
0.4
0.00220778
0.4
0.00220778
0.4
0.00220778
0.4
0.00220778
0.4
0.00220778
0.4
0.00220778
0.4
0.00220778
0.4
0.00220778
0.4
0.00220778
0.4
0.00220778
0.4
0.00220777
0.4
0.00220777
0.4
0.00220777
0.4
0.00220777
0.4
0.00220777
0.4
0.00220776
0.4
0.00220776
0.4
0.00220776
0.4
0.00220775
0.4
0.00220774
0.4
0.00220773
0.4
0.00220771
0.4
0.0022077
0.4
0.00220767
0.4
0.00220764
0.400001
0.00220761
0.400001
0.00220757
0.400001
0.00220752
0.400001
0.00220748
0.400001
0.00220744
0.400001
0.00220742
0.400001
0.00220745
0.400001
0.00220756
0.4
0.00220784
0.399998
0.0022084
0.399996
0.00220945
0.39999
0.00221133
0.399982
0.00221464
0.399968
0.00222064
0.399947
0.00223153
0.399917
0.00225171
0.399878
0.399846
0.00113692
0.392052
0.00143573
0.394171
0.0016611
0.396068
0.00180788
0.397487
0.00189998
0.39847
0.00195594
0.399119
0.00198834
0.399543
0.00200525
0.399812
0.00201212
0.399978
0.00201273
0.400076
0.00200964
0.400129
0.00200456
0.400153
0.00199857
0.400159
0.00199239
0.400154
0.00198641
0.400143
0.00198086
0.400129
0.00197587
0.400114
0.00197146
0.400099
0.00196763
0.400085
0.00196435
0.400072
0.00196155
0.400061
0.00195919
0.400051
0.00195721
0.400043
0.00195556
0.400035
0.00195419
0.400029
0.00195306
0.400024
0.00195213
0.40002
0.00195136
0.400016
0.00195074
0.400013
0.00195022
0.400011
0.00194981
0.400009
0.00194947
0.400007
0.00194919
0.400006
0.00194897
0.400005
0.00194879
0.400004
0.00194864
0.400003
0.00194852
0.400002
0.00194843
0.400002
0.00194835
0.400002
0.00194829
0.400001
0.00194824
0.400001
0.0019482
0.400001
0.00194817
0.400001
0.00194814
0.400001
0.00194812
0.4
0.00194811
0.4
0.0019481
0.4
0.00194809
0.4
0.00194808
0.4
0.00194807
0.4
0.00194807
0.4
0.00194806
0.4
0.00194806
0.4
0.00194806
0.4
0.00194805
0.4
0.00194805
0.4
0.00194805
0.4
0.00194805
0.4
0.00194805
0.4
0.00194805
0.4
0.00194805
0.4
0.00194805
0.4
0.00194805
0.4
0.00194805
0.4
0.00194805
0.4
0.00194805
0.4
0.00194805
0.4
0.00194804
0.4
0.00194804
0.4
0.00194804
0.4
0.00194804
0.4
0.00194804
0.4
0.00194804
0.4
0.00194804
0.4
0.00194803
0.4
0.00194803
0.4
0.00194802
0.4
0.00194801
0.4
0.001948
0.4
0.00194799
0.4
0.00194797
0.4
0.00194795
0.4
0.00194793
0.400001
0.0019479
0.400001
0.00194786
0.400001
0.00194782
0.400001
0.00194778
0.400001
0.00194775
0.400001
0.00194774
0.400001
0.00194777
0.400001
0.00194789
0.4
0.00194816
0.399998
0.00194869
0.399995
0.00194968
0.399989
0.00195146
0.39998
0.0019546
0.399965
0.00196031
0.399941
0.00197072
0.399906
0.00199001
0.399859
0.399816
0.00097524
0.391789
0.0012335
0.393912
0.00143111
0.39587
0.00156072
0.397357
0.00164235
0.398389
0.00169214
0.399069
0.00172118
0.399514
0.00173653
0.399796
0.00174297
0.399972
0.00174384
0.400076
0.00174139
0.400132
0.00173713
0.400158
0.00173205
0.400164
0.00172674
0.40016
0.00172159
0.400148
0.00171681
0.400134
0.00171249
0.400118
0.00170867
0.400103
0.00170535
0.400088
0.0017025
0.400075
0.00170007
0.400063
0.00169802
0.400053
0.0016963
0.400044
0.00169486
0.400037
0.00169367
0.40003
0.00169268
0.400025
0.00169187
0.400021
0.0016912
0.400017
0.00169066
0.400014
0.00169021
0.400011
0.00168984
0.400009
0.00168955
0.400007
0.00168931
0.400006
0.00168911
0.400005
0.00168895
0.400004
0.00168883
0.400003
0.00168872
0.400003
0.00168864
0.400002
0.00168857
0.400002
0.00168852
0.400001
0.00168848
0.400001
0.00168844
0.400001
0.00168842
0.400001
0.00168839
0.400001
0.00168838
0.4
0.00168836
0.4
0.00168835
0.4
0.00168834
0.4
0.00168834
0.4
0.00168833
0.4
0.00168833
0.4
0.00168832
0.4
0.00168832
0.4
0.00168832
0.4
0.00168832
0.4
0.00168831
0.4
0.00168831
0.4
0.00168831
0.4
0.00168831
0.4
0.00168831
0.4
0.00168831
0.4
0.00168831
0.4
0.00168831
0.4
0.00168831
0.4
0.00168831
0.4
0.00168831
0.4
0.00168831
0.4
0.00168831
0.4
0.00168831
0.4
0.00168831
0.4
0.00168831
0.4
0.0016883
0.4
0.0016883
0.4
0.0016883
0.4
0.0016883
0.4
0.00168829
0.4
0.00168829
0.4
0.00168828
0.4
0.00168827
0.4
0.00168826
0.4
0.00168825
0.4
0.00168823
0.4
0.00168821
0.400001
0.00168818
0.400001
0.00168815
0.400001
0.00168812
0.400001
0.00168808
0.400001
0.00168806
0.400001
0.00168805
0.400001
0.00168809
0.400001
0.0016882
0.4
0.00168845
0.399998
0.00168894
0.399994
0.00168985
0.399989
0.00169149
0.399978
0.00169438
0.399962
0.00169965
0.399936
0.0017093
0.399897
0.00172717
0.399841
0.399788
0.000818228
0.391571
0.00103603
0.393695
0.00120478
0.395702
0.00131616
0.397246
0.00138655
0.398318
0.00142961
0.399026
0.00145489
0.399488
0.00146838
0.399783
0.00147419
0.399966
0.00147517
0.400075
0.00147326
0.400134
0.00146977
0.400161
0.00146554
0.400169
0.00146109
0.400164
0.00145676
0.400153
0.00145273
0.400138
0.00144908
0.400122
0.00144585
0.400106
0.00144304
0.400091
0.00144062
0.400078
0.00143856
0.400065
0.00143682
0.400055
0.00143536
0.400046
0.00143414
0.400038
0.00143313
0.400031
0.00143229
0.400026
0.0014316
0.400021
0.00143103
0.400017
0.00143057
0.400014
0.00143019
0.400012
0.00142988
0.400009
0.00142963
0.400008
0.00142942
0.400006
0.00142925
0.400005
0.00142912
0.400004
0.00142901
0.400003
0.00142892
0.400003
0.00142885
0.400002
0.0014288
0.400002
0.00142875
0.400001
0.00142871
0.400001
0.00142869
0.400001
0.00142866
0.400001
0.00142864
0.400001
0.00142863
0.4
0.00142862
0.4
0.00142861
0.4
0.0014286
0.4
0.00142859
0.4
0.00142859
0.4
0.00142858
0.4
0.00142858
0.4
0.00142858
0.4
0.00142858
0.4
0.00142858
0.4
0.00142857
0.4
0.00142857
0.4
0.00142857
0.4
0.00142857
0.4
0.00142857
0.4
0.00142857
0.4
0.00142857
0.4
0.00142857
0.4
0.00142857
0.4
0.00142857
0.4
0.00142857
0.4
0.00142857
0.4
0.00142857
0.4
0.00142857
0.4
0.00142857
0.4
0.00142857
0.4
0.00142857
0.4
0.00142856
0.4
0.00142856
0.4
0.00142856
0.4
0.00142856
0.4
0.00142855
0.4
0.00142855
0.4
0.00142854
0.4
0.00142853
0.4
0.00142852
0.4
0.0014285
0.4
0.00142848
0.400001
0.00142846
0.400001
0.00142844
0.400001
0.00142841
0.400001
0.00142838
0.400001
0.00142836
0.400001
0.00142836
0.400001
0.00142839
0.400001
0.00142849
0.4
0.00142872
0.399998
0.00142916
0.399994
0.00142997
0.399988
0.00143143
0.399977
0.001434
0.39996
0.00143871
0.399931
0.00144733
0.399888
0.00146329
0.399825
0.399763
0.000664893
0.391395
0.000842497
0.393517
0.000981534
0.395563
0.00107382
0.397154
0.0011323
0.39826
0.00116818
0.39899
0.00118933
0.399467
0.00120071
0.399772
0.00120571
0.399961
0.00120669
0.400074
0.00120524
0.400135
0.00120246
0.400164
0.00119904
0.400172
0.00119544
0.400168
0.00119191
0.400156
0.00118862
0.400141
0.00118564
0.400125
0.001183
0.400109
0.0011807
0.400093
0.00117872
0.40008
0.00117703
0.400067
0.0011756
0.400056
0.00117441
0.400047
0.00117341
0.400039
0.00117257
0.400032
0.00117189
0.400027
0.00117132
0.400022
0.00117085
0.400018
0.00117047
0.400015
0.00117016
0.400012
0.00116991
0.40001
0.0011697
0.400008
0.00116953
0.400006
0.00116939
0.400005
0.00116928
0.400004
0.00116919
0.400003
0.00116912
0.400003
0.00116906
0.400002
0.00116902
0.400002
0.00116898
0.400001
0.00116895
0.400001
0.00116893
0.400001
0.00116891
0.400001
0.00116889
0.400001
0.00116888
0.4
0.00116887
0.4
0.00116886
0.4
0.00116885
0.4
0.00116885
0.4
0.00116885
0.4
0.00116884
0.4
0.00116884
0.4
0.00116884
0.4
0.00116884
0.4
0.00116883
0.4
0.00116883
0.4
0.00116883
0.4
0.00116883
0.4
0.00116883
0.4
0.00116883
0.4
0.00116883
0.4
0.00116883
0.4
0.00116883
0.4
0.00116883
0.4
0.00116883
0.4
0.00116883
0.4
0.00116883
0.4
0.00116883
0.4
0.00116883
0.4
0.00116883
0.4
0.00116883
0.4
0.00116883
0.4
0.00116883
0.4
0.00116882
0.4
0.00116882
0.4
0.00116882
0.4
0.00116882
0.4
0.00116881
0.4
0.0011688
0.4
0.0011688
0.4
0.00116879
0.4
0.00116877
0.4
0.00116876
0.400001
0.00116874
0.400001
0.00116872
0.400001
0.0011687
0.400001
0.00116868
0.400001
0.00116866
0.400001
0.00116866
0.400001
0.00116869
0.400001
0.00116878
0.4
0.00116897
0.399997
0.00116935
0.399994
0.00117004
0.399987
0.00117128
0.399976
0.00117348
0.399957
0.0011775
0.399927
0.00118488
0.399881
0.00119851
0.399811
0.399742
0.000514391
0.391259
0.000652103
0.393379
0.000760812
0.395454
0.000833304
0.397081
0.000879338
0.398214
0.00090764
0.398962
0.000924389
0.39945
0.000933458
0.399762
0.0009375
0.399957
0.000938363
0.400073
0.000937311
0.400136
0.000935196
0.400166
0.00093257
0.400175
0.000929786
0.40017
0.000927056
0.400159
0.000924502
0.400144
0.000922187
0.400127
0.000920134
0.400111
0.000918343
0.400095
0.0009168
0.400081
0.000915486
0.400068
0.000914374
0.400057
0.00091344
0.400048
0.000912661
0.40004
0.000912012
0.400033
0.000911476
0.400027
0.000911034
0.400022
0.00091067
0.400018
0.000910372
0.400015
0.000910129
0.400012
0.00090993
0.40001
0.000909768
0.400008
0.000909637
0.400006
0.00090953
0.400005
0.000909444
0.400004
0.000909374
0.400003
0.000909318
0.400003
0.000909273
0.400002
0.000909236
0.400002
0.000909207
0.400001
0.000909183
0.400001
0.000909165
0.400001
0.000909149
0.400001
0.000909137
0.400001
0.000909128
0.4
0.00090912
0.4
0.000909114
0.4
0.000909109
0.4
0.000909105
0.4
0.000909102
0.4
0.000909099
0.4
0.000909098
0.4
0.000909096
0.4
0.000909095
0.4
0.000909094
0.4
0.000909093
0.4
0.000909092
0.4
0.000909092
0.4
0.000909092
0.4
0.000909091
0.4
0.000909091
0.4
0.000909091
0.4
0.000909091
0.4
0.000909091
0.4
0.00090909
0.4
0.00090909
0.4
0.00090909
0.4
0.00090909
0.4
0.000909089
0.4
0.000909089
0.4
0.000909088
0.4
0.000909087
0.4
0.000909086
0.4
0.000909085
0.4
0.000909083
0.4
0.000909081
0.4
0.000909078
0.4
0.000909075
0.4
0.00090907
0.4
0.000909064
0.4
0.000909056
0.4
0.000909046
0.4
0.000909034
0.400001
0.00090902
0.400001
0.000909004
0.400001
0.000908987
0.400001
0.000908971
0.400001
0.000908959
0.400001
0.00090896
0.400001
0.000908986
0.400001
0.000909059
0.4
0.000909216
0.399997
0.000909521
0.399993
0.000910077
0.399986
0.000911071
0.399975
0.000912835
0.399956
0.000916072
0.399924
0.000922014
0.399875
0.000932974
0.3998
0.399725
0.000365989
0.391163
0.000464106
0.393281
0.000542046
0.395376
0.000594202
0.397029
0.000627379
0.39818
0.000647808
0.398941
0.000659931
0.399438
0.000666524
0.399756
0.000669494
0.399954
0.000670167
0.400072
0.000669455
0.400137
0.000667969
0.400168
0.000666111
0.400177
0.000664133
0.400172
0.000662189
0.400161
0.000660368
0.400145
0.000658715
0.400129
0.000657249
0.400112
0.00065597
0.400096
0.000654867
0.400082
0.000653927
0.400069
0.000653132
0.400058
0.000652464
0.400049
0.000651907
0.40004
0.000651443
0.400033
0.000651059
0.400027
0.000650742
0.400023
0.000650482
0.400018
0.000650269
0.400015
0.000650094
0.400012
0.000649952
0.40001
0.000649836
0.400008
0.000649742
0.400007
0.000649666
0.400005
0.000649603
0.400004
0.000649554
0.400003
0.000649513
0.400003
0.000649481
0.400002
0.000649455
0.400002
0.000649434
0.400001
0.000649417
0.400001
0.000649403
0.400001
0.000649392
0.400001
0.000649384
0.400001
0.000649377
0.4
0.000649371
0.4
0.000649367
0.4
0.000649364
0.4
0.000649361
0.4
0.000649359
0.4
0.000649357
0.4
0.000649355
0.4
0.000649354
0.4
0.000649353
0.4
0.000649353
0.4
0.000649352
0.4
0.000649352
0.4
0.000649352
0.4
0.000649351
0.4
0.000649351
0.4
0.000649351
0.4
0.000649351
0.4
0.00064935
0.4
0.00064935
0.4
0.00064935
0.4
0.00064935
0.4
0.00064935
0.4
0.00064935
0.4
0.000649349
0.4
0.000649349
0.4
0.000649348
0.4
0.000649348
0.4
0.000649347
0.4
0.000649346
0.4
0.000649345
0.4
0.000649344
0.4
0.000649341
0.4
0.000649339
0.4
0.000649335
0.4
0.000649331
0.4
0.000649325
0.4
0.000649318
0.400001
0.00064931
0.400001
0.0006493
0.400001
0.000649288
0.400001
0.000649276
0.400001
0.000649265
0.400001
0.000649257
0.400001
0.000649258
0.400001
0.000649278
0.400001
0.000649332
0.399999
0.000649448
0.399997
0.000649671
0.399993
0.000650078
0.399986
0.000650805
0.399974
0.000652096
0.399954
0.000654467
0.399922
0.000658821
0.39987
0.000666843
0.399792
0.399713
0.000219032
0.391106
0.000277797
0.393222
0.000324673
0.395329
0.000356116
0.396998
0.00037614
0.39816
0.000388483
0.398929
0.00039582
0.399431
0.000399822
0.399752
0.000401636
0.399952
0.000402063
0.400072
0.000401652
0.400137
0.000400771
0.400169
0.000399662
0.400178
0.000398479
0.400174
0.000397315
0.400162
0.000396225
0.400147
0.000395233
0.40013
0.000394354
0.400113
0.000393586
0.400097
0.000392924
0.400083
0.00039236
0.40007
0.000391883
0.400059
0.000391481
0.400049
0.000391146
0.400041
0.000390868
0.400034
0.000390637
0.400028
0.000390447
0.400023
0.00039029
0.400019
0.000390162
0.400015
0.000390057
0.400012
0.000389972
0.40001
0.000389902
0.400008
0.000389845
0.400007
0.0003898
0.400005
0.000389762
0.400004
0.000389732
0.400003
0.000389708
0.400003
0.000389688
0.400002
0.000389673
0.400002
0.00038966
0.400001
0.00038965
0.400001
0.000389642
0.400001
0.000389635
0.400001
0.00038963
0.400001
0.000389626
0.4
0.000389623
0.4
0.00038962
0.4
0.000389618
0.4
0.000389616
0.4
0.000389615
0.4
0.000389614
0.4
0.000389613
0.4
0.000389612
0.4
0.000389612
0.4
0.000389611
0.4
0.000389611
0.4
0.000389611
0.4
0.000389611
0.4
0.00038961
0.4
0.000389611
0.4
0.00038961
0.4
0.00038961
0.4
0.00038961
0.4
0.00038961
0.4
0.00038961
0.4
0.00038961
0.4
0.00038961
0.4
0.00038961
0.4
0.000389609
0.4
0.000389609
0.4
0.000389609
0.4
0.000389609
0.4
0.000389608
0.4
0.000389608
0.4
0.000389607
0.4
0.000389606
0.4
0.000389605
0.4
0.000389603
0.4
0.000389601
0.4
0.000389598
0.4
0.000389595
0.4
0.000389591
0.400001
0.000389586
0.400001
0.00038958
0.400001
0.000389573
0.400001
0.000389566
0.400001
0.000389559
0.400001
0.000389554
0.400001
0.000389555
0.400001
0.000389568
0.400001
0.000389601
0.399999
0.000389671
0.399997
0.000389808
0.399993
0.000390056
0.399986
0.000390499
0.399974
0.000391286
0.399954
0.000392732
0.39992
0.000395389
0.399868
0.00040028
0.399787
0.399705
7.29217e-05
0.391087
9.24906e-05
0.393203
0.000108134
0.395313
0.000118638
0.396987
0.000125333
0.398154
0.000129462
0.398925
0.000131918
0.399429
0.000133259
0.399751
0.000133869
0.399952
0.000134015
0.400071
0.000133881
0.400138
0.000133588
0.400169
0.00013322
0.400178
0.000132826
0.400174
0.000132439
0.400162
0.000132076
0.400147
0.000131745
0.40013
0.000131452
0.400113
0.000131196
0.400097
0.000130975
0.400083
0.000130787
0.40007
0.000130628
0.400059
0.000130494
0.400049
0.000130382
0.400041
0.000130289
0.400034
0.000130213
0.400028
0.000130149
0.400023
0.000130097
0.400019
0.000130054
0.400015
0.000130019
0.400012
0.00012999
0.40001
0.000129967
0.400008
0.000129948
0.400007
0.000129933
0.400005
0.00012992
0.400004
0.000129911
0.400004
0.000129902
0.400003
0.000129896
0.400002
0.00012989
0.400002
0.000129886
0.400001
0.000129883
0.400001
0.00012988
0.400001
0.000129878
0.400001
0.000129876
0.400001
0.000129875
0.4
0.000129874
0.4
0.000129873
0.4
0.000129872
0.4
0.000129872
0.4
0.000129871
0.4
0.000129871
0.4
0.000129871
0.4
0.00012987
0.4
0.00012987
0.4
0.00012987
0.4
0.00012987
0.4
0.00012987
0.4
0.00012987
0.4
0.00012987
0.4
0.00012987
0.4
0.00012987
0.4
0.00012987
0.4
0.00012987
0.4
0.00012987
0.4
0.00012987
0.4
0.00012987
0.4
0.000129869
0.4
0.00012987
0.4
0.000129869
0.4
0.000129869
0.4
0.000129869
0.4
0.000129869
0.4
0.000129869
0.4
0.000129869
0.4
0.000129869
0.4
0.000129868
0.4
0.000129868
0.4
0.000129867
0.4
0.000129867
0.4
0.000129866
0.4
0.000129865
0.4
0.000129863
0.400001
0.000129862
0.400001
0.00012986
0.400001
0.000129857
0.400001
0.000129855
0.400001
0.000129853
0.400001
0.000129851
0.400001
0.000129851
0.400001
0.000129856
0.400001
0.000129867
0.399999
0.000129891
0.399997
0.000129936
0.399993
0.00013002
0.399986
0.000130169
0.399973
0.000130433
0.399953
0.000130919
0.39992
0.000131812
0.399867
0.000133456
0.399786
0.399703
-7.29101e-05
0.391106
-9.24831e-05
0.393222
-0.000108126
0.395329
-0.000118635
0.396998
-0.000125329
0.39816
-0.000129456
0.398929
-0.000131914
0.399431
-0.000133257
0.399752
-0.000133869
0.399952
-0.000134015
0.400072
-0.00013388
0.400137
-0.000133588
0.400169
-0.00013322
0.400178
-0.000132826
0.400174
-0.000132439
0.400162
-0.000132075
0.400147
-0.000131745
0.40013
-0.000131452
0.400113
-0.000131196
0.400097
-0.000130976
0.400083
-0.000130787
0.40007
-0.000130628
0.400059
-0.000130495
0.400049
-0.000130383
0.400041
-0.00013029
0.400034
-0.000130213
0.400028
-0.00013015
0.400023
-0.000130097
0.400019
-0.000130055
0.400015
-0.00013002
0.400012
-0.000129991
0.40001
-0.000129968
0.400008
-0.000129949
0.400007
-0.000129934
0.400005
-0.000129922
0.400004
-0.000129911
0.400003
-0.000129904
0.400003
-0.000129897
0.400002
-0.000129892
0.400002
-0.000129887
0.400001
-0.000129884
0.400001
-0.000129881
0.400001
-0.000129879
0.400001
-0.000129877
0.400001
-0.000129876
0.4
-0.000129875
0.4
-0.000129874
0.4
-0.000129873
0.4
-0.000129873
0.4
-0.000129872
0.4
-0.000129872
0.4
-0.000129872
0.4
-0.000129871
0.4
-0.000129871
0.4
-0.000129871
0.4
-0.000129871
0.4
-0.000129871
0.4
-0.000129871
0.4
-0.000129871
0.4
-0.000129871
0.4
-0.000129871
0.4
-0.00012987
0.4
-0.000129871
0.4
-0.00012987
0.4
-0.000129871
0.4
-0.00012987
0.4
-0.000129871
0.4
-0.00012987
0.4
-0.000129871
0.4
-0.00012987
0.4
-0.00012987
0.4
-0.00012987
0.4
-0.00012987
0.4
-0.00012987
0.4
-0.00012987
0.4
-0.000129869
0.4
-0.000129869
0.4
-0.000129868
0.4
-0.000129868
0.4
-0.000129867
0.4
-0.000129866
0.4
-0.000129864
0.400001
-0.000129863
0.400001
-0.000129861
0.400001
-0.000129858
0.400001
-0.000129856
0.400001
-0.000129854
0.400001
-0.000129852
0.400001
-0.000129853
0.400001
-0.000129857
0.400001
-0.000129868
0.399999
-0.000129892
0.399997
-0.000129938
0.399993
-0.000130021
0.399986
-0.00013017
0.399974
-0.000130434
0.399954
-0.00013092
0.39992
-0.000131813
0.399868
-0.000133457
0.399787
0.399705
-0.000219021
0.391163
-0.00027779
0.393281
-0.000324665
0.395376
-0.000356113
0.397029
-0.000376136
0.39818
-0.000388476
0.398941
-0.000395816
0.399438
-0.000399819
0.399756
-0.000401636
0.399954
-0.000402063
0.400072
-0.000401651
0.400137
-0.000400771
0.400168
-0.000399662
0.400177
-0.000398479
0.400172
-0.000397316
0.400161
-0.000396224
0.400145
-0.000395234
0.400129
-0.000394354
0.400112
-0.000393587
0.400096
-0.000392925
0.400082
-0.00039236
0.400069
-0.000391883
0.400058
-0.000391482
0.400049
-0.000391147
0.40004
-0.000390868
0.400033
-0.000390637
0.400027
-0.000390447
0.400023
-0.000390291
0.400018
-0.000390163
0.400015
-0.000390058
0.400012
-0.000389973
0.40001
-0.000389903
0.400008
-0.000389847
0.400007
-0.0003898
0.400005
-0.000389763
0.400004
-0.000389733
0.400003
-0.000389709
0.400003
-0.000389689
0.400002
-0.000389674
0.400002
-0.000389661
0.400001
-0.000389651
0.400001
-0.000389643
0.400001
-0.000389636
0.400001
-0.000389631
0.400001
-0.000389627
0.4
-0.000389624
0.4
-0.000389621
0.4
-0.000389619
0.4
-0.000389617
0.4
-0.000389616
0.4
-0.000389615
0.4
-0.000389614
0.4
-0.000389613
0.4
-0.000389613
0.4
-0.000389612
0.4
-0.000389612
0.4
-0.000389612
0.4
-0.000389611
0.4
-0.000389611
0.4
-0.000389611
0.4
-0.000389611
0.4
-0.000389611
0.4
-0.000389611
0.4
-0.000389611
0.4
-0.000389611
0.4
-0.000389611
0.4
-0.000389611
0.4
-0.00038961
0.4
-0.000389611
0.4
-0.00038961
0.4
-0.00038961
0.4
-0.00038961
0.4
-0.000389609
0.4
-0.000389609
0.4
-0.000389608
0.4
-0.000389607
0.4
-0.000389606
0.4
-0.000389604
0.4
-0.000389602
0.4
-0.000389599
0.4
-0.000389596
0.4
-0.000389592
0.400001
-0.000389587
0.400001
-0.000389581
0.400001
-0.000389574
0.400001
-0.000389567
0.400001
-0.00038956
0.400001
-0.000389556
0.400001
-0.000389557
0.400001
-0.000389569
0.400001
-0.000389602
0.399999
-0.000389673
0.399997
-0.000389809
0.399993
-0.000390057
0.399986
-0.0003905
0.399974
-0.000391287
0.399954
-0.000392733
0.399922
-0.00039539
0.39987
-0.000400281
0.399792
0.399713
-0.000365978
0.391259
-0.000464099
0.393379
-0.000542038
0.395454
-0.0005942
0.397081
-0.000627376
0.398214
-0.000647802
0.398962
-0.000659927
0.39945
-0.000666522
0.399762
-0.000669494
0.399957
-0.000670167
0.400073
-0.000669454
0.400136
-0.000667969
0.400166
-0.000666111
0.400175
-0.000664132
0.40017
-0.000662189
0.400159
-0.000660368
0.400144
-0.000658716
0.400127
-0.00065725
0.400111
-0.00065597
0.400095
-0.000654868
0.400081
-0.000653928
0.400068
-0.000653133
0.400057
-0.000652465
0.400048
-0.000651907
0.40004
-0.000651443
0.400033
-0.000651059
0.400027
-0.000650743
0.400022
-0.000650483
0.400018
-0.000650269
0.400015
-0.000650095
0.400012
-0.000649953
0.40001
-0.000649837
0.400008
-0.000649743
0.400006
-0.000649666
0.400005
-0.000649605
0.400004
-0.000649555
0.400003
-0.000649514
0.400003
-0.000649482
0.400002
-0.000649456
0.400002
-0.000649435
0.400001
-0.000649418
0.400001
-0.000649404
0.400001
-0.000649394
0.400001
-0.000649385
0.400001
-0.000649378
0.4
-0.000649372
0.4
-0.000649368
0.4
-0.000649364
0.4
-0.000649362
0.4
-0.000649359
0.4
-0.000649358
0.4
-0.000649356
0.4
-0.000649355
0.4
-0.000649354
0.4
-0.000649354
0.4
-0.000649353
0.4
-0.000649353
0.4
-0.000649352
0.4
-0.000649352
0.4
-0.000649352
0.4
-0.000649351
0.4
-0.000649351
0.4
-0.000649351
0.4
-0.000649351
0.4
-0.000649351
0.4
-0.000649351
0.4
-0.000649351
0.4
-0.00064935
0.4
-0.00064935
0.4
-0.00064935
0.4
-0.00064935
0.4
-0.000649349
0.4
-0.000649348
0.4
-0.000649347
0.4
-0.000649346
0.4
-0.000649344
0.4
-0.000649343
0.4
-0.00064934
0.4
-0.000649336
0.4
-0.000649332
0.4
-0.000649326
0.4
-0.000649319
0.4
-0.000649311
0.400001
-0.000649301
0.400001
-0.00064929
0.400001
-0.000649277
0.400001
-0.000649266
0.400001
-0.000649258
0.400001
-0.00064926
0.400001
-0.000649279
0.400001
-0.000649333
0.4
-0.000649449
0.399997
-0.000649672
0.399993
-0.000650079
0.399986
-0.000650807
0.399975
-0.000652097
0.399956
-0.000654468
0.399924
-0.000658822
0.399875
-0.000666844
0.3998
0.399725
-0.000514381
0.391395
-0.000652096
0.393517
-0.000760805
0.395563
-0.000833301
0.397154
-0.000879335
0.39826
-0.000907634
0.39899
-0.000924386
0.399467
-0.000933455
0.399772
-0.0009375
0.399961
-0.000938363
0.400074
-0.000937311
0.400135
-0.000935196
0.400164
-0.00093257
0.400172
-0.000929786
0.400168
-0.000927056
0.400156
-0.000924502
0.400141
-0.000922187
0.400125
-0.000920134
0.400109
-0.000918343
0.400093
-0.000916801
0.40008
-0.000915486
0.400067
-0.000914374
0.400056
-0.000913441
0.400047
-0.000912661
0.400039
-0.000912013
0.400032
-0.000911477
0.400027
-0.000911035
0.400022
-0.000910671
0.400018
-0.000910373
0.400015
-0.00091013
0.400012
-0.000909931
0.40001
-0.000909769
0.400008
-0.000909638
0.400006
-0.000909531
0.400005
-0.000909445
0.400004
-0.000909375
0.400003
-0.000909319
0.400003
-0.000909274
0.400002
-0.000909237
0.400002
-0.000909208
0.400001
-0.000909184
0.400001
-0.000909165
0.400001
-0.00090915
0.400001
-0.000909138
0.400001
-0.000909129
0.4
-0.000909121
0.4
-0.000909115
0.4
-0.00090911
0.4
-0.000909106
0.4
-0.000909103
0.4
-0.0009091
0.4
-0.000909098
0.4
-0.000909097
0.4
-0.000909096
0.4
-0.000909095
0.4
-0.000909094
0.4
-0.000909093
0.4
-0.000909093
0.4
-0.000909093
0.4
-0.000909092
0.4
-0.000909092
0.4
-0.000909092
0.4
-0.000909091
0.4
-0.000909091
0.4
-0.000909091
0.4
-0.000909091
0.4
-0.000909091
0.4
-0.00090909
0.4
-0.00090909
0.4
-0.00090909
0.4
-0.000909089
0.4
-0.000909088
0.4
-0.000909088
0.4
-0.000909086
0.4
-0.000909085
0.4
-0.000909082
0.4
-0.000909079
0.4
-0.000909075
0.4
-0.000909071
0.4
-0.000909064
0.4
-0.000909057
0.4
-0.000909047
0.4
-0.000909035
0.400001
-0.000909021
0.400001
-0.000909005
0.400001
-0.000908988
0.400001
-0.000908972
0.400001
-0.000908961
0.400001
-0.000908961
0.400001
-0.000908987
0.400001
-0.00090906
0.4
-0.000909217
0.399997
-0.000909522
0.399994
-0.000910078
0.399987
-0.000911073
0.399976
-0.000912836
0.399957
-0.000916073
0.399927
-0.000922015
0.399881
-0.000932975
0.399811
0.399742
-0.000664883
0.391571
-0.000842491
0.393695
-0.000981527
0.395702
-0.00107382
0.397246
-0.0011323
0.398318
-0.00116817
0.399026
-0.00118933
0.399488
-0.00120071
0.399783
-0.00120571
0.399966
-0.00120668
0.400075
-0.00120524
0.400134
-0.00120246
0.400161
-0.00119904
0.400169
-0.00119544
0.400164
-0.00119191
0.400153
-0.00118862
0.400138
-0.00118564
0.400122
-0.001183
0.400106
-0.0011807
0.400091
-0.00117872
0.400078
-0.00117703
0.400065
-0.0011756
0.400055
-0.00117441
0.400046
-0.00117341
0.400038
-0.00117258
0.400031
-0.00117189
0.400026
-0.00117132
0.400021
-0.00117085
0.400017
-0.00117047
0.400014
-0.00117016
0.400012
-0.00116991
0.400009
-0.0011697
0.400008
-0.00116953
0.400006
-0.00116939
0.400005
-0.00116928
0.400004
-0.00116919
0.400003
-0.00116912
0.400003
-0.00116906
0.400002
-0.00116902
0.400002
-0.00116898
0.400001
-0.00116895
0.400001
-0.00116893
0.400001
-0.00116891
0.400001
-0.00116889
0.400001
-0.00116888
0.4
-0.00116887
0.4
-0.00116886
0.4
-0.00116886
0.4
-0.00116885
0.4
-0.00116885
0.4
-0.00116884
0.4
-0.00116884
0.4
-0.00116884
0.4
-0.00116884
0.4
-0.00116884
0.4
-0.00116883
0.4
-0.00116883
0.4
-0.00116883
0.4
-0.00116883
0.4
-0.00116883
0.4
-0.00116883
0.4
-0.00116883
0.4
-0.00116883
0.4
-0.00116883
0.4
-0.00116883
0.4
-0.00116883
0.4
-0.00116883
0.4
-0.00116883
0.4
-0.00116883
0.4
-0.00116883
0.4
-0.00116883
0.4
-0.00116883
0.4
-0.00116883
0.4
-0.00116882
0.4
-0.00116882
0.4
-0.00116882
0.4
-0.00116882
0.4
-0.00116881
0.4
-0.00116881
0.4
-0.0011688
0.4
-0.00116879
0.4
-0.00116877
0.4
-0.00116876
0.400001
-0.00116874
0.400001
-0.00116872
0.400001
-0.0011687
0.400001
-0.00116868
0.400001
-0.00116866
0.400001
-0.00116866
0.400001
-0.00116869
0.400001
-0.00116878
0.4
-0.00116898
0.399998
-0.00116935
0.399994
-0.00117005
0.399988
-0.00117128
0.399977
-0.00117348
0.39996
-0.0011775
0.399931
-0.00118488
0.399888
-0.00119851
0.399825
0.399763
-0.000818219
0.391789
-0.00103603
0.393912
-0.00120477
0.39587
-0.00131616
0.397357
-0.00138654
0.398389
-0.00142961
0.399069
-0.00145488
0.399514
-0.00146837
0.399796
-0.00147419
0.399972
-0.00147517
0.400076
-0.00147326
0.400132
-0.00146977
0.400158
-0.00146553
0.400164
-0.00146109
0.40016
-0.00145676
0.400148
-0.00145273
0.400134
-0.00144908
0.400118
-0.00144585
0.400103
-0.00144304
0.400088
-0.00144062
0.400075
-0.00143856
0.400063
-0.00143682
0.400053
-0.00143536
0.400044
-0.00143414
0.400037
-0.00143313
0.40003
-0.00143229
0.400025
-0.0014316
0.400021
-0.00143103
0.400017
-0.00143057
0.400014
-0.00143019
0.400011
-0.00142988
0.400009
-0.00142963
0.400007
-0.00142942
0.400006
-0.00142926
0.400005
-0.00142912
0.400004
-0.00142901
0.400003
-0.00142893
0.400003
-0.00142885
0.400002
-0.0014288
0.400002
-0.00142875
0.400001
-0.00142872
0.400001
-0.00142869
0.400001
-0.00142866
0.400001
-0.00142864
0.400001
-0.00142863
0.4
-0.00142862
0.4
-0.00142861
0.4
-0.0014286
0.4
-0.00142859
0.4
-0.00142859
0.4
-0.00142859
0.4
-0.00142858
0.4
-0.00142858
0.4
-0.00142858
0.4
-0.00142858
0.4
-0.00142858
0.4
-0.00142857
0.4
-0.00142857
0.4
-0.00142857
0.4
-0.00142857
0.4
-0.00142857
0.4
-0.00142857
0.4
-0.00142857
0.4
-0.00142857
0.4
-0.00142857
0.4
-0.00142857
0.4
-0.00142857
0.4
-0.00142857
0.4
-0.00142857
0.4
-0.00142857
0.4
-0.00142857
0.4
-0.00142857
0.4
-0.00142857
0.4
-0.00142856
0.4
-0.00142856
0.4
-0.00142856
0.4
-0.00142855
0.4
-0.00142855
0.4
-0.00142854
0.4
-0.00142853
0.4
-0.00142852
0.4
-0.0014285
0.4
-0.00142848
0.400001
-0.00142846
0.400001
-0.00142844
0.400001
-0.00142841
0.400001
-0.00142838
0.400001
-0.00142836
0.400001
-0.00142836
0.400001
-0.00142839
0.400001
-0.00142849
0.4
-0.00142872
0.399998
-0.00142916
0.399994
-0.00142997
0.399989
-0.00143143
0.399978
-0.001434
0.399962
-0.00143871
0.399936
-0.00144733
0.399897
-0.00146329
0.399841
0.399788
-0.000975232
0.392052
-0.00123349
0.394171
-0.0014311
0.396068
-0.00156072
0.397487
-0.00164235
0.39847
-0.00169214
0.399119
-0.00172118
0.399543
-0.00173653
0.399812
-0.00174297
0.399978
-0.00174384
0.400076
-0.00174139
0.400129
-0.00173713
0.400153
-0.00173205
0.400159
-0.00172674
0.400154
-0.00172159
0.400143
-0.00171681
0.400129
-0.00171249
0.400114
-0.00170867
0.400099
-0.00170535
0.400085
-0.0017025
0.400072
-0.00170007
0.400061
-0.00169802
0.400051
-0.0016963
0.400043
-0.00169486
0.400035
-0.00169367
0.400029
-0.00169268
0.400024
-0.00169187
0.40002
-0.0016912
0.400016
-0.00169066
0.400013
-0.00169021
0.400011
-0.00168985
0.400009
-0.00168955
0.400007
-0.00168931
0.400006
-0.00168911
0.400005
-0.00168896
0.400004
-0.00168883
0.400003
-0.00168873
0.400002
-0.00168864
0.400002
-0.00168858
0.400002
-0.00168852
0.400001
-0.00168848
0.400001
-0.00168845
0.400001
-0.00168842
0.400001
-0.0016884
0.400001
-0.00168838
0.4
-0.00168836
0.4
-0.00168835
0.4
-0.00168834
0.4
-0.00168834
0.4
-0.00168833
0.4
-0.00168833
0.4
-0.00168832
0.4
-0.00168832
0.4
-0.00168832
0.4
-0.00168832
0.4
-0.00168832
0.4
-0.00168831
0.4
-0.00168831
0.4
-0.00168831
0.4
-0.00168831
0.4
-0.00168831
0.4
-0.00168831
0.4
-0.00168831
0.4
-0.00168831
0.4
-0.00168831
0.4
-0.00168831
0.4
-0.00168831
0.4
-0.00168831
0.4
-0.00168831
0.4
-0.00168831
0.4
-0.00168831
0.4
-0.00168831
0.4
-0.0016883
0.4
-0.0016883
0.4
-0.0016883
0.4
-0.00168829
0.4
-0.00168829
0.4
-0.00168828
0.4
-0.00168827
0.4
-0.00168826
0.4
-0.00168825
0.4
-0.00168823
0.4
-0.00168821
0.400001
-0.00168818
0.400001
-0.00168815
0.400001
-0.00168812
0.400001
-0.00168809
0.400001
-0.00168806
0.400001
-0.00168805
0.400001
-0.00168809
0.400001
-0.0016882
0.4
-0.00168845
0.399998
-0.00168894
0.399995
-0.00168986
0.399989
-0.00169149
0.39998
-0.00169438
0.399965
-0.00169966
0.399941
-0.0017093
0.399906
-0.00172717
0.399859
0.399816
-0.00113691
0.392363
-0.00143572
0.39447
-0.00166109
0.396293
-0.00180788
0.397634
-0.00189998
0.398562
-0.00195593
0.399175
-0.00198834
0.399575
-0.00200525
0.399829
-0.00201212
0.399985
-0.00201273
0.400077
-0.00200964
0.400126
-0.00200456
0.400148
-0.00199857
0.400153
-0.00199239
0.400148
-0.00198641
0.400137
-0.00198086
0.400123
-0.00197587
0.400109
-0.00197146
0.400095
-0.00196763
0.400081
-0.00196435
0.400069
-0.00196155
0.400058
-0.00195919
0.400049
-0.00195721
0.400041
-0.00195556
0.400034
-0.00195419
0.400028
-0.00195306
0.400023
-0.00195213
0.400019
-0.00195136
0.400015
-0.00195074
0.400013
-0.00195022
0.40001
-0.00194981
0.400008
-0.00194947
0.400007
-0.00194919
0.400005
-0.00194897
0.400004
-0.00194879
0.400004
-0.00194864
0.400003
-0.00194852
0.400002
-0.00194843
0.400002
-0.00194835
0.400001
-0.00194829
0.400001
-0.00194824
0.400001
-0.0019482
0.400001
-0.00194817
0.400001
-0.00194814
0.4
-0.00194812
0.4
-0.00194811
0.4
-0.0019481
0.4
-0.00194809
0.4
-0.00194808
0.4
-0.00194807
0.4
-0.00194807
0.4
-0.00194806
0.4
-0.00194806
0.4
-0.00194806
0.4
-0.00194805
0.4
-0.00194805
0.4
-0.00194805
0.4
-0.00194805
0.4
-0.00194805
0.4
-0.00194805
0.4
-0.00194805
0.4
-0.00194805
0.4
-0.00194805
0.4
-0.00194805
0.4
-0.00194805
0.4
-0.00194805
0.4
-0.00194805
0.4
-0.00194805
0.4
-0.00194805
0.4
-0.00194804
0.4
-0.00194804
0.4
-0.00194804
0.4
-0.00194804
0.4
-0.00194804
0.4
-0.00194803
0.4
-0.00194803
0.4
-0.00194802
0.4
-0.00194801
0.4
-0.001948
0.4
-0.00194799
0.4
-0.00194798
0.4
-0.00194795
0.4
-0.00194793
0.400001
-0.0019479
0.400001
-0.00194786
0.400001
-0.00194782
0.400001
-0.00194779
0.400001
-0.00194775
0.400001
-0.00194774
0.400001
-0.00194777
0.400001
-0.00194789
0.4
-0.00194816
0.399998
-0.00194869
0.399996
-0.00194968
0.39999
-0.00195146
0.399982
-0.0019546
0.399968
-0.00196031
0.399947
-0.00197072
0.399917
-0.00199002
0.399878
0.399846
-0.00130444
0.392723
-0.0016436
0.394809
-0.00189531
0.396545
-0.00205802
0.397797
-0.00215969
0.398664
-0.00222117
0.399236
-0.00225647
0.39961
-0.0022746
0.399847
-0.00228166
0.399992
-0.00228186
0.400077
-0.00227802
0.400123
-0.00227204
0.400142
-0.00226512
0.400146
-0.00225802
0.400141
-0.00225119
0.40013
-0.00224488
0.400117
-0.00223921
0.400103
-0.00223421
0.40009
-0.00222988
0.400077
-0.00222616
0.400065
-0.002223
0.400055
-0.00222033
0.400046
-0.0022181
0.400038
-0.00221624
0.400032
-0.0022147
0.400026
-0.00221342
0.400022
-0.00221237
0.400018
-0.00221151
0.400015
-0.0022108
0.400012
-0.00221022
0.40001
-0.00220975
0.400008
-0.00220937
0.400006
-0.00220906
0.400005
-0.00220881
0.400004
-0.00220861
0.400003
-0.00220844
0.400003
-0.00220831
0.400002
-0.0022082
0.400002
-0.00220812
0.400001
-0.00220805
0.400001
-0.00220799
0.400001
-0.00220795
0.400001
-0.00220792
0.400001
-0.00220789
0.4
-0.00220786
0.4
-0.00220785
0.4
-0.00220783
0.4
-0.00220782
0.4
-0.00220781
0.4
-0.0022078
0.4
-0.0022078
0.4
-0.00220779
0.4
-0.00220779
0.4
-0.00220779
0.4
-0.00220779
0.4
-0.00220778
0.4
-0.00220778
0.4
-0.00220778
0.4
-0.00220778
0.4
-0.00220778
0.4
-0.00220778
0.4
-0.00220778
0.4
-0.00220778
0.4
-0.00220778
0.4
-0.00220778
0.4
-0.00220778
0.4
-0.00220778
0.4
-0.00220778
0.4
-0.00220778
0.4
-0.00220777
0.4
-0.00220777
0.4
-0.00220777
0.4
-0.00220777
0.4
-0.00220777
0.4
-0.00220776
0.4
-0.00220776
0.4
-0.00220775
0.4
-0.00220774
0.4
-0.00220773
0.4
-0.00220772
0.4
-0.0022077
0.4
-0.00220767
0.4
-0.00220764
0.400001
-0.00220761
0.400001
-0.00220757
0.400001
-0.00220753
0.400001
-0.00220748
0.400001
-0.00220744
0.400001
-0.00220742
0.400001
-0.00220745
0.400001
-0.00220756
0.4
-0.00220784
0.399999
-0.0022084
0.399996
-0.00220945
0.399991
-0.00221133
0.399984
-0.00221464
0.399972
-0.00222064
0.399953
-0.00223153
0.399928
-0.00225171
0.399898
0.399878
-0.00147922
0.393139
-0.00185806
0.395188
-0.00213432
0.396821
-0.00231152
0.397974
-0.00242172
0.398774
-0.002488
0.399303
-0.00252566
0.399648
-0.00254464
0.399866
-0.00255163
0.399999
-0.00255123
0.400077
-0.00254653
0.400118
-0.00253957
0.400135
-0.00253167
0.400139
-0.00252362
0.400133
-0.00251593
0.400123
-0.00250884
0.40011
-0.00250249
0.400097
-0.0024969
0.400084
-0.00249206
0.400072
-0.00248792
0.400061
-0.0024844
0.400051
-0.00248143
0.400043
-0.00247895
0.400036
-0.00247688
0.40003
-0.00247516
0.400025
-0.00247374
0.40002
-0.00247258
0.400017
-0.00247162
0.400014
-0.00247084
0.400011
-0.0024702
0.400009
-0.00246968
0.400007
-0.00246925
0.400006
-0.00246891
0.400005
-0.00246863
0.400004
-0.00246841
0.400003
-0.00246822
0.400003
-0.00246808
0.400002
-0.00246796
0.400002
-0.00246787
0.400001
-0.00246779
0.400001
-0.00246773
0.400001
-0.00246768
0.400001
-0.00246764
0.400001
-0.00246761
0.4
-0.00246758
0.4
-0.00246756
0.4
-0.00246755
0.4
-0.00246754
0.4
-0.00246753
0.4
-0.00246752
0.4
-0.00246751
0.4
-0.00246751
0.4
-0.0024675
0.4
-0.0024675
0.4
-0.0024675
0.4
-0.0024675
0.4
-0.00246749
0.4
-0.00246749
0.4
-0.00246749
0.4
-0.00246749
0.4
-0.00246749
0.4
-0.00246749
0.4
-0.00246749
0.4
-0.00246749
0.4
-0.00246749
0.4
-0.00246749
0.4
-0.00246749
0.4
-0.00246749
0.4
-0.00246749
0.4
-0.00246748
0.4
-0.00246748
0.4
-0.00246748
0.4
-0.00246748
0.4
-0.00246748
0.4
-0.00246747
0.4
-0.00246747
0.4
-0.00246746
0.4
-0.00246745
0.4
-0.00246744
0.4
-0.00246742
0.4
-0.0024674
0.4
-0.00246737
0.4
-0.00246734
0.4
-0.0024673
0.400001
-0.00246726
0.400001
-0.00246721
0.400001
-0.00246715
0.400001
-0.00246711
0.400001
-0.00246708
0.400001
-0.0024671
0.400001
-0.00246721
0.4
-0.00246749
0.399999
-0.00246806
0.399997
-0.00246914
0.399993
-0.00247108
0.399986
-0.00247449
0.399975
-0.00248062
0.399959
-0.00249169
0.399939
-0.00251215
0.399918
0.39991
-0.00166292
0.393613
-0.00208008
0.395605
-0.00237864
0.39712
-0.0025687
0.398164
-0.00268626
0.398892
-0.00275654
0.399373
-0.00279597
0.399687
-0.00281539
0.399885
-0.00282202
0.400006
-0.00282083
0.400076
-0.00281514
0.400112
-0.00280712
0.400127
-0.00279817
0.40013
-0.00278915
0.400124
-0.00278057
0.400114
-0.0027727
0.400102
-0.00276567
0.40009
-0.00275949
0.400078
-0.00275415
0.400067
-0.00274958
0.400057
-0.0027457
0.400048
-0.00274244
0.40004
-0.00273971
0.400033
-0.00273743
0.400027
-0.00273555
0.400023
-0.00273399
0.400019
-0.00273271
0.400015
-0.00273167
0.400013
-0.00273081
0.40001
-0.00273011
0.400008
-0.00272953
0.400007
-0.00272907
0.400005
-0.00272869
0.400004
-0.00272839
0.400004
-0.00272814
0.400003
-0.00272794
0.400002
-0.00272778
0.400002
-0.00272765
0.400002
-0.00272755
0.400001
-0.00272747
0.400001
-0.0027274
0.400001
-0.00272735
0.400001
-0.00272731
0.4
-0.00272727
0.4
-0.00272725
0.4
-0.00272722
0.4
-0.00272721
0.4
-0.00272719
0.4
-0.00272718
0.4
-0.00272717
0.4
-0.00272717
0.4
-0.00272716
0.4
-0.00272716
0.4
-0.00272715
0.4
-0.00272715
0.4
-0.00272715
0.4
-0.00272715
0.4
-0.00272715
0.4
-0.00272714
0.4
-0.00272714
0.4
-0.00272714
0.4
-0.00272714
0.4
-0.00272714
0.4
-0.00272714
0.4
-0.00272714
0.4
-0.00272714
0.4
-0.00272714
0.4
-0.00272714
0.4
-0.00272714
0.4
-0.00272714
0.4
-0.00272714
0.4
-0.00272713
0.4
-0.00272713
0.4
-0.00272713
0.4
-0.00272712
0.4
-0.00272712
0.4
-0.00272711
0.4
-0.0027271
0.4
-0.00272708
0.4
-0.00272707
0.4
-0.00272704
0.4
-0.00272701
0.4
-0.00272698
0.4
-0.00272694
0.400001
-0.00272689
0.400001
-0.00272683
0.400001
-0.00272677
0.400001
-0.00272671
0.400001
-0.00272667
0.400001
-0.00272668
0.400001
-0.00272678
0.4
-0.00272705
0.399999
-0.00272762
0.399997
-0.0027287
0.399994
-0.00273066
0.399988
-0.00273409
0.399978
-0.00274021
0.399965
-0.00275114
0.39995
-0.00277121
0.399939
0.399941
-0.00185748
0.394151
-0.00231059
0.396058
-0.00262874
0.397438
-0.00282978
0.398365
-0.00295342
0.399015
-0.0030268
0.399446
-0.00306736
0.399728
-0.00308677
0.399905
-0.00309274
0.400012
-0.00309056
0.400073
-0.00308374
0.400105
-0.00307457
0.400118
-0.00306452
0.40012
-0.00305449
0.400114
-0.003045
0.400105
-0.00303634
0.400094
-0.00302862
0.400082
-0.00302185
0.400071
-0.00301601
0.400061
-0.00301102
0.400052
-0.00300679
0.400043
-0.00300323
0.400036
-0.00300026
0.40003
-0.00299779
0.400025
-0.00299574
0.400021
-0.00299405
0.400017
-0.00299266
0.400014
-0.00299152
0.400011
-0.00299059
0.400009
-0.00298983
0.400008
-0.00298921
0.400006
-0.00298871
0.400005
-0.0029883
0.400004
-0.00298797
0.400003
-0.0029877
0.400003
-0.00298749
0.400002
-0.00298731
0.400002
-0.00298717
0.400001
-0.00298706
0.400001
-0.00298697
0.400001
-0.0029869
0.400001
-0.00298684
0.400001
-0.0029868
0.4
-0.00298676
0.4
-0.00298673
0.4
-0.00298671
0.4
-0.00298669
0.4
-0.00298667
0.4
-0.00298666
0.4
-0.00298665
0.4
-0.00298664
0.4
-0.00298664
0.4
-0.00298663
0.4
-0.00298663
0.4
-0.00298663
0.4
-0.00298663
0.4
-0.00298662
0.4
-0.00298662
0.4
-0.00298662
0.4
-0.00298662
0.4
-0.00298662
0.4
-0.00298662
0.4
-0.00298662
0.4
-0.00298662
0.4
-0.00298662
0.4
-0.00298662
0.4
-0.00298662
0.4
-0.00298661
0.4
-0.00298661
0.4
-0.00298661
0.4
-0.00298661
0.4
-0.00298661
0.4
-0.00298661
0.4
-0.0029866
0.4
-0.0029866
0.4
-0.00298659
0.4
-0.00298658
0.4
-0.00298657
0.4
-0.00298656
0.4
-0.00298654
0.4
-0.00298651
0.4
-0.00298648
0.4
-0.00298644
0.4
-0.0029864
0.4
-0.00298634
0.400001
-0.00298627
0.400001
-0.00298621
0.400001
-0.00298614
0.400001
-0.00298609
0.400001
-0.00298608
0.400001
-0.00298617
0.4
-0.00298642
0.4
-0.00298697
0.399998
-0.00298804
0.399995
-0.00298996
0.39999
-0.00299334
0.399982
-0.00299928
0.399971
-0.00300975
0.39996
-0.00302874
0.399958
0.39997
-0.00206499
0.394759
-0.0025504
0.396543
-0.00288481
0.397772
-0.00309474
0.398575
-0.00322304
0.399144
-0.00329855
0.399522
-0.00333956
0.399769
-0.00335848
0.399923
-0.00336346
0.400017
-0.00336007
0.40007
-0.00335197
0.400097
-0.00334156
0.400108
-0.00333035
0.400108
-0.00331928
0.400103
-0.00330886
0.400094
-0.0032994
0.400084
-0.00329098
0.400074
-0.00328363
0.400064
-0.00327729
0.400054
-0.00327189
0.400046
-0.00326731
0.400039
-0.00326347
0.400032
-0.00326026
0.400027
-0.00325759
0.400022
-0.00325538
0.400018
-0.00325356
0.400015
-0.00325206
0.400012
-0.00325083
0.40001
-0.00324983
0.400008
-0.00324901
0.400007
-0.00324835
0.400005
-0.00324781
0.400004
-0.00324737
0.400004
-0.00324701
0.400003
-0.00324673
0.400002
-0.0032465
0.400002
-0.00324631
0.400002
-0.00324616
0.400001
-0.00324604
0.400001
-0.00324594
0.400001
-0.00324587
0.400001
-0.0032458
0.4
-0.00324576
0.4
-0.00324572
0.4
-0.00324569
0.4
-0.00324566
0.4
-0.00324564
0.4
-0.00324562
0.4
-0.00324561
0.4
-0.0032456
0.4
-0.00324559
0.4
-0.00324559
0.4
-0.00324558
0.4
-0.00324558
0.4
-0.00324558
0.4
-0.00324557
0.4
-0.00324557
0.4
-0.00324557
0.4
-0.00324557
0.4
-0.00324557
0.4
-0.00324557
0.4
-0.00324557
0.4
-0.00324557
0.4
-0.00324557
0.4
-0.00324557
0.4
-0.00324556
0.4
-0.00324556
0.4
-0.00324556
0.4
-0.00324556
0.4
-0.00324556
0.4
-0.00324556
0.4
-0.00324556
0.4
-0.00324555
0.4
-0.00324555
0.4
-0.00324554
0.4
-0.00324554
0.4
-0.00324553
0.4
-0.00324552
0.4
-0.0032455
0.4
-0.00324548
0.4
-0.00324545
0.4
-0.00324542
0.4
-0.00324538
0.4
-0.00324533
0.4
-0.00324526
0.400001
-0.00324519
0.400001
-0.00324512
0.400001
-0.00324504
0.400001
-0.00324497
0.400001
-0.00324495
0.400001
-0.00324501
0.4
-0.00324524
0.4
-0.00324576
0.399998
-0.00324678
0.399996
-0.00324864
0.399991
-0.00325188
0.399985
-0.00325751
0.399977
-0.00326721
0.39997
-0.00328438
0.399975
0.399996
-0.00228728
0.395441
-0.00279965
0.397056
-0.00314635
0.398119
-0.00336282
0.398791
-0.00349423
0.399275
-0.00357083
0.399598
-0.00361156
0.39981
-0.00362949
0.399941
-0.00363313
0.400021
-0.0036283
0.400065
-0.00361877
0.400088
-0.00360702
0.400096
-0.0035946
0.400096
-0.00358244
0.400091
-0.00357109
0.400083
-0.00356081
0.400074
-0.0035517
0.400065
-0.00354377
0.400056
-0.00353694
0.400048
-0.00353112
0.40004
-0.0035262
0.400034
-0.00352208
0.400028
-0.00351863
0.400024
-0.00351578
0.400019
-0.00351341
0.400016
-0.00351146
0.400013
-0.00350986
0.400011
-0.00350855
0.400009
-0.00350748
0.400007
-0.0035066
0.400006
-0.00350589
0.400005
-0.00350532
0.400004
-0.00350485
0.400003
-0.00350447
0.400003
-0.00350417
0.400002
-0.00350392
0.400002
-0.00350372
0.400001
-0.00350356
0.400001
-0.00350343
0.400001
-0.00350333
0.400001
-0.00350325
0.400001
-0.00350318
0.4
-0.00350313
0.4
-0.00350309
0.4
-0.00350306
0.4
-0.00350303
0.4
-0.00350301
0.4
-0.00350299
0.4
-0.00350298
0.4
-0.00350297
0.4
-0.00350296
0.4
-0.00350295
0.4
-0.00350295
0.4
-0.00350295
0.4
-0.00350294
0.4
-0.00350294
0.4
-0.00350294
0.4
-0.00350294
0.4
-0.00350293
0.4
-0.00350293
0.4
-0.00350293
0.4
-0.00350293
0.4
-0.00350293
0.4
-0.00350293
0.4
-0.00350293
0.4
-0.00350293
0.4
-0.00350293
0.4
-0.00350293
0.4
-0.00350293
0.4
-0.00350293
0.4
-0.00350292
0.4
-0.00350292
0.4
-0.00350292
0.4
-0.00350291
0.4
-0.00350291
0.4
-0.0035029
0.4
-0.00350289
0.4
-0.00350288
0.4
-0.00350286
0.4
-0.00350284
0.4
-0.00350281
0.4
-0.00350277
0.4
-0.00350273
0.4
-0.00350267
0.4
-0.00350261
0.4
-0.00350253
0.400001
-0.00350244
0.400001
-0.00350235
0.400001
-0.00350227
0.400001
-0.00350223
0.400001
-0.00350226
0.400001
-0.00350245
0.4
-0.00350293
0.399999
-0.00350388
0.399997
-0.00350564
0.399993
-0.00350869
0.399988
-0.00351387
0.399982
-0.00352249
0.399978
-0.00353708
0.399989
0.400017
-0.00252447
0.396198
-0.00305656
0.397588
-0.00341069
0.398473
-0.00363105
0.399012
-0.00376393
0.399408
-0.00384051
0.399675
-0.00388021
0.399849
-0.00389663
0.399958
-0.00389859
0.400023
-0.00389209
0.400059
-0.00388098
0.400077
-0.00386779
0.400083
-0.00385409
0.400082
-0.00384082
0.400077
-0.0038285
0.40007
-0.0038174
0.400063
-0.0038076
0.400055
-0.00379908
0.400047
-0.00379177
0.40004
-0.00378554
0.400034
-0.00378029
0.400029
-0.00377589
0.400024
-0.00377222
0.40002
-0.00376918
0.400016
-0.00376666
0.400014
-0.00376459
0.400011
-0.00376289
0.400009
-0.0037615
0.400007
-0.00376036
0.400006
-0.00375943
0.400005
-0.00375868
0.400004
-0.00375807
0.400003
-0.00375757
0.400003
-0.00375717
0.400002
-0.00375685
0.400002
-0.00375659
0.400001
-0.00375638
0.400001
-0.00375621
0.400001
-0.00375608
0.400001
-0.00375597
0.400001
-0.00375588
0.4
-0.00375581
0.4
-0.00375576
0.4
-0.00375571
0.4
-0.00375568
0.4
-0.00375565
0.4
-0.00375563
0.4
-0.00375561
0.4
-0.0037556
0.4
-0.00375559
0.4
-0.00375558
0.4
-0.00375557
0.4
-0.00375556
0.4
-0.00375556
0.4
-0.00375556
0.4
-0.00375555
0.4
-0.00375555
0.4
-0.00375555
0.4
-0.00375555
0.4
-0.00375555
0.4
-0.00375555
0.4
-0.00375555
0.4
-0.00375555
0.4
-0.00375555
0.4
-0.00375554
0.4
-0.00375554
0.4
-0.00375554
0.4
-0.00375554
0.4
-0.00375554
0.4
-0.00375554
0.4
-0.00375554
0.4
-0.00375553
0.4
-0.00375553
0.4
-0.00375553
0.4
-0.00375552
0.4
-0.00375551
0.4
-0.0037555
0.4
-0.00375549
0.4
-0.00375547
0.4
-0.00375545
0.4
-0.00375542
0.4
-0.00375538
0.4
-0.00375533
0.4
-0.00375527
0.4
-0.0037552
0.4
-0.00375512
0.4
-0.00375502
0.400001
-0.00375491
0.400001
-0.00375482
0.400001
-0.00375475
0.400001
-0.00375475
0.400001
-0.0037549
0.4
-0.00375531
0.399999
-0.00375618
0.399998
-0.0037578
0.399995
-0.00376061
0.399991
-0.00376522
0.399987
-0.0037725
0.399986
-0.00378378
0.400001
0.400032
-0.00277078
0.397026
-0.00331318
0.39813
-0.00366876
0.398829
-0.00389004
0.399233
-0.00402268
0.399541
-0.0040981
0.39975
-0.004136
0.399887
-0.00415038
0.399972
-0.00415031
0.400022
-0.00414189
0.40005
-0.00412906
0.400064
-0.00411434
0.400068
-0.0040993
0.400067
-0.00408488
0.400063
-0.00407159
0.400057
-0.00405966
0.400051
-0.00404917
0.400044
-0.00404007
0.400038
-0.00403227
0.400033
-0.00402565
0.400027
-0.00402008
0.400023
-0.00401541
0.400019
-0.00401152
0.400016
-0.0040083
0.400013
-0.00400564
0.400011
-0.00400344
0.400009
-0.00400165
0.400007
-0.00400018
0.400006
-0.00399898
0.400005
-0.003998
0.400004
-0.0039972
0.400003
-0.00399656
0.400003
-0.00399604
0.400002
-0.00399562
0.400002
-0.00399528
0.400001
-0.003995
0.400001
-0.00399478
0.400001
-0.00399461
0.400001
-0.00399446
0.400001
-0.00399435
0.4
-0.00399426
0.4
-0.00399419
0.4
-0.00399413
0.4
-0.00399408
0.4
-0.00399405
0.4
-0.00399402
0.4
-0.00399399
0.4
-0.00399398
0.4
-0.00399396
0.4
-0.00399395
0.4
-0.00399394
0.4
-0.00399393
0.4
-0.00399393
0.4
-0.00399392
0.4
-0.00399392
0.4
-0.00399392
0.4
-0.00399392
0.4
-0.00399391
0.4
-0.00399391
0.4
-0.00399391
0.4
-0.00399391
0.4
-0.00399391
0.4
-0.00399391
0.4
-0.00399391
0.4
-0.00399391
0.4
-0.00399391
0.4
-0.00399391
0.4
-0.0039939
0.4
-0.0039939
0.4
-0.0039939
0.4
-0.0039939
0.4
-0.0039939
0.4
-0.00399389
0.4
-0.00399389
0.4
-0.00399388
0.4
-0.00399387
0.4
-0.00399386
0.4
-0.00399385
0.4
-0.00399383
0.4
-0.00399381
0.4
-0.00399378
0.4
-0.00399373
0.4
-0.00399368
0.4
-0.00399362
0.4
-0.00399354
0.4
-0.00399345
0.4
-0.00399334
0.4
-0.00399322
0.400001
-0.00399311
0.400001
-0.00399301
0.400001
-0.00399298
0.4
-0.00399308
0.4
-0.00399342
0.4
-0.00399418
0.399998
-0.00399564
0.399996
-0.00399816
0.399993
-0.00400214
0.399991
-0.00400788
0.399991
-0.00401514
0.400008
0.40004
-0.00300165
0.397903
-0.00354288
0.398671
-0.00389229
0.399178
-0.00411119
0.399452
-0.00424184
0.399671
-0.00431495
0.399824
-0.00435029
0.399923
-0.00436212
0.399984
-0.00435968
0.40002
-0.00434913
0.40004
-0.00433443
0.400049
-0.00431809
0.400052
-0.00430168
0.400051
-0.00428608
0.400047
-0.0042718
0.400043
-0.00425905
0.400038
-0.00424787
0.400033
-0.0042382
0.400028
-0.00422993
0.400024
-0.00422293
0.40002
-0.00421704
0.400017
-0.00421211
0.400014
-0.00420801
0.400012
-0.00420462
0.40001
-0.00420182
0.400008
-0.00419951
0.400007
-0.00419762
0.400005
-0.00419608
0.400004
-0.00419482
0.400004
-0.00419379
0.400003
-0.00419296
0.400002
-0.00419229
0.400002
-0.00419174
0.400002
-0.0041913
0.400001
-0.00419094
0.400001
-0.00419066
0.400001
-0.00419043
0.400001
-0.00419024
0.400001
-0.00419009
0.4
-0.00418998
0.4
-0.00418988
0.4
-0.0041898
0.4
-0.00418974
0.4
-0.0041897
0.4
-0.00418966
0.4
-0.00418963
0.4
-0.0041896
0.4
-0.00418959
0.4
-0.00418957
0.4
-0.00418956
0.4
-0.00418955
0.4
-0.00418954
0.4
-0.00418954
0.4
-0.00418953
0.4
-0.00418953
0.4
-0.00418952
0.4
-0.00418952
0.4
-0.00418952
0.4
-0.00418952
0.4
-0.00418952
0.4
-0.00418952
0.4
-0.00418952
0.4
-0.00418952
0.4
-0.00418951
0.4
-0.00418951
0.4
-0.00418951
0.4
-0.00418951
0.4
-0.00418951
0.4
-0.00418951
0.4
-0.00418951
0.4
-0.00418951
0.4
-0.0041895
0.4
-0.0041895
0.4
-0.0041895
0.4
-0.00418949
0.4
-0.00418948
0.4
-0.00418947
0.4
-0.00418945
0.4
-0.00418943
0.4
-0.00418941
0.4
-0.00418938
0.4
-0.00418933
0.4
-0.00418928
0.4
-0.00418921
0.4
-0.00418913
0.4
-0.00418903
0.4
-0.00418891
0.4
-0.00418878
0.4
-0.00418864
0.4
-0.00418852
0.4
-0.00418844
0.4
-0.00418848
0.4
-0.00418874
0.4
-0.00418938
0.399999
-0.00419065
0.399998
-0.00419286
0.399996
-0.00419618
0.399994
-0.00420029
0.399996
-0.00420302
0.400011
0.40004
-0.00313605
0.398781
-0.00366252
0.399198
-0.00399562
0.399511
-0.00420844
0.399665
-0.00433544
0.399798
-0.00440511
0.399893
-0.00443719
0.399955
-0.00444598
0.399993
-0.00444088
0.400015
-0.00442803
0.400027
-0.00441137
0.400032
-0.00439337
0.400034
-0.00437555
0.400033
-0.00435879
0.400031
-0.00434353
0.400028
-0.00432997
0.400024
-0.00431812
0.400021
-0.00430791
0.400018
-0.00429919
0.400016
-0.00429182
0.400013
-0.00428563
0.400011
-0.00428046
0.400009
-0.00427616
0.400008
-0.00427261
0.400006
-0.00426968
0.400005
-0.00426727
0.400004
-0.0042653
0.400003
-0.00426368
0.400003
-0.00426237
0.400002
-0.0042613
0.400002
-0.00426043
0.400002
-0.00425973
0.400001
-0.00425916
0.400001
-0.0042587
0.400001
-0.00425834
0.400001
-0.00425804
0.400001
-0.0042578
0.4
-0.00425761
0.4
-0.00425745
0.4
-0.00425733
0.4
-0.00425723
0.4
-0.00425715
0.4
-0.00425709
0.4
-0.00425704
0.4
-0.004257
0.4
-0.00425697
0.4
-0.00425695
0.4
-0.00425693
0.4
-0.00425691
0.4
-0.0042569
0.4
-0.00425689
0.4
-0.00425688
0.4
-0.00425688
0.4
-0.00425687
0.4
-0.00425687
0.4
-0.00425686
0.4
-0.00425686
0.4
-0.00425686
0.4
-0.00425686
0.4
-0.00425686
0.4
-0.00425686
0.4
-0.00425686
0.4
-0.00425686
0.4
-0.00425685
0.4
-0.00425685
0.4
-0.00425685
0.4
-0.00425685
0.4
-0.00425685
0.4
-0.00425685
0.4
-0.00425685
0.4
-0.00425685
0.4
-0.00425684
0.4
-0.00425684
0.4
-0.00425683
0.4
-0.00425683
0.4
-0.00425682
0.4
-0.00425681
0.4
-0.00425679
0.4
-0.00425677
0.4
-0.00425675
0.4
-0.00425671
0.4
-0.00425667
0.4
-0.00425661
0.4
-0.00425654
0.4
-0.00425645
0.4
-0.00425634
0.4
-0.00425622
0.4
-0.00425607
0.4
-0.00425591
0.4
-0.00425576
0.4
-0.00425564
0.4
-0.00425561
0.4
-0.00425577
0.4
-0.00425628
0.399999
-0.00425736
0.399999
-0.00425925
0.399997
-0.00426193
0.399997
-0.00426449
0.399998
-0.00426275
0.400009
0.400031
-0.00292535
0.39956
-0.003417
0.399689
-0.00372104
0.399815
-0.00392374
0.399867
-0.00404557
0.39992
-0.00411067
0.399958
-0.00413893
0.399983
-0.00414437
0.399998
-0.00413648
0.400007
-0.0041213
0.400012
-0.0041027
0.400014
-0.0040831
0.400014
-0.00406395
0.400014
-0.00404609
0.400013
-0.00402993
0.400012
-0.00401563
0.40001
-0.00400318
0.400009
-0.00399247
0.400008
-0.00398336
0.400006
-0.00397567
0.400005
-0.00396921
0.400005
-0.00396383
0.400004
-0.00395937
0.400003
-0.00395568
0.400003
-0.00395264
0.400002
-0.00395014
0.400002
-0.0039481
0.400001
-0.00394643
0.400001
-0.00394507
0.400001
-0.00394397
0.400001
-0.00394308
0.400001
-0.00394235
0.400001
-0.00394177
0.4
-0.00394129
0.4
-0.00394091
0.4
-0.00394061
0.4
-0.00394036
0.4
-0.00394017
0.4
-0.00394001
0.4
-0.00393988
0.4
-0.00393978
0.4
-0.0039397
0.4
-0.00393964
0.4
-0.00393959
0.4
-0.00393955
0.4
-0.00393951
0.4
-0.00393949
0.4
-0.00393947
0.4
-0.00393945
0.4
-0.00393944
0.4
-0.00393943
0.4
-0.00393942
0.4
-0.00393942
0.4
-0.00393941
0.4
-0.00393941
0.4
-0.0039394
0.4
-0.0039394
0.4
-0.0039394
0.4
-0.0039394
0.4
-0.0039394
0.4
-0.0039394
0.4
-0.0039394
0.4
-0.0039394
0.4
-0.00393939
0.4
-0.00393939
0.4
-0.00393939
0.4
-0.00393939
0.4
-0.00393939
0.4
-0.00393939
0.4
-0.00393939
0.4
-0.00393939
0.4
-0.00393938
0.4
-0.00393938
0.4
-0.00393937
0.4
-0.00393937
0.4
-0.00393936
0.4
-0.00393935
0.4
-0.00393933
0.4
-0.00393931
0.4
-0.00393928
0.4
-0.00393925
0.4
-0.0039392
0.4
-0.00393914
0.4
-0.00393907
0.4
-0.00393898
0.4
-0.00393886
0.4
-0.00393872
0.4
-0.00393856
0.4
-0.00393838
0.4
-0.0039382
0.4
-0.00393803
0.4
-0.00393794
0.4
-0.00393801
0.4
-0.00393838
0.4
-0.00393925
0.4
-0.00394084
0.399999
-0.00394297
0.399999
-0.00394434
0.399999
-0.00393947
0.400004
0.400014
-0.00184791
-0.00215846
-0.00234314
-0.0024758
-0.00255573
-0.00259744
-0.00261442
-0.00261614
-0.00260912
-0.0025974
-0.00258359
-0.0025693
-0.00255549
-0.0025427
-0.00253119
-0.00252105
-0.00251224
-0.00250469
-0.00249827
-0.00249287
-0.00248834
-0.00248457
-0.00248145
-0.00247887
-0.00247674
-0.002475
-0.00247358
-0.00247242
-0.00247147
-0.00247071
-0.00247008
-0.00246958
-0.00246917
-0.00246885
-0.00246858
-0.00246837
-0.0024682
-0.00246807
-0.00246796
-0.00246787
-0.0024678
-0.00246774
-0.0024677
-0.00246767
-0.00246764
-0.00246762
-0.0024676
-0.00246758
-0.00246757
-0.00246756
-0.00246756
-0.00246755
-0.00246755
-0.00246754
-0.00246754
-0.00246754
-0.00246754
-0.00246754
-0.00246754
-0.00246754
-0.00246753
-0.00246753
-0.00246753
-0.00246753
-0.00246753
-0.00246753
-0.00246753
-0.00246753
-0.00246753
-0.00246753
-0.00246753
-0.00246752
-0.00246752
-0.00246752
-0.00246751
-0.00246751
-0.0024675
-0.00246749
-0.00246747
-0.00246746
-0.00246743
-0.0024674
-0.00246736
-0.00246731
-0.00246724
-0.00246716
-0.00246706
-0.00246694
-0.00246681
-0.00246667
-0.00246653
-0.00246643
-0.00246643
-0.0024666
-0.00246709
-0.00246803
-0.00246926
-0.00246981
-0.00246584
)
;

boundaryField
{
    inlet
    {
        type            calculated;
        value           nonuniform List<scalar> 
40
(
-0.00140814
-0.00214589
-0.00225853
-0.00212394
-0.00194342
-0.0017674
-0.00160554
-0.00145702
-0.00131893
-0.00118859
-0.00106399
-0.000943696
-0.000826684
-0.00071221
-0.000599718
-0.000488767
-0.000379001
-0.000270114
-0.000161834
-5.39112e-05
5.38945e-05
0.000161818
0.000270098
0.000378986
0.000488753
0.000599705
0.000712199
0.000826674
0.000943689
0.00106399
0.00118859
0.00131893
0.00145702
0.00160554
0.00176741
0.00194343
0.00212395
0.00225854
0.0021459
0.00140816
)
;
    }
    outlet
    {
        type            calculated;
        value           nonuniform List<scalar> 
40
(
0.00245182
0.00392279
0.00425354
0.00420261
0.00402307
0.00379901
0.00355834
0.00331029
0.00305793
0.00280235
0.00254402
0.00228321
0.00202013
0.00175503
0.00148813
0.0012197
0.00094999
0.000679284
0.000407859
0.000136001
-0.000136002
-0.00040786
-0.000679285
-0.000949991
-0.0012197
-0.00148813
-0.00175503
-0.00202013
-0.00228321
-0.00254402
-0.00280235
-0.00305793
-0.00331029
-0.00355834
-0.00379901
-0.00402307
-0.00420261
-0.00425354
-0.00392279
-0.00245182
)
;
    }
    lowerWall
    {
        type            calculated;
        value           nonuniform List<scalar> 
100
(
-0.4
-0.4
-0.4
-0.4
-0.4
-0.4
-0.4
-0.4
-0.4
-0.4
-0.4
-0.4
-0.4
-0.4
-0.4
-0.4
-0.4
-0.4
-0.4
-0.4
-0.4
-0.4
-0.4
-0.4
-0.4
-0.4
-0.4
-0.4
-0.4
-0.4
-0.4
-0.4
-0.4
-0.4
-0.4
-0.4
-0.4
-0.4
-0.4
-0.4
-0.4
-0.4
-0.4
-0.4
-0.4
-0.4
-0.4
-0.4
-0.4
-0.4
-0.4
-0.4
-0.4
-0.4
-0.4
-0.4
-0.4
-0.4
-0.4
-0.4
-0.4
-0.4
-0.4
-0.4
-0.4
-0.4
-0.4
-0.4
-0.4
-0.4
-0.4
-0.4
-0.4
-0.4
-0.4
-0.4
-0.4
-0.4
-0.4
-0.4
-0.4
-0.4
-0.4
-0.4
-0.4
-0.4
-0.4
-0.4
-0.4
-0.4
-0.4
-0.4
-0.4
-0.4
-0.4
-0.4
-0.4
-0.4
-0.4
-0.4
)
;
    }
    upperWall
    {
        type            calculated;
        value           nonuniform List<scalar> 
100
(
0.4
0.4
0.4
0.4
0.4
0.4
0.4
0.4
0.4
0.4
0.4
0.4
0.4
0.4
0.4
0.4
0.4
0.4
0.4
0.4
0.4
0.4
0.4
0.4
0.4
0.4
0.4
0.4
0.4
0.4
0.4
0.4
0.4
0.4
0.4
0.4
0.4
0.4
0.4
0.4
0.4
0.4
0.4
0.4
0.4
0.4
0.4
0.4
0.4
0.4
0.4
0.4
0.4
0.4
0.4
0.4
0.4
0.4
0.4
0.4
0.4
0.4
0.4
0.4
0.4
0.4
0.4
0.4
0.4
0.4
0.4
0.4
0.4
0.4
0.4
0.4
0.4
0.4
0.4
0.4
0.4
0.4
0.4
0.4
0.4
0.4
0.4
0.4
0.4
0.4
0.4
0.4
0.4
0.4
0.4
0.4
0.4
0.4
0.4
0.4
)
;
    }
    frontAndBack
    {
        type            empty;
        value           nonuniform 0();
    }
}


// ************************************************************************* //
