/*--------------------------------*- C++ -*----------------------------------*\
| =========                 |                                                 |
| \\      /  F ield         | OpenFOAM: The Open Source CFD Toolbox           |
|  \\    /   O peration     | Version:  2.3.0                                 |
|   \\  /    A nd           | Web:      www.OpenFOAM.org                      |
|    \\/     M anipulation  |                                                 |
\*---------------------------------------------------------------------------*/
FoamFile
{
    version     2.0;
    format      ascii;
    class       volVectorField;
    location    "2";
    object      U;
}
// * * * * * * * * * * * * * * * * * * * * * * * * * * * * * * * * * * * * * //

dimensions      [0 1 -1 0 0 0 0];

internalField   nonuniform List<vector> 
4000
(
(0.537552 0.0563964 0)
(0.55218 0.00359618 0)
(0.517062 -0.00176453 0)
(0.522885 -0.00200107 0)
(0.521069 -0.00213059 0)
(0.522 -0.00203749 0)
(0.521391 -0.00204461 0)
(0.521239 -0.00203475 0)
(0.520895 -0.00204423 0)
(0.520686 -0.00204821 0)
(0.520479 -0.00205399 0)
(0.520324 -0.00205771 0)
(0.52019 -0.00206111 0)
(0.520081 -0.00206367 0)
(0.519988 -0.00206575 0)
(0.519911 -0.00206738 0)
(0.519846 -0.00206869 0)
(0.519791 -0.00206977 0)
(0.519744 -0.00207064 0)
(0.519704 -0.00207135 0)
(0.519669 -0.00207193 0)
(0.51964 -0.00207243 0)
(0.519615 -0.00207284 0)
(0.519593 -0.0020732 0)
(0.519575 -0.00207349 0)
(0.519559 -0.00207374 0)
(0.519546 -0.00207395 0)
(0.519535 -0.00207414 0)
(0.519526 -0.00207429 0)
(0.519518 -0.00207443 0)
(0.519511 -0.00207453 0)
(0.519506 -0.00207463 0)
(0.519501 -0.0020747 0)
(0.519497 -0.00207477 0)
(0.519494 -0.00207483 0)
(0.519492 -0.00207487 0)
(0.519489 -0.00207491 0)
(0.519488 -0.00207495 0)
(0.519486 -0.00207497 0)
(0.519485 -0.00207501 0)
(0.519484 -0.00207501 0)
(0.519484 -0.00207503 0)
(0.519483 -0.00207504 0)
(0.519482 -0.00207505 0)
(0.519482 -0.00207505 0)
(0.519482 -0.00207507 0)
(0.519481 -0.00207506 0)
(0.519481 -0.00207508 0)
(0.519481 -0.00207507 0)
(0.519481 -0.00207508 0)
(0.519481 -0.00207508 0)
(0.519481 -0.00207509 0)
(0.519481 -0.00207509 0)
(0.519481 -0.00207509 0)
(0.519481 -0.00207509 0)
(0.51948 -0.00207509 0)
(0.51948 -0.00207508 0)
(0.51948 -0.00207509 0)
(0.51948 -0.00207508 0)
(0.51948 -0.00207509 0)
(0.51948 -0.00207508 0)
(0.51948 -0.00207509 0)
(0.51948 -0.00207509 0)
(0.51948 -0.00207509 0)
(0.51948 -0.00207509 0)
(0.51948 -0.00207509 0)
(0.51948 -0.00207509 0)
(0.51948 -0.00207509 0)
(0.51948 -0.00207509 0)
(0.51948 -0.00207509 0)
(0.51948 -0.00207509 0)
(0.51948 -0.00207509 0)
(0.51948 -0.00207509 0)
(0.51948 -0.00207509 0)
(0.51948 -0.00207509 0)
(0.51948 -0.00207509 0)
(0.51948 -0.00207509 0)
(0.51948 -0.00207509 0)
(0.51948 -0.00207508 0)
(0.51948 -0.00207508 0)
(0.51948 -0.00207507 0)
(0.51948 -0.00207507 0)
(0.51948 -0.00207506 0)
(0.519479 -0.00207505 0)
(0.519479 -0.00207503 0)
(0.519478 -0.00207501 0)
(0.519478 -0.00207497 0)
(0.519476 -0.00207492 0)
(0.519475 -0.00207485 0)
(0.519472 -0.00207476 0)
(0.519469 -0.00207464 0)
(0.519464 -0.0020745 0)
(0.519458 -0.00207436 0)
(0.51945 -0.00207435 0)
(0.519443 -0.00207464 0)
(0.519436 -0.00207528 0)
(0.519442 -0.00207439 0)
(0.51936 -0.00206119 0)
(0.519228 -0.00202118 0)
(0.518638 -0.0021516 0)
(0.864908 0.128453 0)
(0.911564 0.0160027 0)
(0.861952 0.000986223 0)
(0.871339 -7.05607e-05 0)
(0.867949 -0.000504865 0)
(0.869534 -0.000190052 0)
(0.868573 -0.000201421 0)
(0.868402 -0.000163693 0)
(0.867888 -0.000193451 0)
(0.86759 -0.000206366 0)
(0.867286 -0.000225916 0)
(0.867059 -0.000238891 0)
(0.866861 -0.000251019 0)
(0.8667 -0.000260306 0)
(0.866564 -0.000267509 0)
(0.86645 -0.00027326 0)
(0.866354 -0.000277972 0)
(0.866272 -0.000281893 0)
(0.866202 -0.000285154 0)
(0.866142 -0.000287899 0)
(0.866091 -0.000290203 0)
(0.866047 -0.000292216 0)
(0.866009 -0.000293909 0)
(0.865977 -0.000295373 0)
(0.865949 -0.000296613 0)
(0.865925 -0.000297708 0)
(0.865905 -0.00029864 0)
(0.865888 -0.000299445 0)
(0.865873 -0.00030011 0)
(0.865861 -0.000300742 0)
(0.86585 -0.000301217 0)
(0.865842 -0.000301672 0)
(0.865835 -0.000302022 0)
(0.865828 -0.000302344 0)
(0.865823 -0.000302605 0)
(0.865819 -0.000302824 0)
(0.865816 -0.000302988 0)
(0.865813 -0.000303176 0)
(0.865811 -0.000303267 0)
(0.865809 -0.000303404 0)
(0.865807 -0.000303457 0)
(0.865806 -0.000303547 0)
(0.865805 -0.000303599 0)
(0.865804 -0.000303648 0)
(0.865803 -0.000303674 0)
(0.865803 -0.00030373 0)
(0.865802 -0.000303726 0)
(0.865802 -0.00030378 0)
(0.865802 -0.000303763 0)
(0.865801 -0.000303803 0)
(0.865801 -0.000303796 0)
(0.865801 -0.000303817 0)
(0.865801 -0.000303806 0)
(0.865801 -0.000303829 0)
(0.865801 -0.00030381 0)
(0.865801 -0.000303839 0)
(0.865801 -0.000303813 0)
(0.865801 -0.00030384 0)
(0.865801 -0.000303822 0)
(0.865801 -0.000303844 0)
(0.8658 -0.000303826 0)
(0.8658 -0.000303847 0)
(0.8658 -0.00030383 0)
(0.8658 -0.000303852 0)
(0.8658 -0.00030383 0)
(0.8658 -0.00030385 0)
(0.8658 -0.00030383 0)
(0.865801 -0.000303851 0)
(0.865801 -0.000303831 0)
(0.865801 -0.000303849 0)
(0.8658 -0.000303832 0)
(0.8658 -0.000303852 0)
(0.8658 -0.000303835 0)
(0.8658 -0.000303849 0)
(0.8658 -0.000303831 0)
(0.8658 -0.000303847 0)
(0.8658 -0.000303827 0)
(0.8658 -0.000303836 0)
(0.8658 -0.000303813 0)
(0.8658 -0.000303817 0)
(0.8658 -0.000303789 0)
(0.8658 -0.000303778 0)
(0.8658 -0.000303735 0)
(0.865799 -0.000303706 0)
(0.865799 -0.000303631 0)
(0.865798 -0.000303551 0)
(0.865796 -0.000303414 0)
(0.865795 -0.000303247 0)
(0.865792 -0.000302987 0)
(0.865788 -0.000302653 0)
(0.865783 -0.000302189 0)
(0.865776 -0.000301647 0)
(0.865767 -0.00030102 0)
(0.865754 -0.000300677 0)
(0.865742 -0.000300891 0)
(0.865724 -0.000301461 0)
(0.865718 -0.000293343 0)
(0.865546 -0.000239561 0)
(0.865253 -7.34358e-05 0)
(0.863186 -0.000219184 0)
(0.96032 0.135904 0)
(1.02534 0.0244306 0)
(0.976312 0.00334328 0)
(0.987397 0.000825623 0)
(0.983084 0.000103788 0)
(0.984983 0.000608739 0)
(0.983907 0.000614394 0)
(0.983811 0.00067801 0)
(0.983286 0.000629749 0)
(0.983008 0.000605618 0)
(0.982706 0.000571124 0)
(0.982486 0.000547463 0)
(0.982292 0.000525781 0)
(0.982135 0.000509073 0)
(0.982002 0.000495794 0)
(0.981891 0.000485181 0)
(0.981796 0.000476484 0)
(0.981716 0.00046925 0)
(0.981647 0.000463222 0)
(0.981588 0.000458133 0)
(0.981537 0.000453852 0)
(0.981493 0.000450125 0)
(0.981455 0.00044696 0)
(0.981423 0.000444207 0)
(0.981395 0.000441878 0)
(0.981371 0.000439836 0)
(0.98135 0.000438077 0)
(0.981333 0.000436552 0)
(0.981318 0.000435267 0)
(0.981305 0.00043407 0)
(0.981294 0.000433139 0)
(0.981285 0.000432263 0)
(0.981277 0.000431581 0)
(0.981271 0.000430959 0)
(0.981266 0.000430437 0)
(0.981261 0.00043 0)
(0.981257 0.000429671 0)
(0.981254 0.000429316 0)
(0.981252 0.000429112 0)
(0.98125 0.000428845 0)
(0.981248 0.000428726 0)
(0.981247 0.000428559 0)
(0.981246 0.000428452 0)
(0.981245 0.000428356 0)
(0.981244 0.000428302 0)
(0.981243 0.000428205 0)
(0.981243 0.000428199 0)
(0.981242 0.000428102 0)
(0.981242 0.000428122 0)
(0.981241 0.000428054 0)
(0.981241 0.000428057 0)
(0.981241 0.000428017 0)
(0.981241 0.000428026 0)
(0.981241 0.00042799 0)
(0.981241 0.000428016 0)
(0.981241 0.000427968 0)
(0.981241 0.000428009 0)
(0.98124 0.000427964 0)
(0.98124 0.000427992 0)
(0.98124 0.000427955 0)
(0.98124 0.000427978 0)
(0.98124 0.000427948 0)
(0.98124 0.000427973 0)
(0.98124 0.000427937 0)
(0.98124 0.000427971 0)
(0.98124 0.000427941 0)
(0.98124 0.000427974 0)
(0.98124 0.000427941 0)
(0.98124 0.00042797 0)
(0.98124 0.000427945 0)
(0.98124 0.000427972 0)
(0.98124 0.000427941 0)
(0.98124 0.000427966 0)
(0.98124 0.000427943 0)
(0.98124 0.000427971 0)
(0.98124 0.000427946 0)
(0.98124 0.000427975 0)
(0.98124 0.000427965 0)
(0.98124 0.000428004 0)
(0.98124 0.000428002 0)
(0.98124 0.000428051 0)
(0.98124 0.000428077 0)
(0.98124 0.000428158 0)
(0.981239 0.000428223 0)
(0.981238 0.00042836 0)
(0.981238 0.00042852 0)
(0.981236 0.00042878 0)
(0.981234 0.000429106 0)
(0.981232 0.0004296 0)
(0.981228 0.000430245 0)
(0.981223 0.000431145 0)
(0.981216 0.000432223 0)
(0.981206 0.000433541 0)
(0.981193 0.000434522 0)
(0.981179 0.00043519 0)
(0.981153 0.000436335 0)
(0.981132 0.000458771 0)
(0.980909 0.00056906 0)
(0.980543 0.000943102 0)
(0.977595 0.00117802 0)
(0.984975 0.123291 0)
(1.0595 0.028658 0)
(1.01374 0.00469227 0)
(1.0259 0.00070236 0)
(1.02098 -0.000183858 0)
(1.02309 0.000443836 0)
(1.02198 0.000481855 0)
(1.02198 0.000563679 0)
(1.0215 0.000501774 0)
(1.02127 0.000466347 0)
(1.021 0.000418345 0)
(1.02082 0.000384215 0)
(1.02065 0.000353235 0)
(1.02051 0.000328979 0)
(1.0204 0.000309861 0)
(1.0203 0.000294846 0)
(1.02022 0.00028257 0)
(1.02015 0.000272378 0)
(1.02009 0.000263879 0)
(1.02003 0.000256696 0)
(1.01999 0.000250637 0)
(1.01995 0.000245372 0)
(1.01992 0.000240883 0)
(1.01989 0.000236965 0)
(1.01986 0.000233633 0)
(1.01984 0.000230715 0)
(1.01982 0.000228181 0)
(1.01981 0.000225975 0)
(1.01979 0.000224126 0)
(1.01978 0.000222417 0)
(1.01977 0.000221065 0)
(1.01976 0.000219797 0)
(1.01976 0.000218797 0)
(1.01975 0.000217896 0)
(1.01974 0.000217125 0)
(1.01974 0.000216484 0)
(1.01974 0.000215992 0)
(1.01973 0.000215483 0)
(1.01973 0.000215173 0)
(1.01973 0.000214788 0)
(1.01973 0.000214602 0)
(1.01973 0.000214365 0)
(1.01973 0.000214201 0)
(1.01972 0.000214059 0)
(1.01972 0.000213969 0)
(1.01972 0.000213834 0)
(1.01972 0.000213813 0)
(1.01972 0.000213678 0)
(1.01972 0.000213694 0)
(1.01972 0.000213604 0)
(1.01972 0.000213601 0)
(1.01972 0.000213549 0)
(1.01972 0.000213553 0)
(1.01972 0.000213505 0)
(1.01972 0.000213534 0)
(1.01972 0.000213467 0)
(1.01972 0.000213513 0)
(1.01972 0.000213453 0)
(1.01972 0.000213484 0)
(1.01972 0.000213438 0)
(1.01972 0.000213463 0)
(1.01972 0.000213426 0)
(1.01972 0.000213458 0)
(1.01972 0.000213413 0)
(1.01972 0.000213456 0)
(1.01972 0.00021342 0)
(1.01972 0.000213462 0)
(1.01972 0.000213424 0)
(1.01972 0.000213457 0)
(1.01972 0.000213428 0)
(1.01972 0.000213461 0)
(1.01972 0.000213422 0)
(1.01972 0.000213452 0)
(1.01972 0.000213423 0)
(1.01972 0.000213457 0)
(1.01972 0.000213429 0)
(1.01972 0.000213463 0)
(1.01972 0.000213453 0)
(1.01972 0.000213505 0)
(1.01972 0.000213509 0)
(1.01972 0.000213576 0)
(1.01972 0.000213618 0)
(1.01972 0.000213734 0)
(1.01972 0.000213836 0)
(1.01972 0.000214034 0)
(1.01972 0.000214271 0)
(1.01972 0.000214646 0)
(1.01971 0.000215123 0)
(1.01971 0.000215839 0)
(1.01971 0.000216782 0)
(1.0197 0.000218102 0)
(1.0197 0.00021972 0)
(1.01969 0.000221797 0)
(1.01968 0.000223652 0)
(1.01966 0.000226067 0)
(1.01963 0.000230481 0)
(1.0196 0.000271499 0)
(1.01935 0.00044409 0)
(1.01899 0.00104964 0)
(1.01589 0.00176927 0)
(0.988581 0.109968 0)
(1.06796 0.0309668 0)
(1.02559 0.005699 0)
(1.0385 0.000550028 0)
(1.03316 -0.000405115 0)
(1.03544 0.00029905 0)
(1.03431 0.000370984 0)
(1.03442 0.000464033 0)
(1.03399 0.000392919 0)
(1.03382 0.00034815 0)
(1.0336 0.000289857 0)
(1.03345 0.000247556 0)
(1.03331 0.00020959 0)
(1.0332 0.00017979 0)
(1.03311 0.000156115 0)
(1.03303 0.000137424 0)
(1.03296 0.000122137 0)
(1.03291 0.000109442 0)
(1.03286 9.88369e-05 0)
(1.03281 8.98497e-05 0)
(1.03278 8.22373e-05 0)
(1.03275 7.56049e-05 0)
(1.03272 6.99093e-05 0)
(1.03269 6.4888e-05 0)
(1.03267 6.05696e-05 0)
(1.03265 5.67544e-05 0)
(1.03264 5.33796e-05 0)
(1.03262 5.04024e-05 0)
(1.03261 4.80669e-05 0)
(1.0326 4.59248e-05 0)
(1.03259 4.42131e-05 0)
(1.03259 4.26091e-05 0)
(1.03258 4.1332e-05 0)
(1.03257 4.01898e-05 0)
(1.03257 3.92011e-05 0)
(1.03257 3.83749e-05 0)
(1.03256 3.77354e-05 0)
(1.03256 3.70877e-05 0)
(1.03256 3.6679e-05 0)
(1.03256 3.6186e-05 0)
(1.03255 3.59328e-05 0)
(1.03255 3.5633e-05 0)
(1.03255 3.54164e-05 0)
(1.03255 3.52314e-05 0)
(1.03255 3.51122e-05 0)
(1.03255 3.49443e-05 0)
(1.03255 3.49102e-05 0)
(1.03255 3.47428e-05 0)
(1.03255 3.47518e-05 0)
(1.03255 3.46426e-05 0)
(1.03255 3.46319e-05 0)
(1.03255 3.4566e-05 0)
(1.03255 3.45618e-05 0)
(1.03255 3.45019e-05 0)
(1.03255 3.4531e-05 0)
(1.03255 3.4449e-05 0)
(1.03255 3.44968e-05 0)
(1.03255 3.44256e-05 0)
(1.03255 3.44577e-05 0)
(1.03255 3.44044e-05 0)
(1.03255 3.44295e-05 0)
(1.03255 3.43858e-05 0)
(1.03255 3.44236e-05 0)
(1.03255 3.43718e-05 0)
(1.03255 3.44211e-05 0)
(1.03255 3.43803e-05 0)
(1.03255 3.44294e-05 0)
(1.03255 3.43887e-05 0)
(1.03255 3.44262e-05 0)
(1.03255 3.43933e-05 0)
(1.03255 3.4433e-05 0)
(1.03255 3.43888e-05 0)
(1.03255 3.44226e-05 0)
(1.03255 3.4387e-05 0)
(1.03255 3.44265e-05 0)
(1.03255 3.43945e-05 0)
(1.03255 3.4433e-05 0)
(1.03255 3.44208e-05 0)
(1.03255 3.44832e-05 0)
(1.03255 3.44927e-05 0)
(1.03255 3.45755e-05 0)
(1.03255 3.46311e-05 0)
(1.03255 3.47763e-05 0)
(1.03255 3.49125e-05 0)
(1.03255 3.51619e-05 0)
(1.03254 3.54655e-05 0)
(1.03254 3.59419e-05 0)
(1.03254 3.65487e-05 0)
(1.03254 3.745e-05 0)
(1.03254 3.86453e-05 0)
(1.03253 4.03267e-05 0)
(1.03253 4.24301e-05 0)
(1.03252 4.52608e-05 0)
(1.03251 4.81498e-05 0)
(1.03249 5.31742e-05 0)
(1.03246 6.22845e-05 0)
(1.03242 0.000123547 0)
(1.03218 0.000349201 0)
(1.03186 0.00116819 0)
(1.02902 0.00229701 0)
(0.986404 0.0982876 0)
(1.06823 0.0321942 0)
(1.02897 0.00652554 0)
(1.04243 0.000505484 0)
(1.0368 -0.000469402 0)
(1.03922 0.000278989 0)
(1.03808 0.00038238 0)
(1.03829 0.00048122 0)
(1.03792 0.000405133 0)
(1.03782 0.000353869 0)
(1.03764 0.000289246 0)
(1.03753 0.000241995 0)
(1.03742 0.000200315 0)
(1.03734 0.000167915 0)
(1.03727 0.000141181 0)
(1.03721 0.0001197 0)
(1.03715 0.000102118 0)
(1.03711 8.75355e-05 0)
(1.03707 7.53533e-05 0)
(1.03704 6.5026e-05 0)
(1.03701 5.62699e-05 0)
(1.03698 4.86524e-05 0)
(1.03696 4.211e-05 0)
(1.03694 3.63254e-05 0)
(1.03693 3.13418e-05 0)
(1.03691 2.6952e-05 0)
(1.0369 2.30654e-05 0)
(1.03689 1.96291e-05 0)
(1.03688 1.69031e-05 0)
(1.03687 1.44078e-05 0)
(1.03686 1.23976e-05 0)
(1.03686 1.05108e-05 0)
(1.03685 8.99314e-06 0)
(1.03685 7.64488e-06 0)
(1.03684 6.46498e-06 0)
(1.03684 5.47015e-06 0)
(1.03684 4.69094e-06 0)
(1.03683 3.91321e-06 0)
(1.03683 3.40595e-06 0)
(1.03683 2.80185e-06 0)
(1.03683 2.46917e-06 0)
(1.03683 2.0994e-06 0)
(1.03683 1.81696e-06 0)
(1.03683 1.59437e-06 0)
(1.03683 1.44791e-06 0)
(1.03683 1.25274e-06 0)
(1.03682 1.20713e-06 0)
(1.03682 1.01278e-06 0)
(1.03682 1.01211e-06 0)
(1.03682 8.88989e-07 0)
(1.03682 8.69914e-07 0)
(1.03682 7.93896e-07 0)
(1.03682 7.80452e-07 0)
(1.03682 7.08678e-07 0)
(1.03682 7.36813e-07 0)
(1.03682 6.41336e-07 0)
(1.03682 6.87294e-07 0)
(1.03682 6.06488e-07 0)
(1.03682 6.37339e-07 0)
(1.03682 5.80022e-07 0)
(1.03682 6.03886e-07 0)
(1.03682 5.5505e-07 0)
(1.03682 5.97064e-07 0)
(1.03682 5.40925e-07 0)
(1.03682 5.94411e-07 0)
(1.03682 5.50561e-07 0)
(1.03682 6.0494e-07 0)
(1.03682 5.64725e-07 0)
(1.03682 6.04602e-07 0)
(1.03682 5.69001e-07 0)
(1.03682 6.13566e-07 0)
(1.03682 5.66835e-07 0)
(1.03682 6.02599e-07 0)
(1.03682 5.62683e-07 0)
(1.03682 6.04547e-07 0)
(1.03682 5.71847e-07 0)
(1.03682 6.122e-07 0)
(1.03682 5.98239e-07 0)
(1.03682 6.67337e-07 0)
(1.03682 6.82437e-07 0)
(1.03682 7.77506e-07 0)
(1.03682 8.44235e-07 0)
(1.03682 1.01195e-06 0)
(1.03682 1.17768e-06 0)
(1.03682 1.46886e-06 0)
(1.03682 1.82686e-06 0)
(1.03682 2.41557e-06 0)
(1.03682 3.15944e-06 0)
(1.03682 4.23683e-06 0)
(1.03682 5.65674e-06 0)
(1.03681 7.65468e-06 0)
(1.03681 1.0196e-05 0)
(1.0368 1.37604e-05 0)
(1.03679 1.77639e-05 0)
(1.03678 2.54783e-05 0)
(1.03674 3.92917e-05 0)
(1.0367 0.000119289 0)
(1.03647 0.000383874 0)
(1.03621 0.00139853 0)
(1.03382 0.00284681 0)
(0.983106 0.0876809 0)
(1.06611 0.032508 0)
(1.02959 0.00711835 0)
(1.04347 0.000482671 0)
(1.03762 -0.000481828 0)
(1.04015 0.000284771 0)
(1.03902 0.000418084 0)
(1.03933 0.000520664 0)
(1.039 0.000441859 0)
(1.03896 0.000385533 0)
(1.03883 0.000315957 0)
(1.03876 0.000264441 0)
(1.03868 0.000219234 0)
(1.03862 0.000184029 0)
(1.03857 0.000154927 0)
(1.03853 0.000131499 0)
(1.03849 0.000112337 0)
(1.03846 9.64752e-05 0)
(1.03844 8.32464e-05 0)
(1.03841 7.205e-05 0)
(1.03839 6.25711e-05 0)
(1.03837 5.43569e-05 0)
(1.03836 4.73367e-05 0)
(1.03834 4.11442e-05 0)
(1.03833 3.58369e-05 0)
(1.03832 3.12106e-05 0)
(1.03831 2.71617e-05 0)
(1.0383 2.35981e-05 0)
(1.03829 2.05828e-05 0)
(1.03829 1.78161e-05 0)
(1.03828 1.55744e-05 0)
(1.03827 1.34644e-05 0)
(1.03827 1.17505e-05 0)
(1.03827 1.02344e-05 0)
(1.03826 8.89766e-06 0)
(1.03826 7.75722e-06 0)
(1.03826 6.85319e-06 0)
(1.03826 5.95782e-06 0)
(1.03826 5.35851e-06 0)
(1.03825 4.64869e-06 0)
(1.03825 4.23394e-06 0)
(1.03825 3.80335e-06 0)
(1.03825 3.48361e-06 0)
(1.03825 3.22896e-06 0)
(1.03825 3.05822e-06 0)
(1.03825 2.84054e-06 0)
(1.03825 2.78672e-06 0)
(1.03825 2.57185e-06 0)
(1.03825 2.56057e-06 0)
(1.03825 2.42628e-06 0)
(1.03825 2.39877e-06 0)
(1.03825 2.31372e-06 0)
(1.03825 2.29167e-06 0)
(1.03825 2.20775e-06 0)
(1.03825 2.2345e-06 0)
(1.03825 2.12792e-06 0)
(1.03825 2.17094e-06 0)
(1.03825 2.0828e-06 0)
(1.03825 2.11149e-06 0)
(1.03825 2.05151e-06 0)
(1.03825 2.07441e-06 0)
(1.03825 2.0204e-06 0)
(1.03825 2.06575e-06 0)
(1.03825 2.00627e-06 0)
(1.03825 2.06254e-06 0)
(1.03825 2.01639e-06 0)
(1.03825 2.07452e-06 0)
(1.03825 2.03629e-06 0)
(1.03825 2.07872e-06 0)
(1.03825 2.04067e-06 0)
(1.03825 2.08964e-06 0)
(1.03825 2.04202e-06 0)
(1.03825 2.07938e-06 0)
(1.03825 2.03553e-06 0)
(1.03825 2.07817e-06 0)
(1.03825 2.04537e-06 0)
(1.03825 2.08688e-06 0)
(1.03825 2.07038e-06 0)
(1.03825 2.14358e-06 0)
(1.03825 2.16326e-06 0)
(1.03825 2.26841e-06 0)
(1.03825 2.34326e-06 0)
(1.03825 2.52721e-06 0)
(1.03825 2.71657e-06 0)
(1.03825 3.04081e-06 0)
(1.03825 3.44183e-06 0)
(1.03825 4.10225e-06 0)
(1.03824 4.97863e-06 0)
(1.03824 6.2148e-06 0)
(1.03824 7.82682e-06 0)
(1.03824 1.00925e-05 0)
(1.03824 1.30167e-05 0)
(1.03823 1.7269e-05 0)
(1.03822 2.23918e-05 0)
(1.03821 3.26043e-05 0)
(1.03818 5.0631e-05 0)
(1.03814 0.00014703 0)
(1.03794 0.000446113 0)
(1.03774 0.00162568 0)
(1.03587 0.0033129 0)
(0.980018 0.0779739 0)
(1.0635 0.0320555 0)
(1.02937 0.00746383 0)
(1.04356 0.000447821 0)
(1.03755 -0.000485564 0)
(1.04016 0.000280772 0)
(1.03904 0.000440654 0)
(1.03943 0.000544811 0)
(1.03916 0.000465577 0)
(1.03917 0.000405951 0)
(1.03908 0.000333352 0)
(1.03904 0.000278931 0)
(1.039 0.000231248 0)
(1.03896 0.000193959 0)
(1.03893 0.000163281 0)
(1.03891 0.000138607 0)
(1.03888 0.000118425 0)
(1.03887 0.000101731 0)
(1.03885 8.78126e-05 0)
(1.03883 7.60311e-05 0)
(1.03882 6.60473e-05 0)
(1.03881 5.73983e-05 0)
(1.0388 5.00184e-05 0)
(1.03879 4.3493e-05 0)
(1.03878 3.78899e-05 0)
(1.03877 3.30163e-05 0)
(1.03877 2.87563e-05 0)
(1.03876 2.49994e-05 0)
(1.03875 2.17841e-05 0)
(1.03875 1.88342e-05 0)
(1.03875 1.64379e-05 0)
(1.03874 1.4177e-05 0)
(1.03874 1.23267e-05 0)
(1.03874 1.06979e-05 0)
(1.03874 9.26024e-06 0)
(1.03873 8.02308e-06 0)
(1.03873 7.03808e-06 0)
(1.03873 6.07258e-06 0)
(1.03873 5.42403e-06 0)
(1.03873 4.66303e-06 0)
(1.03873 4.20783e-06 0)
(1.03873 3.75086e-06 0)
(1.03873 3.4131e-06 0)
(1.03873 3.12366e-06 0)
(1.03873 2.91939e-06 0)
(1.03872 2.68257e-06 0)
(1.03872 2.62364e-06 0)
(1.03872 2.39411e-06 0)
(1.03872 2.37193e-06 0)
(1.03872 2.22835e-06 0)
(1.03872 2.19245e-06 0)
(1.03872 2.09883e-06 0)
(1.03872 2.06824e-06 0)
(1.03872 1.97257e-06 0)
(1.03872 1.99758e-06 0)
(1.03872 1.88228e-06 0)
(1.03872 1.92164e-06 0)
(1.03872 1.82833e-06 0)
(1.03872 1.85433e-06 0)
(1.03872 1.79268e-06 0)
(1.03872 1.815e-06 0)
(1.03872 1.75615e-06 0)
(1.03872 1.80402e-06 0)
(1.03872 1.74207e-06 0)
(1.03872 1.80029e-06 0)
(1.03872 1.75252e-06 0)
(1.03872 1.81307e-06 0)
(1.03872 1.77778e-06 0)
(1.03872 1.82278e-06 0)
(1.03872 1.78257e-06 0)
(1.03872 1.83496e-06 0)
(1.03872 1.78766e-06 0)
(1.03872 1.82653e-06 0)
(1.03872 1.77932e-06 0)
(1.03872 1.82136e-06 0)
(1.03872 1.78885e-06 0)
(1.03872 1.83103e-06 0)
(1.03872 1.81163e-06 0)
(1.03872 1.88649e-06 0)
(1.03872 1.90941e-06 0)
(1.03872 2.02252e-06 0)
(1.03872 2.10375e-06 0)
(1.03872 2.29982e-06 0)
(1.03872 2.50772e-06 0)
(1.03872 2.85762e-06 0)
(1.03872 3.30814e-06 0)
(1.03872 4.00234e-06 0)
(1.03872 4.92886e-06 0)
(1.03872 6.24027e-06 0)
(1.03872 7.9607e-06 0)
(1.03872 1.0404e-05 0)
(1.03872 1.36195e-05 0)
(1.03871 1.84625e-05 0)
(1.0387 2.464e-05 0)
(1.03869 3.74717e-05 0)
(1.03867 5.97919e-05 0)
(1.03863 0.000170596 0)
(1.03847 0.00049601 0)
(1.03834 0.00179846 0)
(1.03701 0.00365051 0)
(0.977431 0.0691318 0)
(1.06097 0.030998 0)
(1.02893 0.007587 0)
(1.04334 0.00040412 0)
(1.03721 -0.000484351 0)
(1.03989 0.00026736 0)
(1.03878 0.000448932 0)
(1.03924 0.000552543 0)
(1.03901 0.000474963 0)
(1.03908 0.000413882 0)
(1.03902 0.000340355 0)
(1.03902 0.000284674 0)
(1.039 0.000235947 0)
(1.03899 0.000197715 0)
(1.03898 0.000166335 0)
(1.03897 0.000141098 0)
(1.03896 0.000120449 0)
(1.03895 0.000103374 0)
(1.03895 8.91364e-05 0)
(1.03894 7.70798e-05 0)
(1.03893 6.68472e-05 0)
(1.03893 5.79728e-05 0)
(1.03892 5.04095e-05 0)
(1.03892 4.36998e-05 0)
(1.03891 3.79174e-05 0)
(1.03891 3.28848e-05 0)
(1.03891 2.84843e-05 0)
(1.0389 2.45925e-05 0)
(1.0389 2.12662e-05 0)
(1.0389 1.82163e-05 0)
(1.0389 1.57392e-05 0)
(1.03889 1.33971e-05 0)
(1.03889 1.14689e-05 0)
(1.03889 9.77822e-06 0)
(1.03889 8.29134e-06 0)
(1.03889 7.00323e-06 0)
(1.03889 5.97706e-06 0)
(1.03889 4.98177e-06 0)
(1.03889 4.32021e-06 0)
(1.03888 3.55303e-06 0)
(1.03888 3.0927e-06 0)
(1.03888 2.63305e-06 0)
(1.03888 2.28327e-06 0)
(1.03888 1.97762e-06 0)
(1.03888 1.76204e-06 0)
(1.03888 1.51206e-06 0)
(1.03888 1.45048e-06 0)
(1.03888 1.21019e-06 0)
(1.03888 1.17657e-06 0)
(1.03888 1.02274e-06 0)
(1.03888 9.76197e-07 0)
(1.03888 8.72108e-07 0)
(1.03888 8.2973e-07 0)
(1.03888 7.22984e-07 0)
(1.03888 7.46285e-07 0)
(1.03888 6.24455e-07 0)
(1.03888 6.60268e-07 0)
(1.03888 5.63664e-07 0)
(1.03888 5.86916e-07 0)
(1.03888 5.23769e-07 0)
(1.03888 5.46077e-07 0)
(1.03888 4.82686e-07 0)
(1.03888 5.32287e-07 0)
(1.03888 4.68612e-07 0)
(1.03888 5.28179e-07 0)
(1.03888 4.79471e-07 0)
(1.03888 5.41232e-07 0)
(1.03888 5.09089e-07 0)
(1.03888 5.57137e-07 0)
(1.03888 5.15047e-07 0)
(1.03888 5.69923e-07 0)
(1.03888 5.23508e-07 0)
(1.03888 5.6416e-07 0)
(1.03888 5.14e-07 0)
(1.03888 5.5442e-07 0)
(1.03888 5.21956e-07 0)
(1.03888 5.64762e-07 0)
(1.03888 5.42349e-07 0)
(1.03888 6.17043e-07 0)
(1.03888 6.41607e-07 0)
(1.03888 7.60856e-07 0)
(1.03888 8.49845e-07 0)
(1.03888 1.06035e-06 0)
(1.03888 1.28522e-06 0)
(1.03888 1.6547e-06 0)
(1.03888 2.12383e-06 0)
(1.03888 2.83081e-06 0)
(1.03888 3.73981e-06 0)
(1.03888 5.05557e-06 0)
(1.03888 6.81037e-06 0)
(1.03888 9.34689e-06 0)
(1.03888 1.2759e-05 0)
(1.03887 1.80711e-05 0)
(1.03887 2.51676e-05 0)
(1.03886 4.03761e-05 0)
(1.03884 6.648e-05 0)
(1.03881 0.000188491 0)
(1.0387 0.00053029 0)
(1.03863 0.00191145 0)
(1.03784 0.00385966 0)
(0.975334 0.0610579 0)
(1.05871 0.0294623 0)
(1.02846 0.0075166 0)
(1.04304 0.000357968 0)
(1.03682 -0.000476558 0)
(1.03954 0.000248373 0)
(1.03844 0.000445791 0)
(1.03896 0.000547014 0)
(1.03878 0.000472761 0)
(1.0389 0.000411892 0)
(1.03887 0.000339297 0)
(1.0389 0.00028385 0)
(1.03891 0.000235379 0)
(1.03892 0.000197241 0)
(1.03892 0.00016597 0)
(1.03893 0.000140812 0)
(1.03893 0.000120222 0)
(1.03894 0.000103198 0)
(1.03894 8.90018e-05 0)
(1.03894 7.69781e-05 0)
(1.03894 6.67603e-05 0)
(1.03894 5.78836e-05 0)
(1.03894 5.0332e-05 0)
(1.03894 4.36139e-05 0)
(1.03894 3.78053e-05 0)
(1.03894 3.27446e-05 0)
(1.03894 2.83227e-05 0)
(1.03894 2.44043e-05 0)
(1.03894 2.10508e-05 0)
(1.03894 1.79729e-05 0)
(1.03894 1.54772e-05 0)
(1.03894 1.31114e-05 0)
(1.03894 1.11514e-05 0)
(1.03894 9.4345e-06 0)
(1.03894 7.93048e-06 0)
(1.03894 6.6174e-06 0)
(1.03894 5.5671e-06 0)
(1.03894 4.55316e-06 0)
(1.03894 3.88506e-06 0)
(1.03894 3.11531e-06 0)
(1.03894 2.64938e-06 0)
(1.03894 2.19185e-06 0)
(1.03894 1.85276e-06 0)
(1.03894 1.55357e-06 0)
(1.03893 1.35249e-06 0)
(1.03893 1.09837e-06 0)
(1.03893 1.03841e-06 0)
(1.03893 7.96385e-07 0)
(1.03893 7.5525e-07 0)
(1.03893 5.96357e-07 0)
(1.03893 5.43882e-07 0)
(1.03893 4.33398e-07 0)
(1.03893 3.86671e-07 0)
(1.03893 2.70304e-07 0)
(1.03893 2.91947e-07 0)
(1.03893 1.65417e-07 0)
(1.03893 1.98005e-07 0)
(1.03893 9.94121e-08 0)
(1.03893 1.19721e-07 0)
(1.03893 5.42524e-08 0)
(1.03893 7.68984e-08 0)
(1.03893 9.67208e-09 0)
(1.03893 6.02993e-08 0)
(1.03893 -3.71192e-09 0)
(1.03893 5.62938e-08 0)
(1.03893 7.76331e-09 0)
(1.03893 6.89761e-08 0)
(1.03893 3.96829e-08 0)
(1.03893 9.12649e-08 0)
(1.03893 4.78179e-08 0)
(1.03893 1.04302e-07 0)
(1.03893 5.89041e-08 0)
(1.03893 1.02208e-07 0)
(1.03893 4.91156e-08 0)
(1.03893 8.74323e-08 0)
(1.03893 5.45932e-08 0)
(1.03893 9.83443e-08 0)
(1.03893 7.32431e-08 0)
(1.03893 1.46839e-07 0)
(1.03893 1.71536e-07 0)
(1.03893 2.94713e-07 0)
(1.03893 3.85889e-07 0)
(1.03893 5.98498e-07 0)
(1.03893 8.2812e-07 0)
(1.03893 1.20366e-06 0)
(1.03893 1.65311e-06 0)
(1.03893 2.3401e-06 0)
(1.03893 3.23383e-06 0)
(1.03893 4.54406e-06 0)
(1.03893 6.3066e-06 0)
(1.03893 8.88695e-06 0)
(1.03893 1.24205e-05 0)
(1.03893 1.8076e-05 0)
(1.03893 2.59044e-05 0)
(1.03892 4.30188e-05 0)
(1.03891 7.20319e-05 0)
(1.03889 0.000201415 0)
(1.03882 0.000549931 0)
(1.03882 0.00196692 0)
(1.03856 0.00394856 0)
(0.973651 0.0536315 0)
(1.05672 0.0275423 0)
(1.02804 0.00727654 0)
(1.04273 0.000312411 0)
(1.03644 -0.000461852 0)
(1.03919 0.000225678 0)
(1.0381 0.000432456 0)
(1.03868 0.00052966 0)
(1.03854 0.000460038 0)
(1.03869 0.000400847 0)
(1.0387 0.000330786 0)
(1.03876 0.000276877 0)
(1.03879 0.000229787 0)
(1.03882 0.00019264 0)
(1.03884 0.000162202 0)
(1.03886 0.000137705 0)
(1.03888 0.000117654 0)
(1.03889 0.000101075 0)
(1.0389 8.72471e-05 0)
(1.03891 7.55362e-05 0)
(1.03892 6.55755e-05 0)
(1.03892 5.69017e-05 0)
(1.03893 4.95397e-05 0)
(1.03893 4.29751e-05 0)
(1.03894 3.72836e-05 0)
(1.03894 3.23165e-05 0)
(1.03894 2.79823e-05 0)
(1.03894 2.41373e-05 0)
(1.03895 2.08373e-05 0)
(1.03895 1.78004e-05 0)
(1.03895 1.53453e-05 0)
(1.03895 1.30108e-05 0)
(1.03895 1.10649e-05 0)
(1.03895 9.35691e-06 0)
(1.03895 7.8668e-06 0)
(1.03895 6.55557e-06 0)
(1.03895 5.50044e-06 0)
(1.03895 4.48091e-06 0)
(1.03895 3.81444e-06 0)
(1.03895 3.04826e-06 0)
(1.03895 2.57885e-06 0)
(1.03895 2.12245e-06 0)
(1.03895 1.7929e-06 0)
(1.03895 1.49911e-06 0)
(1.03895 1.30697e-06 0)
(1.03895 1.05422e-06 0)
(1.03895 9.99784e-07 0)
(1.03895 7.65027e-07 0)
(1.03895 7.21427e-07 0)
(1.03895 5.63474e-07 0)
(1.03895 5.10464e-07 0)
(1.03895 3.98528e-07 0)
(1.03895 3.55526e-07 0)
(1.03895 2.31573e-07 0)
(1.03895 2.51817e-07 0)
(1.03895 1.22874e-07 0)
(1.03895 1.52711e-07 0)
(1.03895 5.42803e-08 0)
(1.03895 7.25053e-08 0)
(1.03895 5.5583e-09 0)
(1.03895 2.87398e-08 0)
(1.03895 -4.11343e-08 0)
(1.03895 1.01557e-08 0)
(1.03895 -5.4796e-08 0)
(1.03895 6.01238e-09 0)
(1.03895 -4.20306e-08 0)
(1.03895 1.86603e-08 0)
(1.03895 -8.70616e-09 0)
(1.03895 4.6244e-08 0)
(1.03895 2.20794e-09 0)
(1.03895 5.97909e-08 0)
(1.03895 1.51119e-08 0)
(1.03895 6.05701e-08 0)
(1.03895 6.11527e-09 0)
(1.03895 4.13638e-08 0)
(1.03895 7.20427e-09 0)
(1.03895 5.12732e-08 0)
(1.03895 2.38673e-08 0)
(1.03895 9.45732e-08 0)
(1.03895 1.17202e-07 0)
(1.03895 2.41268e-07 0)
(1.03895 3.28352e-07 0)
(1.03895 5.3042e-07 0)
(1.03895 7.52088e-07 0)
(1.03895 1.12168e-06 0)
(1.03895 1.55882e-06 0)
(1.03895 2.23053e-06 0)
(1.03895 3.11033e-06 0)
(1.03895 4.40388e-06 0)
(1.03895 6.14712e-06 0)
(1.03895 8.7205e-06 0)
(1.03895 1.22943e-05 0)
(1.03895 1.81458e-05 0)
(1.03895 2.64699e-05 0)
(1.03895 4.49017e-05 0)
(1.03895 7.57965e-05 0)
(1.03893 0.000208507 0)
(1.03892 0.000554627 0)
(1.03898 0.00196674 0)
(1.03921 0.00392523 0)
(0.972302 0.0467453 0)
(1.055 0.0253108 0)
(1.02767 0.00688761 0)
(1.04245 0.000268863 0)
(1.0361 -0.000440135 0)
(1.03886 0.000200594 0)
(1.03778 0.000409866 0)
(1.03841 0.000501544 0)
(1.03831 0.000437557 0)
(1.0385 0.000381338 0)
(1.03854 0.000315204 0)
(1.03862 0.000263986 0)
(1.03867 0.000219271 0)
(1.03872 0.000183917 0)
(1.03875 0.000154959 0)
(1.03878 0.000131647 0)
(1.03881 0.000112565 0)
(1.03883 9.67866e-05 0)
(1.03885 8.362e-05 0)
(1.03887 7.2472e-05 0)
(1.03888 6.29865e-05 0)
(1.03889 5.47011e-05 0)
(1.0389 4.76872e-05 0)
(1.03891 4.14205e-05 0)
(1.03892 3.59757e-05 0)
(1.03893 3.12123e-05 0)
(1.03893 2.70611e-05 0)
(1.03894 2.33782e-05 0)
(1.03894 2.02098e-05 0)
(1.03894 1.72814e-05 0)
(1.03895 1.49237e-05 0)
(1.03895 1.26748e-05 0)
(1.03895 1.07909e-05 0)
(1.03895 9.12976e-06 0)
(1.03895 7.68737e-06 0)
(1.03895 6.40993e-06 0)
(1.03895 5.37697e-06 0)
(1.03895 4.37394e-06 0)
(1.03896 3.72579e-06 0)
(1.03896 2.98085e-06 0)
(1.03896 2.52171e-06 0)
(1.03896 2.07413e-06 0)
(1.03896 1.75926e-06 0)
(1.03896 1.47484e-06 0)
(1.03896 1.29436e-06 0)
(1.03896 1.04667e-06 0)
(1.03896 9.99017e-07 0)
(1.03896 7.7456e-07 0)
(1.03896 7.30655e-07 0)
(1.03896 5.73847e-07 0)
(1.03896 5.19315e-07 0)
(1.03896 4.05272e-07 0)
(1.03896 3.63783e-07 0)
(1.03896 2.34243e-07 0)
(1.03896 2.53417e-07 0)
(1.03896 1.24295e-07 0)
(1.03896 1.51782e-07 0)
(1.03896 5.55715e-08 0)
(1.03896 7.28359e-08 0)
(1.03896 5.12371e-09 0)
(1.03896 2.96832e-08 0)
(1.03896 -4.22516e-08 0)
(1.03896 9.63468e-09 0)
(1.03896 -5.70701e-08 0)
(1.03896 5.12972e-09 0)
(1.03896 -4.21756e-08 0)
(1.03896 1.84472e-08 0)
(1.03896 -7.56506e-09 0)
(1.03896 5.02535e-08 0)
(1.03896 6.47083e-09 0)
(1.03896 6.41639e-08 0)
(1.03896 1.96054e-08 0)
(1.03896 6.63289e-08 0)
(1.03896 1.23461e-08 0)
(1.03896 4.38221e-08 0)
(1.03896 7.35458e-09 0)
(1.03896 5.08044e-08 0)
(1.03896 2.15833e-08 0)
(1.03896 8.7901e-08 0)
(1.03896 1.06374e-07 0)
(1.03896 2.28576e-07 0)
(1.03896 3.12677e-07 0)
(1.03896 5.07505e-07 0)
(1.03896 7.19837e-07 0)
(1.03896 1.07888e-06 0)
(1.03896 1.50171e-06 0)
(1.03896 2.14964e-06 0)
(1.03896 2.99704e-06 0)
(1.03896 4.24637e-06 0)
(1.03896 5.93112e-06 0)
(1.03896 8.43666e-06 0)
(1.03896 1.19584e-05 0)
(1.03896 1.78377e-05 0)
(1.03897 2.63827e-05 0)
(1.03897 4.54665e-05 0)
(1.03897 7.71361e-05 0)
(1.03896 0.000209096 0)
(1.03901 0.000544213 0)
(1.03912 0.0019135 0)
(1.03982 0.00379827 0)
(0.971221 0.0403099 0)
(1.05353 0.0228267 0)
(1.02736 0.00636892 0)
(1.0422 0.000228095 0)
(1.0358 -0.000411182 0)
(1.03857 0.000174377 0)
(1.03749 0.000379174 0)
(1.03817 0.000463909 0)
(1.03809 0.000406316 0)
(1.03832 0.0003542 0)
(1.03838 0.0002932 0)
(1.03849 0.000245691 0)
(1.03856 0.000204232 0)
(1.03862 0.000171385 0)
(1.03867 0.000144487 0)
(1.03871 0.000122824 0)
(1.03875 0.000105094 0)
(1.03878 9.0432e-05 0)
(1.0388 7.81892e-05 0)
(1.03883 6.7826e-05 0)
(1.03885 5.90109e-05 0)
(1.03886 5.12819e-05 0)
(1.03888 4.47586e-05 0)
(1.03889 3.89189e-05 0)
(1.0389 3.38389e-05 0)
(1.03891 2.93809e-05 0)
(1.03892 2.54995e-05 0)
(1.03892 2.20588e-05 0)
(1.03893 1.90952e-05 0)
(1.03893 1.63387e-05 0)
(1.03894 1.41312e-05 0)
(1.03894 1.20179e-05 0)
(1.03895 1.0242e-05 0)
(1.03895 8.66482e-06 0)
(1.03895 7.30221e-06 0)
(1.03895 6.08983e-06 0)
(1.03895 5.10728e-06 0)
(1.03895 4.1446e-06 0)
(1.03896 3.53262e-06 0)
(1.03896 2.82758e-06 0)
(1.03896 2.39449e-06 0)
(1.03896 1.96693e-06 0)
(1.03896 1.67488e-06 0)
(1.03896 1.40724e-06 0)
(1.03896 1.24548e-06 0)
(1.03896 1.00802e-06 0)
(1.03896 9.6886e-07 0)
(1.03896 7.58485e-07 0)
(1.03896 7.17776e-07 0)
(1.03896 5.64522e-07 0)
(1.03896 5.1007e-07 0)
(1.03896 3.94934e-07 0)
(1.03896 3.56389e-07 0)
(1.03896 2.23313e-07 0)
(1.03896 2.41712e-07 0)
(1.03896 1.1377e-07 0)
(1.03896 1.39105e-07 0)
(1.03896 4.57061e-08 0)
(1.03896 6.23608e-08 0)
(1.03896 -6.59032e-09 0)
(1.03896 2.0107e-08 0)
(1.03896 -5.41475e-08 0)
(1.03896 -1.62288e-09 0)
(1.03896 -6.88868e-08 0)
(1.03896 -5.93053e-09 0)
(1.03896 -5.14374e-08 0)
(1.03896 8.24691e-09 0)
(1.03896 -1.67471e-08 0)
(1.03896 4.384e-08 0)
(1.03896 1.09906e-09 0)
(1.03896 5.77363e-08 0)
(1.03896 1.26399e-08 0)
(1.03896 6.0545e-08 0)
(1.03896 7.50687e-09 0)
(1.03896 3.56639e-08 0)
(1.03896 -3.67432e-09 0)
(1.03896 3.88229e-08 0)
(1.03896 8.43692e-09 0)
(1.03896 7.053e-08 0)
(1.03896 8.37065e-08 0)
(1.03896 2.01757e-07 0)
(1.03896 2.81999e-07 0)
(1.03896 4.68458e-07 0)
(1.03896 6.6735e-07 0)
(1.03896 1.00892e-06 0)
(1.03896 1.40756e-06 0)
(1.03896 2.01742e-06 0)
(1.03896 2.81072e-06 0)
(1.03896 3.9863e-06 0)
(1.03896 5.5726e-06 0)
(1.03897 7.94893e-06 0)
(1.03897 1.1324e-05 0)
(1.03897 1.70536e-05 0)
(1.03898 2.55237e-05 0)
(1.03898 4.45515e-05 0)
(1.03899 7.58553e-05 0)
(1.03899 0.000203077 0)
(1.0391 0.000519161 0)
(1.03926 0.00181095 0)
(1.04037 0.00357724 0)
(0.970358 0.0342492 0)
(1.05229 0.0201388 0)
(1.02709 0.00573831 0)
(1.04198 0.000190398 0)
(1.03555 -0.000374895 0)
(1.03831 0.000148069 0)
(1.03724 0.000341581 0)
(1.03796 0.000418048 0)
(1.03791 0.000367406 0)
(1.03816 0.00032037 0)
(1.03825 0.000265536 0)
(1.03837 0.000222618 0)
(1.03845 0.000185181 0)
(1.03853 0.00015547 0)
(1.03859 0.00013114 0)
(1.03864 0.000111536 0)
(1.03869 9.54915e-05 0)
(1.03873 8.22267e-05 0)
(1.03876 7.11397e-05 0)
(1.03879 6.17565e-05 0)
(1.03881 5.37839e-05 0)
(1.03883 4.6762e-05 0)
(1.03885 4.08564e-05 0)
(1.03887 3.55577e-05 0)
(1.03888 3.09482e-05 0)
(1.03889 2.68896e-05 0)
(1.0389 2.33568e-05 0)
(1.03891 2.02301e-05 0)
(1.03892 1.75378e-05 0)
(1.03893 1.50115e-05 0)
(1.03893 1.30021e-05 0)
(1.03894 1.10684e-05 0)
(1.03894 9.44248e-06 0)
(1.03894 7.98436e-06 0)
(1.03895 6.73029e-06 0)
(1.03895 5.61107e-06 0)
(1.03895 4.70545e-06 0)
(1.03895 3.80593e-06 0)
(1.03895 3.24642e-06 0)
(1.03896 2.59713e-06 0)
(1.03896 2.20439e-06 0)
(1.03896 1.80724e-06 0)
(1.03896 1.54558e-06 0)
(1.03896 1.30105e-06 0)
(1.03896 1.16461e-06 0)
(1.03896 9.4307e-07 0)
(1.03896 9.14486e-07 0)
(1.03896 7.21941e-07 0)
(1.03896 6.88413e-07 0)
(1.03896 5.42566e-07 0)
(1.03896 4.91098e-07 0)
(1.03896 3.77094e-07 0)
(1.03896 3.43983e-07 0)
(1.03896 2.0976e-07 0)
(1.03896 2.2783e-07 0)
(1.03896 1.02294e-07 0)
(1.03896 1.25559e-07 0)
(1.03896 3.529e-08 0)
(1.03896 5.1755e-08 0)
(1.03896 -1.77314e-08 0)
(1.03896 1.05224e-08 0)
(1.03896 -6.53311e-08 0)
(1.03896 -1.19889e-08 0)
(1.03896 -7.8912e-08 0)
(1.03896 -1.57255e-08 0)
(1.03896 -5.87178e-08 0)
(1.03896 -2.6253e-10 0)
(1.03896 -2.50832e-08 0)
(1.03896 3.79068e-08 0)
(1.03896 -3.26078e-09 0)
(1.03896 5.21704e-08 0)
(1.03896 6.00493e-09 0)
(1.03896 5.4384e-08 0)
(1.03896 2.97693e-09 0)
(1.03896 2.84341e-08 0)
(1.03896 -1.41839e-08 0)
(1.03896 2.65926e-08 0)
(1.03896 -4.53627e-09 0)
(1.03896 5.34542e-08 0)
(1.03896 6.03978e-08 0)
(1.03896 1.71847e-07 0)
(1.03896 2.45868e-07 0)
(1.03896 4.20882e-07 0)
(1.03896 6.01305e-07 0)
(1.03896 9.17733e-07 0)
(1.03896 1.28269e-06 0)
(1.03896 1.84149e-06 0)
(1.03896 2.5623e-06 0)
(1.03896 3.63792e-06 0)
(1.03897 5.08934e-06 0)
(1.03897 7.27889e-06 0)
(1.03897 1.04157e-05 0)
(1.03898 1.58178e-05 0)
(1.03898 2.39116e-05 0)
(1.03899 4.21677e-05 0)
(1.03901 7.19797e-05 0)
(1.03902 0.000190691 0)
(1.03917 0.000480394 0)
(1.03938 0.00166365 0)
(1.04087 0.00327233 0)
(0.969674 0.0284968 0)
(1.05126 0.0172873 0)
(1.02687 0.00501247 0)
(1.04179 0.000155688 0)
(1.03534 -0.000331459 0)
(1.03809 0.000122397 0)
(1.03702 0.000298223 0)
(1.03777 0.000365198 0)
(1.03774 0.000321904 0)
(1.03802 0.000280776 0)
(1.03813 0.000232979 0)
(1.03827 0.000195405 0)
(1.03836 0.000162644 0)
(1.03845 0.000136606 0)
(1.03852 0.000115286 0)
(1.03859 9.80923e-05 0)
(1.03864 8.40233e-05 0)
(1.03868 7.23963e-05 0)
(1.03872 6.26674e-05 0)
(1.03875 5.44329e-05 0)
(1.03878 4.74516e-05 0)
(1.03881 4.12689e-05 0)
(1.03883 3.60927e-05 0)
(1.03885 3.14338e-05 0)
(1.03886 2.73868e-05 0)
(1.03888 2.38119e-05 0)
(1.03889 2.06981e-05 0)
(1.0389 1.79484e-05 0)
(1.03891 1.55861e-05 0)
(1.03892 1.33427e-05 0)
(1.03893 1.15742e-05 0)
(1.03893 9.85848e-06 0)
(1.03894 8.41987e-06 0)
(1.03894 7.11313e-06 0)
(1.03894 5.99332e-06 0)
(1.03895 4.99183e-06 0)
(1.03895 4.18705e-06 0)
(1.03895 3.37199e-06 0)
(1.03895 2.87981e-06 0)
(1.03895 2.29949e-06 0)
(1.03896 1.95955e-06 0)
(1.03896 1.60271e-06 0)
(1.03896 1.37792e-06 0)
(1.03896 1.16157e-06 0)
(1.03896 1.05533e-06 0)
(1.03896 8.55186e-07 0)
(1.03896 8.39487e-07 0)
(1.03896 6.67668e-07 0)
(1.03896 6.44895e-07 0)
(1.03896 5.10321e-07 0)
(1.03896 4.65048e-07 0)
(1.03896 3.54188e-07 0)
(1.03896 3.28833e-07 0)
(1.03896 1.95901e-07 0)
(1.03896 2.14241e-07 0)
(1.03896 9.22965e-08 0)
(1.03896 1.13474e-07 0)
(1.03896 2.64409e-08 0)
(1.03896 4.296e-08 0)
(1.03896 -2.6818e-08 0)
(1.03896 2.62588e-09 0)
(1.03896 -7.35747e-08 0)
(1.03896 -1.90921e-08 0)
(1.03896 -8.48824e-08 0)
(1.03896 -2.1919e-08 0)
(1.03896 -6.19528e-08 0)
(1.03896 -4.72267e-09 0)
(1.03896 -3.00684e-08 0)
(1.03896 3.41722e-08 0)
(1.03896 -5.15328e-09 0)
(1.03896 4.95808e-08 0)
(1.03896 2.11358e-09 0)
(1.03896 5.00861e-08 0)
(1.03896 8.15958e-10 0)
(1.03896 2.4366e-08 0)
(1.03896 -2.16226e-08 0)
(1.03896 1.64658e-08 0)
(1.03896 -1.52979e-08 0)
(1.03896 3.87466e-08 0)
(1.03896 3.88569e-08 0)
(1.03896 1.41449e-07 0)
(1.03896 2.06872e-07 0)
(1.03896 3.67596e-07 0)
(1.03896 5.2533e-07 0)
(1.03896 8.09776e-07 0)
(1.03896 1.13283e-06 0)
(1.03896 1.62993e-06 0)
(1.03896 2.26274e-06 0)
(1.03897 3.21535e-06 0)
(1.03897 4.49912e-06 0)
(1.03897 6.44903e-06 0)
(1.03897 9.2612e-06 0)
(1.03898 1.4165e-05 0)
(1.03899 2.15894e-05 0)
(1.039 3.83836e-05 0)
(1.03903 6.56378e-05 0)
(1.03905 0.000172382 0)
(1.03925 0.000429139 0)
(1.03949 0.00147673 0)
(1.04131 0.00289415 0)
(0.96914 0.0229938 0)
(1.05042 0.0143062 0)
(1.0267 0.00420729 0)
(1.04164 0.000123639 0)
(1.03516 -0.000281374 0)
(1.03791 9.77953e-05 0)
(1.03684 0.000250152 0)
(1.03761 0.000306537 0)
(1.0376 0.000270864 0)
(1.0379 0.000236328 0)
(1.03802 0.000196286 0)
(1.03818 0.000164685 0)
(1.03829 0.000137145 0)
(1.03839 0.000115232 0)
(1.03847 9.72925e-05 0)
(1.03853 8.28077e-05 0)
(1.03859 7.09565e-05 0)
(1.03864 6.11703e-05 0)
(1.03869 5.29712e-05 0)
(1.03872 4.6029e-05 0)
(1.03876 4.0164e-05 0)
(1.03878 3.49331e-05 0)
(1.03881 3.05825e-05 0)
(1.03883 2.66469e-05 0)
(1.03885 2.32395e-05 0)
(1.03887 2.02217e-05 0)
(1.03888 1.75887e-05 0)
(1.03889 1.5269e-05 0)
(1.0389 1.32868e-05 0)
(1.03891 1.13727e-05 0)
(1.03892 9.88319e-06 0)
(1.03893 8.4181e-06 0)
(1.03893 7.19878e-06 0)
(1.03894 6.07269e-06 0)
(1.03894 5.10998e-06 0)
(1.03894 4.24716e-06 0)
(1.03895 3.56383e-06 0)
(1.03895 2.85251e-06 0)
(1.03895 2.44117e-06 0)
(1.03895 1.94072e-06 0)
(1.03895 1.66417e-06 0)
(1.03896 1.35678e-06 0)
(1.03896 1.17484e-06 0)
(1.03896 9.90752e-07 0)
(1.03896 9.18408e-07 0)
(1.03896 7.44822e-07 0)
(1.03896 7.44568e-07 0)
(1.03896 5.95649e-07 0)
(1.03896 5.86449e-07 0)
(1.03896 4.66708e-07 0)
(1.03896 4.3078e-07 0)
(1.03896 3.25017e-07 0)
(1.03896 3.09028e-07 0)
(1.03896 1.79735e-07 0)
(1.03896 1.99048e-07 0)
(1.03896 8.17688e-08 0)
(1.03896 1.00862e-07 0)
(1.03896 1.69298e-08 0)
(1.03896 3.36234e-08 0)
(1.03896 -3.62212e-08 0)
(1.03896 -5.33423e-09 0)
(1.03896 -8.10881e-08 0)
(1.03896 -2.52531e-08 0)
(1.03896 -8.90798e-08 0)
(1.03896 -2.67614e-08 0)
(1.03896 -6.36562e-08 0)
(1.03896 -7.46947e-09 0)
(1.03896 -3.36196e-08 0)
(1.03896 3.05806e-08 0)
(1.03896 -6.86569e-09 0)
(1.03896 4.77752e-08 0)
(1.03896 -9.31827e-10 0)
(1.03896 4.56221e-08 0)
(1.03896 -1.34146e-09 0)
(1.03896 2.11177e-08 0)
(1.03896 -2.79658e-08 0)
(1.03896 6.45007e-09 0)
(1.03896 -2.61761e-08 0)
(1.03896 2.4069e-08 0)
(1.03896 1.7111e-08 0)
(1.03896 1.08933e-07 0)
(1.03896 1.63416e-07 0)
(1.03896 3.07435e-07 0)
(1.03896 4.39271e-07 0)
(1.03896 6.86005e-07 0)
(1.03896 9.59956e-07 0)
(1.03896 1.38622e-06 0)
(1.03896 1.91788e-06 0)
(1.03897 2.72732e-06 0)
(1.03897 3.81442e-06 0)
(1.03897 5.47744e-06 0)
(1.03898 7.8867e-06 0)
(1.03898 1.21343e-05 0)
(1.03899 1.86177e-05 0)
(1.03901 3.33148e-05 0)
(1.03904 5.70443e-05 0)
(1.03907 0.000148767 0)
(1.03931 0.000366879 0)
(1.03959 0.00125569 0)
(1.04168 0.00245359 0)
(0.968735 0.0176877 0)
(1.04976 0.0112248 0)
(1.02656 0.00333796 0)
(1.04152 9.38057e-05 0)
(1.03503 -0.000225424 0)
(1.03776 7.44369e-05 0)
(1.0367 0.000198344 0)
(1.03749 0.000243192 0)
(1.03749 0.000215319 0)
(1.03781 0.000187924 0)
(1.03794 0.000156213 0)
(1.03811 0.000131093 0)
(1.03823 0.000109215 0)
(1.03833 9.17907e-05 0)
(1.03842 7.75345e-05 0)
(1.03849 6.60035e-05 0)
(1.03856 5.65679e-05 0)
(1.03861 4.87871e-05 0)
(1.03866 4.22594e-05 0)
(1.0387 3.67279e-05 0)
(1.03873 3.20811e-05 0)
(1.03877 2.78942e-05 0)
(1.03879 2.44492e-05 0)
(1.03882 2.13056e-05 0)
(1.03884 1.85997e-05 0)
(1.03885 1.61998e-05 0)
(1.03887 1.40999e-05 0)
(1.03888 1.22541e-05 0)
(1.0389 1.06927e-05 0)
(1.03891 9.14685e-06 0)
(1.03891 7.96943e-06 0)
(1.03892 6.78197e-06 0)
(1.03893 5.80817e-06 0)
(1.03893 4.88811e-06 0)
(1.03894 4.10242e-06 0)
(1.03894 3.39554e-06 0)
(1.03894 2.85028e-06 0)
(1.03895 2.25918e-06 0)
(1.03895 1.94056e-06 0)
(1.03895 1.52865e-06 0)
(1.03895 1.32392e-06 0)
(1.03895 1.07407e-06 0)
(1.03896 9.40526e-07 0)
(1.03896 7.92235e-07 0)
(1.03896 7.56368e-07 0)
(1.03896 6.13895e-07 0)
(1.03896 6.31881e-07 0)
(1.03896 5.07582e-07 0)
(1.03896 5.13979e-07 0)
(1.03896 4.11988e-07 0)
(1.03896 3.88438e-07 0)
(1.03896 2.89518e-07 0)
(1.03896 2.84075e-07 0)
(1.03896 1.60531e-07 0)
(1.03896 1.81533e-07 0)
(1.03896 6.99471e-08 0)
(1.03896 8.70369e-08 0)
(1.03896 5.97692e-09 0)
(1.03896 2.28462e-08 0)
(1.03896 -4.65928e-08 0)
(1.03896 -1.40372e-08 0)
(1.03896 -8.88825e-08 0)
(1.03896 -3.15805e-08 0)
(1.03896 -9.2628e-08 0)
(1.03896 -3.12871e-08 0)
(1.03896 -6.50618e-08 0)
(1.03896 -9.71975e-09 0)
(1.03896 -3.65834e-08 0)
(1.03896 2.66114e-08 0)
(1.03896 -9.2277e-09 0)
(1.03896 4.56632e-08 0)
(1.03896 -3.89523e-09 0)
(1.03896 4.02704e-08 0)
(1.03896 -4.65323e-09 0)
(1.03896 1.7414e-08 0)
(1.03896 -3.41118e-08 0)
(1.03896 -4.18026e-09 0)
(1.03896 -3.81963e-08 0)
(1.03896 8.29798e-09 0)
(1.03896 -5.65014e-09 0)
(1.03896 7.39604e-08 0)
(1.03896 1.15353e-07 0)
(1.03896 2.40427e-07 0)
(1.03896 3.43919e-07 0)
(1.03896 5.48351e-07 0)
(1.03896 7.66949e-07 0)
(1.03896 1.11462e-06 0)
(1.03896 1.53431e-06 0)
(1.03897 2.18364e-06 0)
(1.03897 3.04929e-06 0)
(1.03897 4.38493e-06 0)
(1.03898 6.32343e-06 0)
(1.03899 9.77665e-06 0)
(1.039 1.50797e-05 0)
(1.03901 2.71249e-05 0)
(1.03906 4.64946e-05 0)
(1.03909 0.000120612 0)
(1.03936 0.000295315 0)
(1.03967 0.00100636 0)
(1.04198 0.00196176 0)
(0.968443 0.0125304 0)
(1.04928 0.00806875 0)
(1.02646 0.0024192 0)
(1.04144 6.56911e-05 0)
(1.03493 -0.000164641 0)
(1.03765 5.22789e-05 0)
(1.03659 0.000143706 0)
(1.03739 0.000176248 0)
(1.03741 0.000156288 0)
(1.03774 0.000136455 0)
(1.03788 0.000113514 0)
(1.03806 9.52667e-05 0)
(1.03818 7.93892e-05 0)
(1.03829 6.67346e-05 0)
(1.03838 5.63952e-05 0)
(1.03846 4.80087e-05 0)
(1.03853 4.11429e-05 0)
(1.03859 3.54946e-05 0)
(1.03864 3.07486e-05 0)
(1.03868 2.67212e-05 0)
(1.03872 2.33717e-05 0)
(1.03875 2.03004e-05 0)
(1.03878 1.78239e-05 0)
(1.03881 1.55265e-05 0)
(1.03883 1.35691e-05 0)
(1.03885 1.18344e-05 0)
(1.03886 1.03095e-05 0)
(1.03888 8.97211e-06 0)
(1.03889 7.86249e-06 0)
(1.0389 6.71595e-06 0)
(1.03891 5.87802e-06 0)
(1.03892 4.98974e-06 0)
(1.03892 4.28159e-06 0)
(1.03893 3.58833e-06 0)
(1.03894 2.99644e-06 0)
(1.03894 2.45913e-06 0)
(1.03894 2.06421e-06 0)
(1.03895 1.60632e-06 0)
(1.03895 1.39037e-06 0)
(1.03895 1.07349e-06 0)
(1.03895 9.46661e-07 0)
(1.03895 7.60842e-07 0)
(1.03896 6.80697e-07 0)
(1.03896 5.71378e-07 0)
(1.03896 5.73523e-07 0)
(1.03896 4.6586e-07 0)
(1.03896 5.04923e-07 0)
(1.03896 4.06725e-07 0)
(1.03896 4.2999e-07 0)
(1.03896 3.4779e-07 0)
(1.03896 3.39284e-07 0)
(1.03896 2.48794e-07 0)
(1.03896 2.54576e-07 0)
(1.03896 1.38527e-07 0)
(1.03896 1.61855e-07 0)
(1.03896 5.69097e-08 0)
(1.03896 7.22435e-08 0)
(1.03896 -6.17374e-09 0)
(1.03896 1.08286e-08 0)
(1.03896 -5.76803e-08 0)
(1.03896 -2.3251e-08 0)
(1.03896 -9.67634e-08 0)
(1.03896 -3.80773e-08 0)
(1.03896 -9.56177e-08 0)
(1.03896 -3.55097e-08 0)
(1.03896 -6.63433e-08 0)
(1.03896 -1.17149e-08 0)
(1.03896 -3.89686e-08 0)
(1.03896 2.25495e-08 0)
(1.03896 -1.2188e-08 0)
(1.03896 4.31416e-08 0)
(1.03896 -6.5825e-09 0)
(1.03896 3.44101e-08 0)
(1.03896 -9.07481e-09 0)
(1.03896 1.30237e-08 0)
(1.03896 -4.00281e-08 0)
(1.03896 -1.50826e-08 0)
(1.03896 -5.12411e-08 0)
(1.03896 -8.66345e-09 0)
(1.03896 -2.9334e-08 0)
(1.03896 3.71226e-08 0)
(1.03896 6.35685e-08 0)
(1.03896 1.67653e-07 0)
(1.03896 2.41018e-07 0)
(1.03896 3.99754e-07 0)
(1.03896 5.57906e-07 0)
(1.03896 8.20672e-07 0)
(1.03897 1.12005e-06 0)
(1.03897 1.59583e-06 0)
(1.03897 2.22005e-06 0)
(1.03897 3.19564e-06 0)
(1.03898 4.60826e-06 0)
(1.03899 7.15372e-06 0)
(1.039 1.10799e-05 0)
(1.03902 2.00195e-05 0)
(1.03907 3.43526e-05 0)
(1.0391 8.88038e-05 0)
(1.0394 0.000216331 0)
(1.03973 0.000734821 0)
(1.04221 0.00142992 0)
(0.968254 0.00747705 0)
(1.04896 0.00486114 0)
(1.02639 0.00146539 0)
(1.04138 3.87914e-05 0)
(1.03486 -0.00010026 0)
(1.03758 3.11044e-05 0)
(1.03651 8.70894e-05 0)
(1.03733 0.000106756 0)
(1.03735 9.47764e-05 0)
(1.03769 8.28032e-05 0)
(1.03784 6.89396e-05 0)
(1.03802 5.78446e-05 0)
(1.03815 4.82085e-05 0)
(1.03827 4.05208e-05 0)
(1.03836 3.42637e-05 0)
(1.03844 2.91584e-05 0)
(1.03851 2.49732e-05 0)
(1.03857 2.15474e-05 0)
(1.03862 1.86619e-05 0)
(1.03867 1.62065e-05 0)
(1.03871 1.42113e-05 0)
(1.03874 1.23059e-05 0)
(1.03877 1.08435e-05 0)
(1.0388 9.43209e-06 0)
(1.03882 8.25564e-06 0)
(1.03884 7.21899e-06 0)
(1.03886 6.29997e-06 0)
(1.03887 5.49604e-06 0)
(1.03889 4.85974e-06 0)
(1.0389 4.13449e-06 0)
(1.03891 3.65718e-06 0)
(1.03892 3.08414e-06 0)
(1.03892 2.6557e-06 0)
(1.03893 2.20473e-06 0)
(1.03893 1.81984e-06 0)
(1.03894 1.46227e-06 0)
(1.03894 1.22561e-06 0)
(1.03895 9.09991e-07 0)
(1.03895 8.04319e-07 0)
(1.03895 5.86895e-07 0)
(1.03895 5.41723e-07 0)
(1.03895 4.24452e-07 0)
(1.03895 4.01839e-07 0)
(1.03896 3.34372e-07 0)
(1.03896 3.75177e-07 0)
(1.03896 3.04921e-07 0)
(1.03896 3.67648e-07 0)
(1.03896 2.96883e-07 0)
(1.03896 3.37692e-07 0)
(1.03896 2.76271e-07 0)
(1.03896 2.84861e-07 0)
(1.03896 2.04146e-07 0)
(1.03896 2.2136e-07 0)
(1.03896 1.14102e-07 0)
(1.03896 1.40226e-07 0)
(1.03896 4.27664e-08 0)
(1.03896 5.67846e-08 0)
(1.03896 -1.90754e-08 0)
(1.03896 -1.94655e-09 0)
(1.03896 -6.90974e-08 0)
(1.03896 -3.25428e-08 0)
(1.03896 -1.04299e-07 0)
(1.03896 -4.44854e-08 0)
(1.03896 -9.7975e-08 0)
(1.03896 -3.92777e-08 0)
(1.03896 -6.74621e-08 0)
(1.03896 -1.35393e-08 0)
(1.03896 -4.07339e-08 0)
(1.03896 1.87095e-08 0)
(1.03896 -1.55288e-08 0)
(1.03896 4.01984e-08 0)
(1.03896 -8.87537e-09 0)
(1.03896 2.85241e-08 0)
(1.03896 -1.43088e-08 0)
(1.03896 7.87592e-09 0)
(1.03896 -4.56703e-08 0)
(1.03896 -2.5827e-08 0)
(1.03896 -6.49695e-08 0)
(1.03896 -2.6761e-08 0)
(1.03896 -5.37746e-08 0)
(1.03896 -9.02956e-10 0)
(1.03896 9.17021e-09 0)
(1.03896 9.05223e-08 0)
(1.03896 1.32571e-07 0)
(1.03896 2.43415e-07 0)
(1.03896 3.37379e-07 0)
(1.03896 5.1048e-07 0)
(1.03897 6.83668e-07 0)
(1.03897 9.76227e-07 0)
(1.03897 1.34429e-06 0)
(1.03897 1.93584e-06 0)
(1.03898 2.78202e-06 0)
(1.03899 4.3356e-06 0)
(1.039 6.73851e-06 0)
(1.03902 1.22368e-05 0)
(1.03907 2.10355e-05 0)
(1.03911 5.43209e-05 0)
(1.03943 0.000131948 0)
(1.03977 0.000447296 0)
(1.04236 0.000869421 0)
(0.968162 0.00248524 0)
(1.0488 0.00162329 0)
(1.02636 0.000490625 0)
(1.04135 1.2612e-05 0)
(1.03483 -3.36611e-05 0)
(1.03754 1.05701e-05 0)
(1.03648 2.93027e-05 0)
(1.0373 3.57454e-05 0)
(1.03733 3.17805e-05 0)
(1.03767 2.78432e-05 0)
(1.03782 2.32411e-05 0)
(1.038 1.94647e-05 0)
(1.03813 1.62145e-05 0)
(1.03825 1.36103e-05 0)
(1.03835 1.15329e-05 0)
(1.03843 9.79145e-06 0)
(1.0385 8.35442e-06 0)
(1.03856 7.20479e-06 0)
(1.03862 6.22698e-06 0)
(1.03866 5.38553e-06 0)
(1.0387 4.77924e-06 0)
(1.03874 4.06979e-06 0)
(1.03877 3.64868e-06 0)
(1.03879 3.1485e-06 0)
(1.03882 2.77146e-06 0)
(1.03884 2.45123e-06 0)
(1.03886 2.15687e-06 0)
(1.03887 1.90205e-06 0)
(1.03888 1.75118e-06 0)
(1.0389 1.45985e-06 0)
(1.03891 1.3571e-06 0)
(1.03891 1.10977e-06 0)
(1.03892 9.69112e-07 0)
(1.03893 7.70205e-07 0)
(1.03893 6.01506e-07 0)
(1.03894 4.30474e-07 0)
(1.03894 3.55853e-07 0)
(1.03894 1.87417e-07 0)
(1.03895 1.96968e-07 0)
(1.03895 8.14489e-08 0)
(1.03895 1.19477e-07 0)
(1.03895 7.30572e-08 0)
(1.03895 1.10876e-07 0)
(1.03896 8.78029e-08 0)
(1.03896 1.67207e-07 0)
(1.03896 1.35717e-07 0)
(1.03896 2.241e-07 0)
(1.03896 1.81932e-07 0)
(1.03896 2.40551e-07 0)
(1.03896 1.99835e-07 0)
(1.03896 2.26737e-07 0)
(1.03896 1.56837e-07 0)
(1.03896 1.85287e-07 0)
(1.03896 8.76256e-08 0)
(1.03896 1.16775e-07 0)
(1.03896 2.74916e-08 0)
(1.03896 4.08225e-08 0)
(1.03896 -3.23352e-08 0)
(1.03896 -1.50075e-08 0)
(1.03896 -8.0421e-08 0)
(1.03896 -4.14656e-08 0)
(1.03896 -1.11044e-07 0)
(1.03896 -5.05115e-08 0)
(1.03896 -9.96345e-08 0)
(1.03896 -4.24951e-08 0)
(1.03896 -6.83791e-08 0)
(1.03896 -1.52955e-08 0)
(1.03896 -4.19725e-08 0)
(1.03896 1.52924e-08 0)
(1.03896 -1.90124e-08 0)
(1.03896 3.68128e-08 0)
(1.03896 -1.08514e-08 0)
(1.03896 2.29583e-08 0)
(1.03896 -2.00136e-08 0)
(1.03896 1.93335e-09 0)
(1.03896 -5.11398e-08 0)
(1.03896 -3.61259e-08 0)
(1.03896 -7.90117e-08 0)
(1.03896 -4.58546e-08 0)
(1.03896 -7.88534e-08 0)
(1.03896 -3.95344e-08 0)
(1.03896 -4.67232e-08 0)
(1.03896 1.05505e-08 0)
(1.03896 2.06367e-08 0)
(1.03896 8.253e-08 0)
(1.03896 1.10022e-07 0)
(1.03896 1.90341e-07 0)
(1.03897 2.33931e-07 0)
(1.03897 3.37534e-07 0)
(1.03897 4.40281e-07 0)
(1.03897 6.33131e-07 0)
(1.03898 8.88251e-07 0)
(1.03899 1.39826e-06 0)
(1.039 2.18778e-06 0)
(1.03902 4.03844e-06 0)
(1.03908 6.99871e-06 0)
(1.03912 1.8208e-05 0)
(1.03944 4.42863e-05 0)
(1.03979 0.000150137 0)
(1.04244 0.000291706 0)
(0.968162 -0.00248619 0)
(1.0488 -0.00162454 0)
(1.02636 -0.000491102 0)
(1.04135 -1.33298e-05 0)
(1.03483 3.36861e-05 0)
(1.03754 -9.74414e-06 0)
(1.03648 -2.88732e-05 0)
(1.0373 -3.57729e-05 0)
(1.03733 -3.17114e-05 0)
(1.03767 -2.75529e-05 0)
(1.03782 -2.2833e-05 0)
(1.038 -1.9235e-05 0)
(1.03813 -1.605e-05 0)
(1.03825 -1.35336e-05 0)
(1.03835 -1.1401e-05 0)
(1.03843 -9.7505e-06 0)
(1.0385 -8.4149e-06 0)
(1.03856 -7.27052e-06 0)
(1.03862 -6.32528e-06 0)
(1.03866 -5.53794e-06 0)
(1.0387 -4.74268e-06 0)
(1.03874 -4.24643e-06 0)
(1.03877 -3.61753e-06 0)
(1.03879 -3.19641e-06 0)
(1.03882 -2.76887e-06 0)
(1.03884 -2.36852e-06 0)
(1.03886 -2.03204e-06 0)
(1.03887 -1.73188e-06 0)
(1.03888 -1.39427e-06 0)
(1.0389 -1.24859e-06 0)
(1.03891 -9.70804e-07 0)
(1.03891 -8.87809e-07 0)
(1.03892 -7.38343e-07 0)
(1.03893 -6.81381e-07 0)
(1.03893 -6.29297e-07 0)
(1.03894 -6.10385e-07 0)
(1.03894 -5.22879e-07 0)
(1.03894 -5.43322e-07 0)
(1.03895 -4.16573e-07 0)
(1.03895 -4.29729e-07 0)
(1.03895 -3.08913e-07 0)
(1.03895 -2.84431e-07 0)
(1.03895 -1.84897e-07 0)
(1.03896 -1.61563e-07 0)
(1.03896 -4.41677e-08 0)
(1.03896 -3.67803e-08 0)
(1.03896 7.83349e-08 0)
(1.03896 6.56108e-08 0)
(1.03896 1.42063e-07 0)
(1.03896 1.21047e-07 0)
(1.03896 1.66513e-07 0)
(1.03896 1.08085e-07 0)
(1.03896 1.47248e-07 0)
(1.03896 5.95421e-08 0)
(1.03896 9.16684e-08 0)
(1.03896 1.10495e-08 0)
(1.03896 2.44662e-08 0)
(1.03896 -4.55811e-08 0)
(1.03896 -2.78579e-08 0)
(1.03896 -9.11891e-08 0)
(1.03896 -4.95939e-08 0)
(1.03896 -1.16566e-07 0)
(1.03896 -5.58345e-08 0)
(1.03896 -1.00518e-07 0)
(1.03896 -4.50892e-08 0)
(1.03896 -6.90384e-08 0)
(1.03896 -1.7048e-08 0)
(1.03896 -4.28438e-08 0)
(1.03896 1.23958e-08 0)
(1.03896 -2.23891e-08 0)
(1.03896 3.30037e-08 0)
(1.03896 -1.26372e-08 0)
(1.03896 1.79077e-08 0)
(1.03896 -2.58285e-08 0)
(1.03896 -4.75582e-09 0)
(1.03896 -5.66059e-08 0)
(1.03896 -4.58256e-08 0)
(1.03896 -9.29708e-08 0)
(1.03896 -6.56498e-08 0)
(1.03896 -1.04396e-07 0)
(1.03896 -7.82252e-08 0)
(1.03896 -1.02988e-07 0)
(1.03896 -7.06629e-08 0)
(1.03896 -9.26713e-08 0)
(1.03896 -7.97354e-08 0)
(1.03896 -1.19489e-07 0)
(1.03896 -1.33337e-07 0)
(1.03897 -2.20282e-07 0)
(1.03897 -3.0735e-07 0)
(1.03897 -4.7323e-07 0)
(1.03897 -6.84042e-07 0)
(1.03898 -1.02789e-06 0)
(1.03899 -1.57867e-06 0)
(1.039 -2.43304e-06 0)
(1.03902 -4.29939e-06 0)
(1.03908 -7.27954e-06 0)
(1.03912 -1.84515e-05 0)
(1.03944 -4.44741e-05 0)
(1.03979 -0.000150241 0)
(1.04244 -0.000291752 0)
(0.968254 -0.007478 0)
(1.04896 -0.00486238 0)
(1.02639 -0.00146586 0)
(1.04138 -3.95112e-05 0)
(1.03486 0.000100282 0)
(1.03758 -3.02845e-05 0)
(1.03651 -8.6666e-05 0)
(1.03733 -0.000106791 0)
(1.03735 -9.47126e-05 0)
(1.03769 -8.25153e-05 0)
(1.03784 -6.8534e-05 0)
(1.03802 -5.76165e-05 0)
(1.03815 -4.80423e-05 0)
(1.03827 -4.04469e-05 0)
(1.03836 -3.41403e-05 0)
(1.03844 -2.91245e-05 0)
(1.03851 -2.50356e-05 0)
(1.03857 -2.1615e-05 0)
(1.03862 -1.87628e-05 0)
(1.03867 -1.63592e-05 0)
(1.03871 -1.41724e-05 0)
(1.03874 -1.24803e-05 0)
(1.03877 -1.08114e-05 0)
(1.0388 -9.47468e-06 0)
(1.03882 -8.25031e-06 0)
(1.03884 -7.13868e-06 0)
(1.03886 -6.17805e-06 0)
(1.03887 -5.32728e-06 0)
(1.03889 -4.50686e-06 0)
(1.0389 -3.93032e-06 0)
(1.03891 -3.27454e-06 0)
(1.03892 -2.86285e-06 0)
(1.03892 -2.42645e-06 0)
(1.03893 -2.11577e-06 0)
(1.03893 -1.84339e-06 0)
(1.03894 -1.63469e-06 0)
(1.03894 -1.38828e-06 0)
(1.03895 -1.26376e-06 0)
(1.03895 -1.02099e-06 0)
(1.03895 -9.33347e-07 0)
(1.03895 -7.31859e-07 0)
(1.03895 -6.38504e-07 0)
(1.03895 -4.77879e-07 0)
(1.03896 -4.06953e-07 0)
(1.03896 -2.52628e-07 0)
(1.03896 -2.07405e-07 0)
(1.03896 -6.56377e-08 0)
(1.03896 -4.86219e-08 0)
(1.03896 4.55232e-08 0)
(1.03896 4.25022e-08 0)
(1.03896 1.058e-07 0)
(1.03896 5.90526e-08 0)
(1.03896 1.08143e-07 0)
(1.03896 3.04161e-08 0)
(1.03896 6.52136e-08 0)
(1.03896 -6.4836e-09 0)
(1.03896 7.8709e-09 0)
(1.03896 -5.84531e-08 0)
(1.03896 -3.9971e-08 0)
(1.03896 -1.00938e-07 0)
(1.03896 -5.65504e-08 0)
(1.03896 -1.20489e-07 0)
(1.03896 -6.01495e-08 0)
(1.03896 -1.00543e-07 0)
(1.03896 -4.70051e-08 0)
(1.03896 -6.93604e-08 0)
(1.03896 -1.8805e-08 0)
(1.03896 -4.35059e-08 0)
(1.03896 1.00289e-08 0)
(1.03896 -2.54262e-08 0)
(1.03896 2.88528e-08 0)
(1.03896 -1.43865e-08 0)
(1.03896 1.34256e-08 0)
(1.03896 -3.14124e-08 0)
(1.03896 -1.2032e-08 0)
(1.03896 -6.22256e-08 0)
(1.03896 -5.48777e-08 0)
(1.03896 -1.06445e-07 0)
(1.03896 -8.57326e-08 0)
(1.03896 -1.30106e-07 0)
(1.03896 -1.1642e-07 0)
(1.03896 -1.58503e-07 0)
(1.03896 -1.51462e-07 0)
(1.03896 -2.05187e-07 0)
(1.03896 -2.40256e-07 0)
(1.03896 -3.46524e-07 0)
(1.03896 -4.54113e-07 0)
(1.03897 -6.70066e-07 0)
(1.03897 -9.45479e-07 0)
(1.03897 -1.37731e-06 0)
(1.03897 -1.98691e-06 0)
(1.03898 -2.92064e-06 0)
(1.03899 -4.51437e-06 0)
(1.039 -6.98224e-06 0)
(1.03902 -1.24959e-05 0)
(1.03907 -2.13133e-05 0)
(1.03911 -5.45612e-05 0)
(1.03943 -0.000132134 0)
(1.03977 -0.0004474 0)
(1.04236 -0.000869466 0)
(0.968443 -0.0125313 0)
(1.04928 -0.00806996 0)
(1.02646 -0.00241968 0)
(1.04144 -6.64138e-05 0)
(1.03493 0.000164657 0)
(1.03765 -5.14716e-05 0)
(1.03659 -0.000143294 0)
(1.03739 -0.000176294 0)
(1.03741 -0.000156234 0)
(1.03774 -0.000136173 0)
(1.03788 -0.000113113 0)
(1.03806 -9.50421e-05 0)
(1.03818 -7.92209e-05 0)
(1.03829 -6.66666e-05 0)
(1.03838 -5.62877e-05 0)
(1.03846 -4.79879e-05 0)
(1.03853 -4.12093e-05 0)
(1.03859 -3.55658e-05 0)
(1.03864 -3.08537e-05 0)
(1.03868 -2.68743e-05 0)
(1.03872 -2.33291e-05 0)
(1.03875 -2.04705e-05 0)
(1.03878 -1.77899e-05 0)
(1.03881 -1.55597e-05 0)
(1.03883 -1.35593e-05 0)
(1.03885 -1.17582e-05 0)
(1.03886 -1.01928e-05 0)
(1.03888 -8.80642e-06 0)
(1.03889 -7.51739e-06 0)
(1.0389 -6.52483e-06 0)
(1.03891 -5.50223e-06 0)
(1.03892 -4.77016e-06 0)
(1.03893 -4.05543e-06 0)
(1.03893 -3.49891e-06 0)
(1.03894 -3.01219e-06 0)
(1.03894 -2.61772e-06 0)
(1.03894 -2.21859e-06 0)
(1.03895 -1.95558e-06 0)
(1.03895 -1.60112e-06 0)
(1.03895 -1.41635e-06 0)
(1.03895 -1.13778e-06 0)
(1.03895 -9.79324e-07 0)
(1.03895 -7.60266e-07 0)
(1.03896 -6.41746e-07 0)
(1.03896 -4.52008e-07 0)
(1.03896 -3.70967e-07 0)
(1.03896 -2.03899e-07 0)
(1.03896 -1.57676e-07 0)
(1.03896 -4.61691e-08 0)
(1.03896 -3.33115e-08 0)
(1.03896 4.61885e-08 0)
(1.03896 1.08514e-08 0)
(1.03896 6.88185e-08 0)
(1.03896 9.50968e-10 0)
(1.03896 3.79245e-08 0)
(1.03896 -2.48353e-08 0)
(1.03896 -8.67751e-09 0)
(1.03896 -7.05891e-08 0)
(1.03896 -5.08536e-08 0)
(1.03896 -1.09243e-07 0)
(1.03896 -6.20462e-08 0)
(1.03896 -1.22544e-07 0)
(1.03896 -6.32213e-08 0)
(1.03896 -9.9655e-08 0)
(1.03896 -4.82148e-08 0)
(1.03896 -6.92578e-08 0)
(1.03896 -2.05178e-08 0)
(1.03896 -4.40804e-08 0)
(1.03896 8.12856e-09 0)
(1.03896 -2.79364e-08 0)
(1.03896 2.44964e-08 0)
(1.03896 -1.62505e-08 0)
(1.03896 9.44322e-09 0)
(1.03896 -3.64844e-08 0)
(1.03896 -1.9636e-08 0)
(1.03896 -6.80862e-08 0)
(1.03896 -6.33044e-08 0)
(1.03896 -1.19044e-07 0)
(1.03896 -1.05548e-07 0)
(1.03896 -1.55543e-07 0)
(1.03896 -1.53541e-07 0)
(1.03896 -2.12169e-07 0)
(1.03896 -2.30177e-07 0)
(1.03896 -3.14717e-07 0)
(1.03896 -3.9596e-07 0)
(1.03896 -5.66548e-07 0)
(1.03896 -7.65583e-07 0)
(1.03897 -1.10657e-06 0)
(1.03897 -1.56402e-06 0)
(1.03897 -2.25314e-06 0)
(1.03897 -3.24691e-06 0)
(1.03898 -4.74482e-06 0)
(1.03899 -7.32921e-06 0)
(1.039 -1.13205e-05 0)
(1.03902 -2.02749e-05 0)
(1.03907 -3.46243e-05 0)
(1.0391 -8.90379e-05 0)
(1.0394 -0.000216514 0)
(1.03973 -0.000734925 0)
(1.04221 -0.00142996 0)
(0.968735 -0.0176886 0)
(1.04976 -0.011226 0)
(1.02656 -0.00333842 0)
(1.04152 -9.45304e-05 0)
(1.03503 0.000225433 0)
(1.03776 -7.36494e-05 0)
(1.0367 -0.00019795 0)
(1.03749 -0.000243254 0)
(1.03749 -0.000215281 0)
(1.03781 -0.000187652 0)
(1.03794 -0.00015582 0)
(1.03811 -0.000130874 0)
(1.03823 -0.000109046 0)
(1.03833 -9.17319e-05 0)
(1.03842 -7.74479e-05 0)
(1.03849 -6.59999e-05 0)
(1.03856 -5.66401e-05 0)
(1.03861 -4.88632e-05 0)
(1.03866 -4.23688e-05 0)
(1.0387 -3.68815e-05 0)
(1.03874 -3.20349e-05 0)
(1.03877 -2.80585e-05 0)
(1.03879 -2.44124e-05 0)
(1.03882 -2.13276e-05 0)
(1.03884 -1.85853e-05 0)
(1.03886 -1.61285e-05 0)
(1.03887 -1.39895e-05 0)
(1.03888 -1.20935e-05 0)
(1.0389 -1.03585e-05 0)
(1.03891 -8.97271e-06 0)
(1.03891 -7.60289e-06 0)
(1.03892 -6.56576e-06 0)
(1.03893 -5.58669e-06 0)
(1.03893 -4.79764e-06 0)
(1.03894 -4.10807e-06 0)
(1.03894 -3.53608e-06 0)
(1.03894 -2.99318e-06 0)
(1.03895 -2.60112e-06 0)
(1.03895 -2.14236e-06 0)
(1.03895 -1.86625e-06 0)
(1.03895 -1.5155e-06 0)
(1.03895 -1.29708e-06 0)
(1.03896 -1.0242e-06 0)
(1.03896 -8.59582e-07 0)
(1.03896 -6.36513e-07 0)
(1.03896 -5.22449e-07 0)
(1.03896 -3.32665e-07 0)
(1.03896 -2.58842e-07 0)
(1.03896 -1.3063e-07 0)
(1.03896 -1.04176e-07 0)
(1.03896 -1.07734e-08 0)
(1.03896 -3.54297e-08 0)
(1.03896 3.04739e-08 0)
(1.03896 -2.79862e-08 0)
(1.03896 1.05618e-08 0)
(1.03896 -4.34961e-08 0)
(1.03896 -2.49691e-08 0)
(1.03896 -8.15738e-08 0)
(1.03896 -6.00483e-08 0)
(1.03896 -1.1573e-07 0)
(1.03896 -6.58951e-08 0)
(1.03896 -1.22594e-07 0)
(1.03896 -6.49064e-08 0)
(1.03896 -9.78352e-08 0)
(1.03896 -4.87112e-08 0)
(1.03896 -6.86329e-08 0)
(1.03896 -2.20644e-08 0)
(1.03896 -4.46174e-08 0)
(1.03896 6.60175e-09 0)
(1.03896 -2.97853e-08 0)
(1.03896 2.01128e-08 0)
(1.03896 -1.83078e-08 0)
(1.03896 5.83057e-09 0)
(1.03896 -4.08385e-08 0)
(1.03896 -2.72181e-08 0)
(1.03896 -7.41399e-08 0)
(1.03896 -7.11357e-08 0)
(1.03896 -1.30398e-07 0)
(1.03896 -1.24436e-07 0)
(1.03896 -1.80116e-07 0)
(1.03896 -1.88964e-07 0)
(1.03896 -2.62912e-07 0)
(1.03896 -3.05129e-07 0)
(1.03896 -4.19042e-07 0)
(1.03896 -5.43817e-07 0)
(1.03896 -7.75138e-07 0)
(1.03896 -1.06144e-06 0)
(1.03897 -1.52105e-06 0)
(1.03897 -2.15041e-06 0)
(1.03897 -3.08226e-06 0)
(1.03897 -4.43623e-06 0)
(1.03898 -6.45689e-06 0)
(1.03899 -9.94724e-06 0)
(1.039 -1.53155e-05 0)
(1.03901 -2.73746e-05 0)
(1.03906 -4.67576e-05 0)
(1.03909 -0.000120838 0)
(1.03936 -0.000295494 0)
(1.03967 -0.00100647 0)
(1.04198 -0.00196181 0)
(0.96914 -0.0229947 0)
(1.05042 -0.0143073 0)
(1.0267 -0.00420775 0)
(1.04164 -0.000124363 0)
(1.03516 0.000281375 0)
(1.03791 -9.70357e-05 0)
(1.03684 -0.00024978 0)
(1.03761 -0.000306617 0)
(1.0376 -0.000270848 0)
(1.0379 -0.000236072 0)
(1.03802 -0.000195904 0)
(1.03818 -0.000164475 0)
(1.03829 -0.00013698 0)
(1.03839 -0.000115186 0)
(1.03847 -9.72291e-05 0)
(1.03854 -8.28231e-05 0)
(1.03859 -7.1036e-05 0)
(1.03864 -6.12519e-05 0)
(1.03869 -5.3083e-05 0)
(1.03872 -4.61831e-05 0)
(1.03876 -4.01164e-05 0)
(1.03879 -3.50902e-05 0)
(1.03881 -3.05421e-05 0)
(1.03883 -2.66586e-05 0)
(1.03885 -2.32224e-05 0)
(1.03887 -2.01546e-05 0)
(1.03888 -1.74845e-05 0)
(1.03889 -1.51156e-05 0)
(1.0389 -1.29659e-05 0)
(1.03891 -1.12169e-05 0)
(1.03892 -9.5273e-06 0)
(1.03893 -8.20757e-06 0)
(1.03893 -6.98368e-06 0)
(1.03894 -5.98035e-06 0)
(1.03894 -5.10481e-06 0)
(1.03894 -4.36805e-06 0)
(1.03895 -3.69307e-06 0)
(1.03895 -3.18389e-06 0)
(1.03895 -2.63094e-06 0)
(1.03895 -2.27142e-06 0)
(1.03895 -1.85466e-06 0)
(1.03896 -1.58238e-06 0)
(1.03896 -1.26197e-06 0)
(1.03896 -1.05448e-06 0)
(1.03896 -8.00907e-07 0)
(1.03896 -6.5722e-07 0)
(1.03896 -4.48367e-07 0)
(1.03896 -3.49758e-07 0)
(1.03896 -2.06008e-07 0)
(1.03896 -1.68224e-07 0)
(1.03896 -6.36102e-08 0)
(1.03896 -7.87248e-08 0)
(1.03896 -5.91429e-09 0)
(1.03896 -5.54165e-08 0)
(1.03896 -1.58713e-08 0)
(1.03896 -6.16593e-08 0)
(1.03896 -4.04292e-08 0)
(1.03896 -9.0928e-08 0)
(1.03896 -6.71229e-08 0)
(1.03896 -1.20061e-07 0)
(1.03896 -6.79942e-08 0)
(1.03896 -1.20623e-07 0)
(1.03896 -6.51338e-08 0)
(1.03896 -9.50823e-08 0)
(1.03896 -4.8479e-08 0)
(1.03896 -6.73698e-08 0)
(1.03896 -2.32476e-08 0)
(1.03896 -4.50513e-08 0)
(1.03896 5.37191e-09 0)
(1.03896 -3.08721e-08 0)
(1.03896 1.59282e-08 0)
(1.03896 -2.05073e-08 0)
(1.03896 2.47445e-09 0)
(1.03896 -4.43128e-08 0)
(1.03896 -3.43378e-08 0)
(1.03896 -8.01492e-08 0)
(1.03896 -7.83159e-08 0)
(1.03896 -1.40157e-07 0)
(1.03896 -1.41672e-07 0)
(1.03896 -2.03088e-07 0)
(1.03896 -2.21984e-07 0)
(1.03896 -3.09657e-07 0)
(1.03896 -3.74636e-07 0)
(1.03896 -5.15925e-07 0)
(1.03896 -6.80845e-07 0)
(1.03896 -9.68016e-07 0)
(1.03896 -1.33551e-06 0)
(1.03896 -1.90498e-06 0)
(1.03897 -2.69249e-06 0)
(1.03897 -3.84692e-06 0)
(1.03897 -5.52835e-06 0)
(1.03898 -8.01602e-06 0)
(1.03898 -1.22984e-05 0)
(1.03899 -1.88468e-05 0)
(1.03901 -3.35567e-05 0)
(1.03904 -5.72964e-05 0)
(1.03907 -0.000148982 0)
(1.03931 -0.000367052 0)
(1.03959 -0.00125579 0)
(1.04168 -0.00245364 0)
(0.969674 -0.0284977 0)
(1.05126 -0.0172884 0)
(1.02687 -0.00501292 0)
(1.04179 -0.000156404 0)
(1.03534 0.000331452 0)
(1.03809 -0.000121674 0)
(1.03702 -0.000297875 0)
(1.03777 -0.000365294 0)
(1.03774 -0.000321914 0)
(1.03802 -0.000280544 0)
(1.03813 -0.000232612 0)
(1.03827 -0.000195208 0)
(1.03836 -0.000162488 0)
(1.03845 -0.000136576 0)
(1.03852 -0.000115246 0)
(1.03859 -9.81259e-05 0)
(1.03864 -8.41112e-05 0)
(1.03868 -7.24833e-05 0)
(1.03872 -6.2778e-05 0)
(1.03875 -5.45871e-05 0)
(1.03878 -4.7406e-05 0)
(1.03881 -4.14182e-05 0)
(1.03883 -3.60484e-05 0)
(1.03885 -3.14383e-05 0)
(1.03886 -2.73704e-05 0)
(1.03888 -2.37476e-05 0)
(1.03889 -2.05989e-05 0)
(1.0389 -1.78042e-05 0)
(1.03891 -1.52796e-05 0)
(1.03892 -1.32041e-05 0)
(1.03893 -1.12293e-05 0)
(1.03893 -9.65645e-06 0)
(1.03894 -8.21287e-06 0)
(1.03894 -7.0181e-06 0)
(1.03894 -5.97829e-06 0)
(1.03895 -5.09413e-06 0)
(1.03895 -4.30155e-06 0)
(1.03895 -3.68924e-06 0)
(1.03895 -3.05451e-06 0)
(1.03895 -2.62156e-06 0)
(1.03895 -2.14631e-06 0)
(1.03896 -1.82694e-06 0)
(1.03896 -1.46658e-06 0)
(1.03896 -1.2212e-06 0)
(1.03896 -9.40886e-07 0)
(1.03896 -7.71462e-07 0)
(1.03896 -5.47961e-07 0)
(1.03896 -4.28557e-07 0)
(1.03896 -2.71104e-07 0)
(1.03896 -2.2414e-07 0)
(1.03896 -1.1113e-07 0)
(1.03896 -1.18155e-07 0)
(1.03896 -3.98098e-08 0)
(1.03896 -8.05166e-08 0)
(1.03896 -4.04111e-08 0)
(1.03896 -7.84783e-08 0)
(1.03896 -5.43475e-08 0)
(1.03896 -9.83375e-08 0)
(1.03896 -7.18879e-08 0)
(1.03896 -1.22146e-07 0)
(1.03896 -6.85021e-08 0)
(1.03896 -1.16911e-07 0)
(1.03896 -6.4093e-08 0)
(1.03896 -9.15927e-08 0)
(1.03896 -4.77045e-08 0)
(1.03896 -6.55512e-08 0)
(1.03896 -2.4026e-08 0)
(1.03896 -4.54254e-08 0)
(1.03896 4.23968e-09 0)
(1.03896 -3.1313e-08 0)
(1.03896 1.20976e-08 0)
(1.03896 -2.27962e-08 0)
(1.03896 -8.06205e-10 0)
(1.03896 -4.69805e-08 0)
(1.03896 -4.07284e-08 0)
(1.03896 -8.59132e-08 0)
(1.03896 -8.49069e-08 0)
(1.03896 -1.48203e-07 0)
(1.03896 -1.56747e-07 0)
(1.03896 -2.23832e-07 0)
(1.03896 -2.52007e-07 0)
(1.03896 -3.51529e-07 0)
(1.03896 -4.37216e-07 0)
(1.03896 -6.03331e-07 0)
(1.03896 -8.04332e-07 0)
(1.03896 -1.1413e-06 0)
(1.03896 -1.58214e-06 0)
(1.03896 -2.25038e-06 0)
(1.03897 -3.17895e-06 0)
(1.03897 -4.53063e-06 0)
(1.03897 -6.49882e-06 0)
(1.03897 -9.38532e-06 0)
(1.03898 -1.43211e-05 0)
(1.03899 -2.18099e-05 0)
(1.039 -3.86156e-05 0)
(1.03903 -6.58774e-05 0)
(1.03905 -0.000172584 0)
(1.03925 -0.000429305 0)
(1.03949 -0.00147682 0)
(1.04131 -0.00289419 0)
(0.970358 -0.0342501 0)
(1.05229 -0.0201398 0)
(1.02709 -0.00573874 0)
(1.04198 -0.000191099 0)
(1.03555 0.000374879 0)
(1.03831 -0.000147391 0)
(1.03724 -0.000341259 0)
(1.03796 -0.000418156 0)
(1.0379 -0.000367445 0)
(1.03816 -0.000320169 0)
(1.03825 -0.000265188 0)
(1.03837 -0.00022244 0)
(1.03845 -0.000185042 0)
(1.03853 -0.000155459 0)
(1.03859 -0.000131119 0)
(1.03864 -0.000111585 0)
(1.03869 -9.55879e-05 0)
(1.03873 -8.2318e-05 0)
(1.03876 -7.12449e-05 0)
(1.03879 -6.19104e-05 0)
(1.03881 -5.37445e-05 0)
(1.03883 -4.69035e-05 0)
(1.03885 -4.08087e-05 0)
(1.03887 -3.556e-05 0)
(1.03888 -3.0937e-05 0)
(1.03889 -2.68261e-05 0)
(1.0389 -2.32605e-05 0)
(1.03891 -2.00971e-05 0)
(1.03892 -1.72462e-05 0)
(1.03893 -1.48871e-05 0)
(1.03893 -1.26677e-05 0)
(1.03894 -1.08778e-05 0)
(1.03894 -9.24529e-06 0)
(1.03894 -7.8861e-06 0)
(1.03895 -6.70779e-06 0)
(1.03895 -5.69799e-06 0)
(1.03895 -4.80514e-06 0)
(1.03895 -4.10546e-06 0)
(1.03895 -3.40317e-06 0)
(1.03896 -2.90863e-06 0)
(1.03896 -2.38377e-06 0)
(1.03896 -2.02464e-06 0)
(1.03896 -1.63274e-06 0)
(1.03896 -1.35608e-06 0)
(1.03896 -1.05387e-06 0)
(1.03896 -8.63039e-07 0)
(1.03896 -6.29779e-07 0)
(1.03896 -4.94573e-07 0)
(1.03896 -3.26064e-07 0)
(1.03896 -2.71932e-07 0)
(1.03896 -1.53321e-07 0)
(1.03896 -1.53878e-07 0)
(1.03896 -7.14105e-08 0)
(1.03896 -1.03552e-07 0)
(1.03896 -6.3132e-08 0)
(1.03896 -9.41163e-08 0)
(1.03896 -6.72436e-08 0)
(1.03896 -1.04598e-07 0)
(1.03896 -7.53184e-08 0)
(1.03896 -1.23028e-07 0)
(1.03896 -6.8687e-08 0)
(1.03896 -1.12887e-07 0)
(1.03896 -6.3076e-08 0)
(1.03896 -8.86208e-08 0)
(1.03896 -4.75976e-08 0)
(1.03896 -6.43265e-08 0)
(1.03896 -2.53523e-08 0)
(1.03896 -4.66682e-08 0)
(1.03896 2.04199e-09 0)
(1.03896 -3.22424e-08 0)
(1.03896 7.91619e-09 0)
(1.03896 -2.60987e-08 0)
(1.03896 -5.12517e-09 0)
(1.03896 -4.99827e-08 0)
(1.03896 -4.71611e-08 0)
(1.03896 -9.20863e-08 0)
(1.03896 -9.18433e-08 0)
(1.03896 -1.55508e-07 0)
(1.03896 -1.70274e-07 0)
(1.03896 -2.42736e-07 0)
(1.03896 -2.79439e-07 0)
(1.03896 -3.88665e-07 0)
(1.03896 -4.92396e-07 0)
(1.03896 -6.80187e-07 0)
(1.03896 -9.12566e-07 0)
(1.03896 -1.29222e-06 0)
(1.03896 -1.79686e-06 0)
(1.03896 -2.55066e-06 0)
(1.03896 -3.60026e-06 0)
(1.03897 -5.11925e-06 0)
(1.03897 -7.32656e-06 0)
(1.03897 -1.05335e-05 0)
(1.03898 -1.59647e-05 0)
(1.03898 -2.41214e-05 0)
(1.03899 -4.23876e-05 0)
(1.03901 -7.22055e-05 0)
(1.03902 -0.000190881 0)
(1.03917 -0.000480553 0)
(1.03938 -0.00166375 0)
(1.04087 -0.00327237 0)
(0.971221 -0.0403108 0)
(1.05353 -0.0228277 0)
(1.02736 -0.00636934 0)
(1.0422 -0.000228771 0)
(1.0358 0.000411157 0)
(1.03857 -0.000173754 0)
(1.03749 -0.000378878 0)
(1.03817 -0.000464027 0)
(1.03809 -0.000406386 0)
(1.03832 -0.000354037 0)
(1.03838 -0.000292876 0)
(1.03849 -0.000245535 0)
(1.03856 -0.000204116 0)
(1.03862 -0.000171396 0)
(1.03867 -0.000144482 0)
(1.03871 -0.000122885 0)
(1.03875 -0.000105197 0)
(1.03878 -9.05261e-05 0)
(1.0388 -7.82846e-05 0)
(1.03883 -6.7979e-05 0)
(1.03885 -5.89815e-05 0)
(1.03886 -5.14162e-05 0)
(1.03888 -4.47091e-05 0)
(1.03889 -3.89243e-05 0)
(1.0389 -3.38369e-05 0)
(1.03891 -2.93166e-05 0)
(1.03892 -2.54043e-05 0)
(1.03892 -2.19379e-05 0)
(1.03893 -1.88178e-05 0)
(1.03894 -1.62245e-05 0)
(1.03894 -1.38066e-05 0)
(1.03894 -1.18412e-05 0)
(1.03895 -1.00561e-05 0)
(1.03895 -8.56337e-06 0)
(1.03895 -7.27555e-06 0)
(1.03895 -6.16574e-06 0)
(1.03895 -5.19285e-06 0)
(1.03895 -4.42317e-06 0)
(1.03896 -3.6689e-06 0)
(1.03896 -3.1262e-06 0)
(1.03896 -2.56217e-06 0)
(1.03896 -2.17122e-06 0)
(1.03896 -1.75672e-06 0)
(1.03896 -1.45688e-06 0)
(1.03896 -1.13894e-06 0)
(1.03896 -9.31555e-07 0)
(1.03896 -6.93602e-07 0)
(1.03896 -5.48386e-07 0)
(1.03896 -3.72417e-07 0)
(1.03896 -3.1335e-07 0)
(1.03896 -1.91654e-07 0)
(1.03896 -1.87411e-07 0)
(1.03896 -1.02313e-07 0)
(1.03896 -1.26195e-07 0)
(1.03896 -8.55235e-08 0)
(1.03896 -1.10078e-07 0)
(1.03896 -8.09387e-08 0)
(1.03896 -1.11881e-07 0)
(1.03896 -7.98118e-08 0)
(1.03896 -1.25128e-07 0)
(1.03896 -7.10944e-08 0)
(1.03896 -1.11283e-07 0)
(1.03896 -6.46737e-08 0)
(1.03896 -8.86537e-08 0)
(1.03896 -5.06576e-08 0)
(1.03896 -6.61373e-08 0)
(1.03896 -2.95613e-08 0)
(1.03896 -5.0971e-08 0)
(1.03896 -3.50545e-09 0)
(1.03896 -3.6101e-08 0)
(1.03896 1.11e-09 0)
(1.03896 -3.25539e-08 0)
(1.03896 -1.27168e-08 0)
(1.03896 -5.57054e-08 0)
(1.03896 -5.57836e-08 0)
(1.03896 -1.00714e-07 0)
(1.03896 -1.01388e-07 0)
(1.03896 -1.64428e-07 0)
(1.03896 -1.84335e-07 0)
(1.03896 -2.61551e-07 0)
(1.03896 -3.05774e-07 0)
(1.03896 -4.22229e-07 0)
(1.03896 -5.40663e-07 0)
(1.03896 -7.46316e-07 0)
(1.03896 -1.0047e-06 0)
(1.03896 -1.41887e-06 0)
(1.03896 -1.97597e-06 0)
(1.03896 -2.80001e-06 0)
(1.03896 -3.94792e-06 0)
(1.03896 -5.60032e-06 0)
(1.03897 -7.99327e-06 0)
(1.03897 -1.14346e-05 0)
(1.03897 -1.71901e-05 0)
(1.03898 -2.57208e-05 0)
(1.03898 -4.47574e-05 0)
(1.03899 -7.60666e-05 0)
(1.03899 -0.000203255 0)
(1.0391 -0.000519311 0)
(1.03926 -0.00181104 0)
(1.04037 -0.00357728 0)
(0.972301 -0.0467461 0)
(1.055 -0.0253116 0)
(1.02767 -0.00688801 0)
(1.04245 -0.000269505 0)
(1.0361 0.000440098 0)
(1.03886 -0.000200031 0)
(1.03778 -0.000409595 0)
(1.03841 -0.000501666 0)
(1.03831 -0.000437658 0)
(1.0385 -0.000381216 0)
(1.03854 -0.00031491 0)
(1.03862 -0.000263859 0)
(1.03867 -0.000219185 0)
(1.03872 -0.00018395 0)
(1.03875 -0.000154966 0)
(1.03878 -0.000131716 0)
(1.03881 -0.000112674 0)
(1.03883 -9.68815e-05 0)
(1.03885 -8.37028e-05 0)
(1.03887 -7.26233e-05 0)
(1.03888 -6.29695e-05 0)
(1.03889 -5.4829e-05 0)
(1.0389 -4.76384e-05 0)
(1.03891 -4.14338e-05 0)
(1.03892 -3.59859e-05 0)
(1.03893 -3.11462e-05 0)
(1.03893 -2.69656e-05 0)
(1.03894 -2.32697e-05 0)
(1.03894 -1.99456e-05 0)
(1.03894 -1.71738e-05 0)
(1.03895 -1.46083e-05 0)
(1.03895 -1.2514e-05 0)
(1.03895 -1.06174e-05 0)
(1.03895 -9.02589e-06 0)
(1.03895 -7.66006e-06 0)
(1.03895 -6.47913e-06 0)
(1.03895 -5.4494e-06 0)
(1.03895 -4.62892e-06 0)
(1.03896 -3.83953e-06 0)
(1.03896 -3.26366e-06 0)
(1.03896 -2.67292e-06 0)
(1.03896 -2.25935e-06 0)
(1.03896 -1.83179e-06 0)
(1.03896 -1.51829e-06 0)
(1.03896 -1.1924e-06 0)
(1.03896 -9.73818e-07 0)
(1.03896 -7.3609e-07 0)
(1.03896 -5.8689e-07 0)
(1.03896 -4.07807e-07 0)
(1.03896 -3.45995e-07 0)
(1.03896 -2.23614e-07 0)
(1.03896 -2.16095e-07 0)
(1.03896 -1.29915e-07 0)
(1.03896 -1.45979e-07 0)
(1.03896 -1.04996e-07 0)
(1.03896 -1.23759e-07 0)
(1.03896 -9.30717e-08 0)
(1.03896 -1.18194e-07 0)
(1.03896 -8.35817e-08 0)
(1.03896 -1.26619e-07 0)
(1.03896 -7.38615e-08 0)
(1.03896 -1.10428e-07 0)
(1.03896 -6.70302e-08 0)
(1.03896 -8.96879e-08 0)
(1.03896 -5.48218e-08 0)
(1.03896 -6.89215e-08 0)
(1.03896 -3.45041e-08 0)
(1.03896 -5.60769e-08 0)
(1.03896 -1.02119e-08 0)
(1.03896 -4.08794e-08 0)
(1.03896 -6.80043e-09 0)
(1.03896 -4.01573e-08 0)
(1.03896 -2.17297e-08 0)
(1.03896 -6.1975e-08 0)
(1.03896 -6.42733e-08 0)
(1.03896 -1.09446e-07 0)
(1.03896 -1.11272e-07 0)
(1.03896 -1.72991e-07 0)
(1.03896 -1.96806e-07 0)
(1.03896 -2.77811e-07 0)
(1.03896 -3.28454e-07 0)
(1.03896 -4.49456e-07 0)
(1.03896 -5.78801e-07 0)
(1.03896 -7.97919e-07 0)
(1.03896 -1.07635e-06 0)
(1.03896 -1.51518e-06 0)
(1.03896 -2.1113e-06 0)
(1.03896 -2.98755e-06 0)
(1.03896 -4.20807e-06 0)
(1.03896 -5.95617e-06 0)
(1.03896 -8.47639e-06 0)
(1.03896 -1.20607e-05 0)
(1.03897 -1.79627e-05 0)
(1.03897 -2.65654e-05 0)
(1.03897 -4.56567e-05 0)
(1.03897 -7.73325e-05 0)
(1.03896 -0.000209261 0)
(1.03901 -0.000544354 0)
(1.03912 -0.00191359 0)
(1.03982 -0.00379831 0)
(0.973651 -0.0536322 0)
(1.05672 -0.0275431 0)
(1.02804 -0.00727692 0)
(1.04273 -0.000313009 0)
(1.03644 0.000461802 0)
(1.03919 -0.00022518 0)
(1.03809 -0.000432209 0)
(1.03868 -0.000529782 0)
(1.03854 -0.000460166 0)
(1.03869 -0.00040077 0)
(1.0387 -0.000330528 0)
(1.03876 -0.000276782 0)
(1.03879 -0.000229732 0)
(1.03882 -0.000192694 0)
(1.03884 -0.000162217 0)
(1.03886 -0.000137777 0)
(1.03888 -0.000117765 0)
(1.03889 -0.000101169 0)
(1.0389 -8.73166e-05 0)
(1.03891 -7.56849e-05 0)
(1.03892 -6.5571e-05 0)
(1.03892 -5.70242e-05 0)
(1.03893 -4.9495e-05 0)
(1.03893 -4.29994e-05 0)
(1.03894 -3.73067e-05 0)
(1.03894 -3.22486e-05 0)
(1.03894 -2.78864e-05 0)
(1.03894 -2.4041e-05 0)
(1.03895 -2.05854e-05 0)
(1.03895 -1.76972e-05 0)
(1.03895 -1.50396e-05 0)
(1.03895 -1.28666e-05 0)
(1.03895 -1.09042e-05 0)
(1.03895 -9.25223e-06 0)
(1.03895 -7.84182e-06 0)
(1.03895 -6.62115e-06 0)
(1.03895 -5.56059e-06 0)
(1.03895 -4.7106e-06 0)
(1.03895 -3.9043e-06 0)
(1.03895 -3.31177e-06 0)
(1.03895 -2.70906e-06 0)
(1.03895 -2.28355e-06 0)
(1.03895 -1.85243e-06 0)
(1.03895 -1.53514e-06 0)
(1.03895 -1.20982e-06 0)
(1.03895 -9.85237e-07 0)
(1.03895 -7.51466e-07 0)
(1.03895 -6.03029e-07 0)
(1.03895 -4.23932e-07 0)
(1.03895 -3.60138e-07 0)
(1.03895 -2.38244e-07 0)
(1.03895 -2.28722e-07 0)
(1.03895 -1.42963e-07 0)
(1.03895 -1.51841e-07 0)
(1.03895 -1.10462e-07 0)
(1.03895 -1.23984e-07 0)
(1.03895 -9.26394e-08 0)
(1.03895 -1.12807e-07 0)
(1.03895 -7.60774e-08 0)
(1.03895 -1.16944e-07 0)
(1.03895 -6.61969e-08 0)
(1.03895 -9.97327e-08 0)
(1.03895 -5.94007e-08 0)
(1.03895 -8.0778e-08 0)
(1.03895 -4.91488e-08 0)
(1.03895 -6.16862e-08 0)
(1.03895 -2.92029e-08 0)
(1.03895 -5.08906e-08 0)
(1.03895 -6.45349e-09 0)
(1.03895 -3.52796e-08 0)
(1.03895 -4.60717e-09 0)
(1.03895 -3.73815e-08 0)
(1.03895 -2.07068e-08 0)
(1.03895 -5.72923e-08 0)
(1.03895 -6.14481e-08 0)
(1.03895 -1.07187e-07 0)
(1.03895 -1.1053e-07 0)
(1.03895 -1.70525e-07 0)
(1.03895 -1.96996e-07 0)
(1.03895 -2.80542e-07 0)
(1.03895 -3.36916e-07 0)
(1.03895 -4.61522e-07 0)
(1.03895 -5.99273e-07 0)
(1.03895 -8.28341e-07 0)
(1.03895 -1.12136e-06 0)
(1.03895 -1.57492e-06 0)
(1.03895 -2.19496e-06 0)
(1.03895 -3.1024e-06 0)
(1.03895 -4.36661e-06 0)
(1.03895 -6.16917e-06 0)
(1.03895 -8.75441e-06 0)
(1.03895 -1.23874e-05 0)
(1.03895 -1.82587e-05 0)
(1.03895 -2.66367e-05 0)
(1.03895 -4.50747e-05 0)
(1.03895 -7.59778e-05 0)
(1.03893 -0.00020866 0)
(1.03892 -0.000554758 0)
(1.03898 -0.00196682 0)
(1.03921 -0.00392527 0)
(0.975334 -0.0610586 0)
(1.05871 -0.029463 0)
(1.02846 -0.00751696 0)
(1.04303 -0.000358515 0)
(1.03681 0.000476496 0)
(1.03954 -0.000247943 0)
(1.03844 -0.000445567 0)
(1.03896 -0.000547133 0)
(1.03878 -0.00047291 0)
(1.0389 -0.000411859 0)
(1.03887 -0.000339079 0)
(1.0389 -0.000283788 0)
(1.03891 -0.000235356 0)
(1.03892 -0.000197313 0)
(1.03892 -0.000165993 0)
(1.03893 -0.000140885 0)
(1.03893 -0.000120331 0)
(1.03894 -0.000103291 0)
(1.03894 -8.90597e-05 0)
(1.03894 -7.7123e-05 0)
(1.03894 -6.6766e-05 0)
(1.03894 -5.80013e-05 0)
(1.03894 -5.02948e-05 0)
(1.03894 -4.36496e-05 0)
(1.03894 -3.78394e-05 0)
(1.03894 -3.2676e-05 0)
(1.03894 -2.82276e-05 0)
(1.03894 -2.43193e-05 0)
(1.03894 -2.08109e-05 0)
(1.03894 -1.78737e-05 0)
(1.03894 -1.51831e-05 0)
(1.03894 -1.29836e-05 0)
(1.03894 -1.10034e-05 0)
(1.03894 -9.33127e-06 0)
(1.03894 -7.90988e-06 0)
(1.03894 -6.68071e-06 0)
(1.03894 -5.61568e-06 0)
(1.03894 -4.75727e-06 0)
(1.03894 -3.951e-06 0)
(1.03894 -3.35671e-06 0)
(1.03894 -2.75546e-06 0)
(1.03894 -2.32713e-06 0)
(1.03894 -1.89796e-06 0)
(1.03893 -1.58137e-06 0)
(1.03893 -1.25978e-06 0)
(1.03893 -1.03329e-06 0)
(1.03893 -8.05369e-07 0)
(1.03893 -6.59706e-07 0)
(1.03893 -4.80608e-07 0)
(1.03893 -4.11901e-07 0)
(1.03893 -2.90684e-07 0)
(1.03893 -2.8039e-07 0)
(1.03893 -1.97118e-07 0)
(1.03893 -2.00048e-07 0)
(1.03893 -1.58488e-07 0)
(1.03893 -1.67599e-07 0)
(1.03893 -1.3655e-07 0)
(1.03893 -1.52889e-07 0)
(1.03893 -1.1487e-07 0)
(1.03893 -1.5323e-07 0)
(1.03893 -1.05565e-07 0)
(1.03893 -1.36445e-07 0)
(1.03893 -9.9348e-08 0)
(1.03893 -1.19426e-07 0)
(1.03893 -9.12488e-08 0)
(1.03893 -1.02495e-07 0)
(1.03893 -7.19685e-08 0)
(1.03893 -9.37703e-08 0)
(1.03893 -5.23263e-08 0)
(1.03893 -7.93893e-08 0)
(1.03893 -5.18106e-08 0)
(1.03893 -8.38884e-08 0)
(1.03893 -6.91979e-08 0)
(1.03893 -1.02121e-07 0)
(1.03893 -1.06274e-07 0)
(1.03893 -1.51433e-07 0)
(1.03893 -1.56132e-07 0)
(1.03893 -2.13239e-07 0)
(1.03893 -2.40622e-07 0)
(1.03893 -3.24713e-07 0)
(1.03893 -3.87505e-07 0)
(1.03893 -5.18302e-07 0)
(1.03893 -6.64761e-07 0)
(1.03893 -9.021e-07 0)
(1.03893 -1.206e-06 0)
(1.03893 -1.67156e-06 0)
(1.03893 -2.30699e-06 0)
(1.03893 -3.22774e-06 0)
(1.03893 -4.50874e-06 0)
(1.03893 -6.32557e-06 0)
(1.03893 -8.91412e-06 0)
(1.03893 -1.25037e-05 0)
(1.03893 -1.81763e-05 0)
(1.03893 -2.60541e-05 0)
(1.03892 -4.31737e-05 0)
(1.03891 -7.21978e-05 0)
(1.03889 -0.000201556 0)
(1.03882 -0.000550053 0)
(1.03882 -0.00196699 0)
(1.03856 -0.00394859 0)
(0.977431 -0.0691324 0)
(1.06097 -0.0309985 0)
(1.02892 -0.00758734 0)
(1.04334 -0.000404611 0)
(1.03721 0.000484277 0)
(1.03989 -0.000266998 0)
(1.03877 -0.000448731 0)
(1.03924 -0.000552656 0)
(1.03901 -0.000475125 0)
(1.03908 -0.00041389 0)
(1.03902 -0.00034018 0)
(1.03902 -0.000284644 0)
(1.039 -0.000235951 0)
(1.03899 -0.000197802 0)
(1.03898 -0.000166365 0)
(1.03897 -0.000141171 0)
(1.03896 -0.000120552 0)
(1.03895 -0.000103465 0)
(1.03895 -8.91866e-05 0)
(1.03894 -7.72196e-05 0)
(1.03893 -6.68592e-05 0)
(1.03893 -5.80858e-05 0)
(1.03892 -5.03826e-05 0)
(1.03892 -4.37453e-05 0)
(1.03891 -3.79587e-05 0)
(1.03891 -3.28177e-05 0)
(1.03891 -2.83924e-05 0)
(1.0389 -2.4518e-05 0)
(1.0389 -2.10389e-05 0)
(1.0389 -1.8123e-05 0)
(1.0389 -1.54595e-05 0)
(1.03889 -1.32847e-05 0)
(1.03889 -1.1333e-05 0)
(1.03889 -9.67892e-06 0)
(1.03889 -8.27606e-06 0)
(1.03889 -7.06396e-06 0)
(1.03889 -6.01494e-06 0)
(1.03889 -5.16242e-06 0)
(1.03889 -4.36434e-06 0)
(1.03888 -3.77337e-06 0)
(1.03888 -3.17583e-06 0)
(1.03888 -2.74348e-06 0)
(1.03888 -2.31543e-06 0)
(1.03888 -1.99589e-06 0)
(1.03888 -1.67298e-06 0)
(1.03888 -1.45287e-06 0)
(1.03888 -1.23773e-06 0)
(1.03888 -1.10329e-06 0)
(1.03888 -9.34809e-07 0)
(1.03888 -8.69655e-07 0)
(1.03888 -7.53542e-07 0)
(1.03888 -7.43719e-07 0)
(1.03888 -6.65004e-07 0)
(1.03888 -6.63529e-07 0)
(1.03888 -6.22139e-07 0)
(1.03888 -6.27654e-07 0)
(1.03888 -5.97806e-07 0)
(1.03888 -6.11434e-07 0)
(1.03888 -5.73023e-07 0)
(1.03888 -6.08544e-07 0)
(1.03888 -5.64772e-07 0)
(1.03888 -5.9338e-07 0)
(1.03888 -5.59608e-07 0)
(1.03888 -5.78256e-07 0)
(1.03888 -5.53606e-07 0)
(1.03888 -5.63923e-07 0)
(1.03888 -5.35233e-07 0)
(1.03888 -5.57073e-07 0)
(1.03888 -5.20117e-07 0)
(1.03888 -5.45605e-07 0)
(1.03888 -5.20494e-07 0)
(1.03888 -5.51817e-07 0)
(1.03888 -5.39192e-07 0)
(1.03888 -5.68768e-07 0)
(1.03888 -5.7135e-07 0)
(1.03888 -6.14531e-07 0)
(1.03888 -6.20345e-07 0)
(1.03888 -6.73725e-07 0)
(1.03888 -7.00386e-07 0)
(1.03888 -7.82672e-07 0)
(1.03888 -8.4697e-07 0)
(1.03888 -9.74688e-07 0)
(1.03888 -1.12004e-06 0)
(1.03888 -1.35513e-06 0)
(1.03888 -1.6595e-06 0)
(1.03888 -2.14504e-06 0)
(1.03888 -2.79966e-06 0)
(1.03888 -3.73552e-06 0)
(1.03888 -5.0228e-06 0)
(1.03888 -6.82638e-06 0)
(1.03888 -9.36686e-06 0)
(1.03888 -1.28319e-05 0)
(1.03887 -1.81585e-05 0)
(1.03887 -2.52996e-05 0)
(1.03886 -4.05119e-05 0)
(1.03884 -6.66297e-05 0)
(1.03881 -0.000188619 0)
(1.03869 -0.000530401 0)
(1.03863 -0.00191152 0)
(1.03784 -0.0038597 0)
(0.980018 -0.0779744 0)
(1.0635 -0.032056 0)
(1.02937 -0.00746414 0)
(1.04356 -0.000448252 0)
(1.03755 0.000485481 0)
(1.04016 -0.000280476 0)
(1.03904 -0.000440477 0)
(1.03943 -0.000544913 0)
(1.03916 -0.000465741 0)
(1.03917 -0.000405994 0)
(1.03908 -0.000333221 0)
(1.03904 -0.00027893 0)
(1.039 -0.000231271 0)
(1.03896 -0.000194058 0)
(1.03893 -0.00016332 0)
(1.03891 -0.00013868 0)
(1.03889 -0.00011852 0)
(1.03887 -0.000101822 0)
(1.03885 -8.78601e-05 0)
(1.03883 -7.61646e-05 0)
(1.03882 -6.60608e-05 0)
(1.03881 -5.7506e-05 0)
(1.0388 -5.00035e-05 0)
(1.03879 -4.35445e-05 0)
(1.03878 -3.79332e-05 0)
(1.03877 -3.29532e-05 0)
(1.03877 -2.86708e-05 0)
(1.03876 -2.49347e-05 0)
(1.03876 -2.15708e-05 0)
(1.03875 -1.87501e-05 0)
(1.03875 -1.61772e-05 0)
(1.03874 -1.40788e-05 0)
(1.03874 -1.22021e-05 0)
(1.03874 -1.06051e-05 0)
(1.03874 -9.25001e-06 0)
(1.03873 -8.07903e-06 0)
(1.03873 -7.06529e-06 0)
(1.03873 -6.23199e-06 0)
(1.03873 -5.44876e-06 0)
(1.03873 -4.86397e-06 0)
(1.03873 -4.27032e-06 0)
(1.03873 -3.83505e-06 0)
(1.03873 -3.42889e-06 0)
(1.03873 -3.13202e-06 0)
(1.03872 -2.83555e-06 0)
(1.03872 -2.63147e-06 0)
(1.03872 -2.43554e-06 0)
(1.03872 -2.31935e-06 0)
(1.03872 -2.17105e-06 0)
(1.03872 -2.11745e-06 0)
(1.03872 -2.01012e-06 0)
(1.03872 -2.00155e-06 0)
(1.03872 -1.92888e-06 0)
(1.03872 -1.92451e-06 0)
(1.03872 -1.88371e-06 0)
(1.03872 -1.8862e-06 0)
(1.03872 -1.85834e-06 0)
(1.03872 -1.87016e-06 0)
(1.03872 -1.83211e-06 0)
(1.03872 -1.86482e-06 0)
(1.03872 -1.82506e-06 0)
(1.03872 -1.85192e-06 0)
(1.03872 -1.82121e-06 0)
(1.03872 -1.83818e-06 0)
(1.03872 -1.8169e-06 0)
(1.03872 -1.82641e-06 0)
(1.03872 -1.79935e-06 0)
(1.03872 -1.82093e-06 0)
(1.03872 -1.78808e-06 0)
(1.03872 -1.81237e-06 0)
(1.03872 -1.78941e-06 0)
(1.03872 -1.81946e-06 0)
(1.03872 -1.80892e-06 0)
(1.03872 -1.83521e-06 0)
(1.03872 -1.83645e-06 0)
(1.03872 -1.87724e-06 0)
(1.03872 -1.88416e-06 0)
(1.03872 -1.93388e-06 0)
(1.03872 -1.95877e-06 0)
(1.03872 -2.03717e-06 0)
(1.03872 -2.0981e-06 0)
(1.03872 -2.21412e-06 0)
(1.03872 -2.34914e-06 0)
(1.03872 -2.57173e-06 0)
(1.03872 -2.86424e-06 0)
(1.03872 -3.33105e-06 0)
(1.03872 -3.97304e-06 0)
(1.03872 -4.92621e-06 0)
(1.03872 -6.21061e-06 0)
(1.03872 -7.97421e-06 0)
(1.03872 -1.04169e-05 0)
(1.03872 -1.3682e-05 0)
(1.03871 -1.85369e-05 0)
(1.0387 -2.4754e-05 0)
(1.03869 -3.75878e-05 0)
(1.03867 -5.99243e-05 0)
(1.03863 -0.00017071 0)
(1.03847 -0.000496109 0)
(1.03834 -0.00179852 0)
(1.03701 -0.00365055 0)
(0.983105 -0.0876813 0)
(1.06611 -0.0325083 0)
(1.02959 -0.00711863 0)
(1.04347 -0.000483041 0)
(1.03762 0.00048174 0)
(1.04015 -0.000284539 0)
(1.03902 -0.000417933 0)
(1.03933 -0.000520751 0)
(1.039 -0.000442014 0)
(1.03896 -0.000385603 0)
(1.03883 -0.000315871 0)
(1.03876 -0.000264465 0)
(1.03868 -0.00021927 0)
(1.03862 -0.000184135 0)
(1.03857 -0.000154977 0)
(1.03853 -0.000131573 0)
(1.03849 -0.000112423 0)
(1.03846 -9.65671e-05 0)
(1.03844 -8.3296e-05 0)
(1.03841 -7.21759e-05 0)
(1.03839 -6.25814e-05 0)
(1.03837 -5.44581e-05 0)
(1.03836 -4.7334e-05 0)
(1.03834 -4.11967e-05 0)
(1.03833 -3.5876e-05 0)
(1.03832 -3.11528e-05 0)
(1.03831 -2.70849e-05 0)
(1.0383 -2.35432e-05 0)
(1.03829 -2.03868e-05 0)
(1.03829 -1.77457e-05 0)
(1.03828 -1.53387e-05 0)
(1.03828 -1.33801e-05 0)
(1.03827 -1.1637e-05 0)
(1.03827 -1.01515e-05 0)
(1.03826 -8.89035e-06 0)
(1.03826 -7.804e-06 0)
(1.03826 -6.86698e-06 0)
(1.03826 -6.09325e-06 0)
(1.03826 -5.3635e-06 0)
(1.03825 -4.82073e-06 0)
(1.03825 -4.2709e-06 0)
(1.03825 -3.86468e-06 0)
(1.03825 -3.4866e-06 0)
(1.03825 -3.22833e-06 0)
(1.03825 -2.98079e-06 0)
(1.03825 -2.79818e-06 0)
(1.03825 -2.62263e-06 0)
(1.03825 -2.52364e-06 0)
(1.03825 -2.39382e-06 0)
(1.03825 -2.34848e-06 0)
(1.03825 -2.24961e-06 0)
(1.03825 -2.24275e-06 0)
(1.03825 -2.17753e-06 0)
(1.03825 -2.17197e-06 0)
(1.03825 -2.1326e-06 0)
(1.03825 -2.13282e-06 0)
(1.03825 -2.10758e-06 0)
(1.03825 -2.1183e-06 0)
(1.03825 -2.08152e-06 0)
(1.03825 -2.11132e-06 0)
(1.03825 -2.07577e-06 0)
(1.03825 -2.10102e-06 0)
(1.03825 -2.07333e-06 0)
(1.03825 -2.08845e-06 0)
(1.03825 -2.0704e-06 0)
(1.03825 -2.0795e-06 0)
(1.03825 -2.0543e-06 0)
(1.03825 -2.07532e-06 0)
(1.03825 -2.04678e-06 0)
(1.03825 -2.07e-06 0)
(1.03825 -2.04912e-06 0)
(1.03825 -2.07722e-06 0)
(1.03825 -2.06864e-06 0)
(1.03825 -2.09176e-06 0)
(1.03825 -2.09145e-06 0)
(1.03825 -2.12897e-06 0)
(1.03825 -2.13649e-06 0)
(1.03825 -2.18215e-06 0)
(1.03825 -2.20421e-06 0)
(1.03825 -2.27662e-06 0)
(1.03825 -2.33439e-06 0)
(1.03825 -2.44153e-06 0)
(1.03825 -2.56678e-06 0)
(1.03825 -2.77438e-06 0)
(1.03825 -3.04844e-06 0)
(1.03825 -3.46509e-06 0)
(1.03825 -4.07493e-06 0)
(1.03825 -4.97829e-06 0)
(1.03824 -6.18953e-06 0)
(1.03824 -7.83869e-06 0)
(1.03824 -1.00989e-05 0)
(1.03824 -1.30688e-05 0)
(1.03823 -1.73305e-05 0)
(1.03822 -2.24878e-05 0)
(1.03821 -3.27015e-05 0)
(1.03818 -5.07456e-05 0)
(1.03814 -0.000147128 0)
(1.03794 -0.0004462 0)
(1.03774 -0.00162574 0)
(1.03587 -0.00331293 0)
(0.986403 -0.0982879 0)
(1.06823 -0.0321944 0)
(1.02897 -0.0065258 0)
(1.04243 -0.000505788 0)
(1.0368 0.000469316 0)
(1.03921 -0.000278815 0)
(1.03808 -0.000382253 0)
(1.03829 -0.000481287 0)
(1.03792 -0.000405268 0)
(1.03782 -0.000353958 0)
(1.03764 -0.000289199 0)
(1.03753 -0.000242037 0)
(1.03742 -0.000200358 0)
(1.03734 -0.000168024 0)
(1.03727 -0.000141242 0)
(1.03721 -0.000119774 0)
(1.03716 -0.000102194 0)
(1.03711 -8.76293e-05 0)
(1.03707 -7.5408e-05 0)
(1.03704 -6.51433e-05 0)
(1.03701 -5.62744e-05 0)
(1.03699 -4.87464e-05 0)
(1.03696 -4.21185e-05 0)
(1.03694 -3.63735e-05 0)
(1.03693 -3.1372e-05 0)
(1.03691 -2.68963e-05 0)
(1.0369 -2.29959e-05 0)
(1.03689 -1.95838e-05 0)
(1.03688 -1.67282e-05 0)
(1.03687 -1.43548e-05 0)
(1.03686 -1.21934e-05 0)
(1.03686 -1.04409e-05 0)
(1.03685 -8.89211e-06 0)
(1.03685 -7.57529e-06 0)
(1.03684 -6.45857e-06 0)
(1.03684 -5.50436e-06 0)
(1.03684 -4.68939e-06 0)
(1.03683 -4.02113e-06 0)
(1.03683 -3.39145e-06 0)
(1.03683 -2.93356e-06 0)
(1.03683 -2.47536e-06 0)
(1.03683 -2.1396e-06 0)
(1.03683 -1.80672e-06 0)
(1.03683 -1.5852e-06 0)
(1.03683 -1.37643e-06 0)
(1.03682 -1.22028e-06 0)
(1.03682 -1.06819e-06 0)
(1.03682 -9.87217e-07 0)
(1.03682 -8.77327e-07 0)
(1.03682 -8.40876e-07 0)
(1.03682 -7.52164e-07 0)
(1.03682 -7.47366e-07 0)
(1.03682 -6.90799e-07 0)
(1.03682 -6.85527e-07 0)
(1.03682 -6.48745e-07 0)
(1.03682 -6.47479e-07 0)
(1.03682 -6.25327e-07 0)
(1.03682 -6.3542e-07 0)
(1.03682 -6.00962e-07 0)
(1.03682 -6.27673e-07 0)
(1.03682 -5.96586e-07 0)
(1.03682 -6.20045e-07 0)
(1.03682 -5.95515e-07 0)
(1.03682 -6.08721e-07 0)
(1.03682 -5.93803e-07 0)
(1.03682 -6.02805e-07 0)
(1.03682 -5.79978e-07 0)
(1.03682 -6.00062e-07 0)
(1.03682 -5.76033e-07 0)
(1.03682 -5.98107e-07 0)
(1.03682 -5.79339e-07 0)
(1.03682 -6.04759e-07 0)
(1.03682 -5.97884e-07 0)
(1.03682 -6.17966e-07 0)
(1.03682 -6.16037e-07 0)
(1.03682 -6.49271e-07 0)
(1.03682 -6.56632e-07 0)
(1.03682 -6.97505e-07 0)
(1.03682 -7.1585e-07 0)
(1.03682 -7.80121e-07 0)
(1.03682 -8.32805e-07 0)
(1.03682 -9.29309e-07 0)
(1.03682 -1.04162e-06 0)
(1.03682 -1.22859e-06 0)
(1.03682 -1.47653e-06 0)
(1.03682 -1.84982e-06 0)
(1.03682 -2.39155e-06 0)
(1.03682 -3.16254e-06 0)
(1.03682 -4.21728e-06 0)
(1.03682 -5.66796e-06 0)
(1.03681 -7.6559e-06 0)
(1.03681 -1.02381e-05 0)
(1.0368 -1.38091e-05 0)
(1.03679 -1.7842e-05 0)
(1.03678 -2.55614e-05 0)
(1.03674 -3.93898e-05 0)
(1.0367 -0.000119371 0)
(1.03647 -0.000383946 0)
(1.03621 -0.00139858 0)
(1.03382 -0.00284683 0)
(0.988581 -0.109968 0)
(1.06796 -0.0309669 0)
(1.02559 -0.00569922 0)
(1.0385 -0.000550265 0)
(1.03316 0.000405038 0)
(1.03544 -0.000298926 0)
(1.03431 -0.00037088 0)
(1.03442 -0.000464073 0)
(1.03399 -0.000393022 0)
(1.03382 -0.000348247 0)
(1.0336 -0.000289842 0)
(1.03345 -0.000247609 0)
(1.03331 -0.000209634 0)
(1.0332 -0.000179902 0)
(1.03311 -0.000156185 0)
(1.03303 -0.0001375 0)
(1.03296 -0.000122204 0)
(1.03291 -0.000109538 0)
(1.03286 -9.88979e-05 0)
(1.03282 -8.99554e-05 0)
(1.03278 -8.22338e-05 0)
(1.03275 -7.56884e-05 0)
(1.03272 -6.99263e-05 0)
(1.03269 -6.4928e-05 0)
(1.03267 -6.05873e-05 0)
(1.03265 -5.67087e-05 0)
(1.03264 -5.33244e-05 0)
(1.03262 -5.03685e-05 0)
(1.03261 -4.79184e-05 0)
(1.0326 -4.58928e-05 0)
(1.03259 -4.40463e-05 0)
(1.03259 -4.25539e-05 0)
(1.03258 -4.1244e-05 0)
(1.03257 -4.01346e-05 0)
(1.03257 -3.91929e-05 0)
(1.03257 -3.83941e-05 0)
(1.03256 -3.77186e-05 0)
(1.03256 -3.71698e-05 0)
(1.03256 -3.66504e-05 0)
(1.03256 -3.62813e-05 0)
(1.03255 -3.59158e-05 0)
(1.03255 -3.56546e-05 0)
(1.03255 -3.53914e-05 0)
(1.03255 -3.52162e-05 0)
(1.03255 -3.50475e-05 0)
(1.03255 -3.49226e-05 0)
(1.03255 -3.47971e-05 0)
(1.03255 -3.47349e-05 0)
(1.03255 -3.46468e-05 0)
(1.03255 -3.46206e-05 0)
(1.03255 -3.45445e-05 0)
(1.03255 -3.45422e-05 0)
(1.03255 -3.44953e-05 0)
(1.03255 -3.44917e-05 0)
(1.03255 -3.44589e-05 0)
(1.03255 -3.4457e-05 0)
(1.03255 -3.44383e-05 0)
(1.03255 -3.44478e-05 0)
(1.03255 -3.44167e-05 0)
(1.03255 -3.44401e-05 0)
(1.03255 -3.44135e-05 0)
(1.03255 -3.44348e-05 0)
(1.03255 -3.44137e-05 0)
(1.03255 -3.44251e-05 0)
(1.03255 -3.44132e-05 0)
(1.03255 -3.44224e-05 0)
(1.03255 -3.44026e-05 0)
(1.03255 -3.44214e-05 0)
(1.03255 -3.44019e-05 0)
(1.03255 -3.44225e-05 0)
(1.03255 -3.4406e-05 0)
(1.03255 -3.44279e-05 0)
(1.03255 -3.44223e-05 0)
(1.03255 -3.44393e-05 0)
(1.03255 -3.44358e-05 0)
(1.03255 -3.44638e-05 0)
(1.03255 -3.44702e-05 0)
(1.03255 -3.45055e-05 0)
(1.03255 -3.45195e-05 0)
(1.03255 -3.45736e-05 0)
(1.03255 -3.46187e-05 0)
(1.03255 -3.47012e-05 0)
(1.03255 -3.47961e-05 0)
(1.03255 -3.49559e-05 0)
(1.03255 -3.51685e-05 0)
(1.03254 -3.54871e-05 0)
(1.03254 -3.59223e-05 0)
(1.03254 -3.65552e-05 0)
(1.03254 -3.74363e-05 0)
(1.03254 -3.86565e-05 0)
(1.03253 -4.03245e-05 0)
(1.03253 -4.24633e-05 0)
(1.03252 -4.52974e-05 0)
(1.03251 -4.82105e-05 0)
(1.03249 -5.32379e-05 0)
(1.03246 -6.23619e-05 0)
(1.03242 -0.000123611 0)
(1.03218 -0.000349259 0)
(1.03186 -0.00116822 0)
(1.02902 -0.00229703 0)
(0.984975 -0.123291 0)
(1.0595 -0.028658 0)
(1.01374 -0.00469245 0)
(1.0259 -0.000702526 0)
(1.02098 0.000183802 0)
(1.02309 -0.000443752 0)
(1.02198 -0.000481772 0)
(1.02198 -0.000563696 0)
(1.0215 -0.000501845 0)
(1.02127 -0.000466443 0)
(1.021 -0.000418355 0)
(1.02082 -0.000384275 0)
(1.02065 -0.000353281 0)
(1.02051 -0.000329086 0)
(1.0204 -0.000309937 0)
(1.0203 -0.00029492 0)
(1.02022 -0.000282628 0)
(1.02015 -0.000272468 0)
(1.02009 -0.00026394 0)
(1.02003 -0.000256786 0)
(1.01999 -0.000250631 0)
(1.01995 -0.000245444 0)
(1.01992 -0.000240907 0)
(1.01989 -0.000236997 0)
(1.01986 -0.000233641 0)
(1.01984 -0.000230688 0)
(1.01982 -0.000228146 0)
(1.01981 -0.000225952 0)
(1.01979 -0.000224007 0)
(1.01978 -0.000222403 0)
(1.01977 -0.000220938 0)
(1.01976 -0.000219757 0)
(1.01976 -0.000218726 0)
(1.01975 -0.000217857 0)
(1.01975 -0.000217118 0)
(1.01974 -0.000216492 0)
(1.01974 -0.000215966 0)
(1.01973 -0.000215542 0)
(1.01973 -0.000215136 0)
(1.01973 -0.000214851 0)
(1.01973 -0.000214569 0)
(1.01973 -0.000214372 0)
(1.01973 -0.00021417 0)
(1.01972 -0.000214039 0)
(1.01972 -0.000213914 0)
(1.01972 -0.000213823 0)
(1.01972 -0.000213728 0)
(1.01972 -0.000213685 0)
(1.01972 -0.00021362 0)
(1.01972 -0.000213605 0)
(1.01972 -0.000213544 0)
(1.01972 -0.000213544 0)
(1.01972 -0.000213507 0)
(1.01972 -0.000213505 0)
(1.01972 -0.000213478 0)
(1.01972 -0.000213475 0)
(1.01972 -0.00021346 0)
(1.01972 -0.000213469 0)
(1.01972 -0.000213443 0)
(1.01972 -0.000213463 0)
(1.01972 -0.000213442 0)
(1.01972 -0.00021346 0)
(1.01972 -0.000213443 0)
(1.01972 -0.000213452 0)
(1.01972 -0.000213443 0)
(1.01972 -0.000213452 0)
(1.01972 -0.000213436 0)
(1.01972 -0.000213452 0)
(1.01972 -0.000213437 0)
(1.01972 -0.000213455 0)
(1.01972 -0.000213442 0)
(1.01972 -0.00021346 0)
(1.01972 -0.000213455 0)
(1.01972 -0.000213469 0)
(1.01972 -0.000213465 0)
(1.01972 -0.000213487 0)
(1.01972 -0.000213491 0)
(1.01972 -0.000213519 0)
(1.01972 -0.000213529 0)
(1.01972 -0.00021357 0)
(1.01972 -0.000213605 0)
(1.01972 -0.000213671 0)
(1.01972 -0.000213745 0)
(1.01972 -0.000213871 0)
(1.01972 -0.000214039 0)
(1.01972 -0.000214291 0)
(1.01972 -0.000214632 0)
(1.01972 -0.000215133 0)
(1.01971 -0.00021583 0)
(1.01971 -0.000216793 0)
(1.0197 -0.000218098 0)
(1.0197 -0.000219744 0)
(1.01969 -0.000221821 0)
(1.01968 -0.000223694 0)
(1.01966 -0.000226105 0)
(1.01963 -0.000230533 0)
(1.0196 -0.000271542 0)
(1.01935 -0.000444131 0)
(1.01899 -0.00104967 0)
(1.01589 -0.00176929 0)
(0.96032 -0.135904 0)
(1.02534 -0.0244305 0)
(0.976312 -0.0033434 0)
(0.987397 -0.000825741 0)
(0.983083 -0.00010383 0)
(0.984983 -0.000608681 0)
(0.983907 -0.000614332 0)
(0.983811 -0.000678009 0)
(0.983286 -0.000629794 0)
(0.983008 -0.000605703 0)
(0.982706 -0.000571147 0)
(0.982487 -0.000547523 0)
(0.982292 -0.000525828 0)
(0.982136 -0.000509169 0)
(0.982002 -0.000495872 0)
(0.981891 -0.000485253 0)
(0.981796 -0.000476537 0)
(0.981716 -0.000469334 0)
(0.981647 -0.000463284 0)
(0.981588 -0.000458209 0)
(0.981537 -0.000453844 0)
(0.981493 -0.000450181 0)
(0.981455 -0.000446981 0)
(0.981423 -0.000444228 0)
(0.981395 -0.000441877 0)
(0.981371 -0.000439821 0)
(0.981351 -0.000438057 0)
(0.981333 -0.000436541 0)
(0.981318 -0.000435185 0)
(0.981305 -0.000434075 0)
(0.981295 -0.000433056 0)
(0.981286 -0.000432238 0)
(0.981278 -0.000431528 0)
(0.981271 -0.000430932 0)
(0.981266 -0.000430423 0)
(0.981262 -0.000429995 0)
(0.981258 -0.000429636 0)
(0.981255 -0.000429351 0)
(0.981252 -0.000429072 0)
(0.98125 -0.000428881 0)
(0.981248 -0.000428691 0)
(0.981247 -0.000428562 0)
(0.981245 -0.000428425 0)
(0.981244 -0.00042834 0)
(0.981244 -0.00042826 0)
(0.981243 -0.000428204 0)
(0.981242 -0.00042814 0)
(0.981242 -0.000428114 0)
(0.981242 -0.000428071 0)
(0.981242 -0.000428065 0)
(0.981241 -0.000428022 0)
(0.981241 -0.000428024 0)
(0.981241 -0.000427998 0)
(0.981241 -0.000427999 0)
(0.981241 -0.000427979 0)
(0.981241 -0.000427978 0)
(0.981241 -0.000427967 0)
(0.981241 -0.000427974 0)
(0.981241 -0.000427954 0)
(0.98124 -0.00042797 0)
(0.98124 -0.000427954 0)
(0.98124 -0.000427968 0)
(0.98124 -0.000427955 0)
(0.98124 -0.000427963 0)
(0.98124 -0.000427957 0)
(0.98124 -0.000427965 0)
(0.98124 -0.000427953 0)
(0.98124 -0.000427967 0)
(0.98124 -0.000427956 0)
(0.98124 -0.000427971 0)
(0.98124 -0.00042796 0)
(0.98124 -0.000427973 0)
(0.98124 -0.000427969 0)
(0.98124 -0.000427979 0)
(0.98124 -0.000427974 0)
(0.98124 -0.00042799 0)
(0.98124 -0.000427991 0)
(0.98124 -0.000428012 0)
(0.98124 -0.000428016 0)
(0.98124 -0.000428045 0)
(0.98124 -0.000428068 0)
(0.98124 -0.000428113 0)
(0.98124 -0.000428162 0)
(0.981239 -0.000428249 0)
(0.981238 -0.000428364 0)
(0.981238 -0.000428537 0)
(0.981236 -0.000428772 0)
(0.981234 -0.000429117 0)
(0.981232 -0.000429596 0)
(0.981228 -0.000430255 0)
(0.981223 -0.000431141 0)
(0.981216 -0.00043224 0)
(0.981206 -0.000433555 0)
(0.981193 -0.000434549 0)
(0.981179 -0.000435211 0)
(0.981153 -0.000436366 0)
(0.981132 -0.000458795 0)
(0.980909 -0.000569083 0)
(0.980542 -0.000943116 0)
(0.977594 -0.00117803 0)
(0.864908 -0.128453 0)
(0.911564 -0.0160026 0)
(0.861952 -0.000986284 0)
(0.871338 7.05618e-05 0)
(0.867949 0.000504862 0)
(0.869534 0.000190085 0)
(0.868573 0.000201457 0)
(0.868402 0.000163717 0)
(0.867888 0.000193442 0)
(0.867591 0.000206307 0)
(0.867286 0.000225898 0)
(0.867059 0.000238855 0)
(0.866861 0.000250994 0)
(0.866701 0.000260244 0)
(0.866565 0.00026745 0)
(0.866451 0.000273211 0)
(0.866354 0.000277946 0)
(0.866272 0.000281844 0)
(0.866202 0.000285116 0)
(0.866142 0.000287855 0)
(0.866091 0.000290212 0)
(0.866047 0.000292176 0)
(0.866009 0.000293887 0)
(0.865977 0.000295364 0)
(0.865949 0.00029662 0)
(0.865925 0.00029771 0)
(0.865905 0.000298646 0)
(0.865888 0.00029945 0)
(0.865873 0.000300162 0)
(0.865861 0.000300732 0)
(0.865851 0.000301261 0)
(0.865842 0.000301684 0)
(0.865835 0.00030205 0)
(0.865829 0.00030235 0)
(0.865824 0.00030261 0)
(0.86582 0.00030283 0)
(0.865816 0.000303013 0)
(0.865813 0.000303154 0)
(0.865811 0.000303298 0)
(0.865809 0.000303394 0)
(0.865807 0.000303491 0)
(0.865806 0.000303549 0)
(0.865805 0.00030362 0)
(0.865804 0.000303661 0)
(0.865803 0.000303699 0)
(0.865803 0.000303723 0)
(0.865802 0.000303755 0)
(0.865802 0.000303765 0)
(0.865802 0.000303787 0)
(0.865801 0.000303785 0)
(0.865801 0.00030381 0)
(0.865801 0.000303807 0)
(0.865801 0.000303822 0)
(0.865801 0.00030382 0)
(0.865801 0.000303831 0)
(0.865801 0.000303832 0)
(0.865801 0.000303839 0)
(0.865801 0.000303832 0)
(0.865801 0.000303846 0)
(0.865801 0.000303835 0)
(0.8658 0.000303845 0)
(0.8658 0.000303835 0)
(0.8658 0.000303842 0)
(0.8658 0.000303838 0)
(0.8658 0.000303842 0)
(0.8658 0.000303835 0)
(0.8658 0.000303843 0)
(0.8658 0.000303834 0)
(0.8658 0.000303841 0)
(0.8658 0.000303831 0)
(0.8658 0.000303838 0)
(0.8658 0.000303832 0)
(0.8658 0.000303834 0)
(0.8658 0.000303827 0)
(0.8658 0.000303831 0)
(0.8658 0.000303823 0)
(0.8658 0.000303824 0)
(0.8658 0.000303812 0)
(0.8658 0.000303811 0)
(0.8658 0.000303797 0)
(0.8658 0.000303786 0)
(0.8658 0.000303761 0)
(0.8658 0.000303736 0)
(0.865799 0.00030369 0)
(0.865798 0.00030363 0)
(0.865798 0.000303539 0)
(0.865796 0.000303417 0)
(0.865795 0.000303238 0)
(0.865792 0.000302988 0)
(0.865788 0.000302646 0)
(0.865783 0.000302192 0)
(0.865776 0.000301638 0)
(0.865767 0.000301016 0)
(0.865755 0.000300667 0)
(0.865742 0.000300884 0)
(0.865724 0.000301449 0)
(0.865718 0.000293336 0)
(0.865546 0.000239552 0)
(0.865253 7.34316e-05 0)
(0.863186 0.000219178 0)
(0.537552 -0.0563964 0)
(0.55218 -0.00359631 0)
(0.517063 0.00176453 0)
(0.522885 0.00200123 0)
(0.521069 0.00213058 0)
(0.522 0.00203741 0)
(0.521392 0.0020446 0)
(0.52124 0.00203481 0)
(0.520896 0.00204429 0)
(0.520687 0.00204822 0)
(0.52048 0.00205399 0)
(0.520325 0.00205771 0)
(0.520191 0.00206112 0)
(0.520081 0.00206366 0)
(0.519989 0.00206573 0)
(0.519912 0.00206736 0)
(0.519846 0.00206868 0)
(0.519791 0.00206974 0)
(0.519744 0.00207062 0)
(0.519704 0.00207133 0)
(0.519669 0.00207193 0)
(0.51964 0.00207242 0)
(0.519615 0.00207284 0)
(0.519593 0.00207319 0)
(0.519575 0.00207348 0)
(0.519559 0.00207374 0)
(0.519546 0.00207395 0)
(0.519535 0.00207413 0)
(0.519526 0.00207429 0)
(0.519518 0.00207442 0)
(0.519511 0.00207454 0)
(0.519506 0.00207463 0)
(0.519501 0.00207471 0)
(0.519497 0.00207477 0)
(0.519494 0.00207483 0)
(0.519492 0.00207488 0)
(0.519489 0.00207492 0)
(0.519488 0.00207495 0)
(0.519486 0.00207498 0)
(0.519485 0.002075 0)
(0.519484 0.00207502 0)
(0.519483 0.00207503 0)
(0.519483 0.00207505 0)
(0.519482 0.00207505 0)
(0.519482 0.00207506 0)
(0.519482 0.00207507 0)
(0.519481 0.00207507 0)
(0.519481 0.00207507 0)
(0.519481 0.00207508 0)
(0.519481 0.00207508 0)
(0.519481 0.00207509 0)
(0.519481 0.00207508 0)
(0.519481 0.00207509 0)
(0.519481 0.00207509 0)
(0.519481 0.00207509 0)
(0.519481 0.00207509 0)
(0.51948 0.00207509 0)
(0.51948 0.00207509 0)
(0.51948 0.00207509 0)
(0.51948 0.00207509 0)
(0.51948 0.00207509 0)
(0.51948 0.00207509 0)
(0.51948 0.00207509 0)
(0.51948 0.00207509 0)
(0.51948 0.00207509 0)
(0.51948 0.00207509 0)
(0.51948 0.00207509 0)
(0.51948 0.00207509 0)
(0.51948 0.00207509 0)
(0.51948 0.00207509 0)
(0.51948 0.00207509 0)
(0.51948 0.00207509 0)
(0.51948 0.00207509 0)
(0.51948 0.00207509 0)
(0.51948 0.00207509 0)
(0.51948 0.00207508 0)
(0.51948 0.00207508 0)
(0.51948 0.00207508 0)
(0.51948 0.00207508 0)
(0.51948 0.00207508 0)
(0.51948 0.00207507 0)
(0.51948 0.00207507 0)
(0.51948 0.00207506 0)
(0.519479 0.00207505 0)
(0.519479 0.00207503 0)
(0.519478 0.002075 0)
(0.519478 0.00207497 0)
(0.519476 0.00207492 0)
(0.519475 0.00207485 0)
(0.519472 0.00207476 0)
(0.519469 0.00207464 0)
(0.519464 0.0020745 0)
(0.519458 0.00207436 0)
(0.51945 0.00207434 0)
(0.519443 0.00207464 0)
(0.519436 0.00207528 0)
(0.519442 0.00207439 0)
(0.51936 0.00206118 0)
(0.519228 0.00202118 0)
(0.518638 0.0021516 0)
)
;

boundaryField
{
    inlet
    {
        type            fixedValue;
        value           uniform (1 0 0);
    }
    outlet
    {
        type            zeroGradient;
    }
    lowerWall
    {
        type            fixedValue;
        value           uniform (0 0 0);
    }
    upperWall
    {
        type            fixedValue;
        value           uniform (0 0 0);
    }
    frontAndBack
    {
        type            empty;
    }
}


// ************************************************************************* //
