/*--------------------------------*- C++ -*----------------------------------*\
| =========                 |                                                 |
| \\      /  F ield         | OpenFOAM: The Open Source CFD Toolbox           |
|  \\    /   O peration     | Version:  2.3.0                                 |
|   \\  /    A nd           | Web:      www.OpenFOAM.org                      |
|    \\/     M anipulation  |                                                 |
\*---------------------------------------------------------------------------*/
FoamFile
{
    version     2.0;
    format      ascii;
    class       surfaceScalarField;
    location    "1.5";
    object      phi;
}
// * * * * * * * * * * * * * * * * * * * * * * * * * * * * * * * * * * * * * //

dimensions      [0 3 -1 0 0 0 0];

internalField   nonuniform List<scalar> 
7860
(
0.00283437
0.00216563
0.00262131
0.00021306
0.00260897
1.23451e-05
0.00260647
2.50298e-06
0.00260917
-2.70931e-06
0.0026079
1.27696e-06
0.00260679
1.10544e-06
0.00260522
1.5761e-06
0.00260399
1.22853e-06
0.00260289
1.09485e-06
0.00260201
8.79946e-07
0.00260127
7.42126e-07
0.00260066
6.12837e-07
0.00260014
5.15799e-07
0.00259971
4.33264e-07
0.00259934
3.6666e-07
0.00259903
3.11729e-07
0.00259876
2.64739e-07
0.00259854
2.25018e-07
0.00259835
1.91252e-07
0.00259818
1.62845e-07
0.00259805
1.37501e-07
0.00259793
1.15579e-07
0.00259784
9.63453e-08
0.00259775
8.09065e-08
0.00259769
6.77894e-08
0.00259763
5.63935e-08
0.00259759
4.52817e-08
0.00259755
3.69712e-08
0.00259752
3.01268e-08
0.00259749
2.47622e-08
0.00259747
1.95412e-08
0.00259746
1.56033e-08
0.00259745
1.19401e-08
0.00259744
9.48761e-09
0.00259743
7.1375e-09
0.00259742
5.77802e-09
0.00259742
4.32336e-09
0.00259741
3.52257e-09
0.00259741
2.45156e-09
0.00259741
2.316e-09
0.00259741
1.46258e-09
0.00259741
1.20769e-09
0.0025974
9.90373e-10
0.0025974
1.61139e-09
0.0025974
1.33306e-09
0.0025974
7.91446e-10
0.0025974
1.89779e-10
0.0025974
5.27326e-10
0.0025974
1.59897e-10
0.0025974
7.72977e-11
0.0025974
-7.41327e-10
0.0025974
-6.06924e-10
0.0025974
-3.13585e-10
0.0025974
2.71608e-10
0.0025974
-2.06325e-11
0.0025974
1.10235e-11
0.0025974
-4.19179e-11
0.0025974
2.48764e-10
0.0025974
7.67875e-11
0.0025974
9.68434e-11
0.0025974
-6.65032e-10
0.0025974
-7.05786e-10
0.0025974
-2.29199e-10
0.0025974
1.9093e-10
0.0025974
-4.57806e-10
0.0025974
-2.40811e-10
0.0025974
-1.25122e-11
0.0025974
3.77601e-10
0.0025974
4.93032e-10
0.0025974
3.13525e-10
0.0025974
1.74807e-10
0.0025974
6.19787e-10
0.0025974
2.18261e-10
0.0025974
2.14641e-10
0.0025974
-2.02497e-10
0.0025974
3.05709e-10
0.0025974
4.43501e-10
0.0025974
6.13759e-10
0.0025974
5.20854e-10
0.0025974
5.95483e-10
0.0025974
9.29934e-10
0.0025974
1.68811e-09
0.0025974
1.97989e-09
0.00259739
2.24679e-09
0.00259739
3.07945e-09
0.00259739
5.18135e-09
0.00259738
7.24411e-09
0.00259737
1.02455e-08
0.00259735
1.41524e-08
0.00259733
1.96156e-08
0.00259731
2.6732e-08
0.00259727
3.41892e-08
0.00259724
3.79076e-08
0.0025972
3.34311e-08
0.00259718
2.24061e-08
0.00259708
1.01451e-07
0.00259638
6.95845e-07
0.00259378
2.60265e-06
-1.18995e-06
0.00456774
0.00259789
0.00437551
0.000405287
0.00434671
4.11416e-05
0.00434295
6.26447e-06
0.00434595
-5.71355e-06
0.00434442
2.80807e-06
0.0043428
2.73306e-06
0.00434059
3.78481e-06
0.00433879
3.02449e-06
0.0043372
2.68397e-06
0.00433591
2.17254e-06
0.00433482
1.83091e-06
0.00433392
1.51608e-06
0.00433316
1.27825e-06
0.00433252
1.07584e-06
0.00433197
9.11258e-07
0.00433151
7.75994e-07
0.00433111
6.61605e-07
0.00433077
5.64378e-07
0.00433048
4.80239e-07
0.00433023
4.09302e-07
0.00433002
3.46935e-07
0.00432985
2.93634e-07
0.0043297
2.46471e-07
0.00432957
2.06833e-07
0.00432947
1.729e-07
0.00432938
1.43879e-07
0.00432931
1.17979e-07
0.00432925
9.70848e-08
0.0043292
7.89854e-08
0.00432916
6.49021e-08
0.00432913
5.17832e-08
0.0043291
4.20723e-08
0.00432908
3.27016e-08
0.00432906
2.60343e-08
0.00432905
1.99911e-08
0.00432904
1.6478e-08
0.00432903
1.25648e-08
0.00432902
1.01859e-08
0.00432902
6.9792e-09
0.00432902
6.26973e-09
0.00432901
4.64548e-09
0.00432901
4.24549e-09
0.00432901
3.12717e-09
0.00432901
3.31982e-09
0.00432901
2.40364e-09
0.00432901
1.78928e-09
0.004329
5.36397e-10
0.004329
1.19178e-09
0.004329
1.86928e-10
0.004329
3.11143e-10
0.004329
-2.70501e-10
0.004329
1.01165e-10
0.004329
-6.55197e-10
0.004329
2.09522e-10
0.004329
-1.67154e-10
0.004329
3.59688e-10
0.004329
-2.24371e-10
0.004329
2.33953e-10
0.004329
-2.69857e-10
0.004329
4.43989e-10
0.004329
-2.64212e-10
0.004329
-3.43767e-10
0.004329
-3.6776e-10
0.004329
4.98657e-10
0.004329
-3.22969e-10
0.004329
-7.36188e-11
0.004329
-3.15828e-10
0.004329
2.54403e-10
0.004329
5.50135e-11
0.004329
3.58304e-10
0.004329
-4.26671e-10
0.004329
3.58565e-10
0.004329
1.23369e-10
0.004329
6.2223e-10
0.004329
-6.13202e-11
0.004329
5.62434e-10
0.004329
5.30664e-10
0.004329
1.14548e-09
0.004329
1.38482e-09
0.004329
1.78009e-09
0.004329
1.99921e-09
0.004329
3.24574e-09
0.00432899
4.24034e-09
0.00432899
5.92643e-09
0.00432898
8.15046e-09
0.00432898
1.25984e-08
0.00432897
1.79277e-08
0.00432895
2.56949e-08
0.00432893
3.59036e-08
0.0043289
4.99061e-08
0.00432886
6.68489e-08
0.00432881
8.69397e-08
0.00432874
1.00418e-07
0.00432867
1.04892e-07
0.00432858
1.11066e-07
0.00432827
4.17082e-07
0.00432694
2.02811e-06
0.00432236
7.18277e-06
7.91042e-06
0.00507214
0.00252575
0.00495559
0.000521842
0.00492292
7.38109e-05
0.00492067
8.51342e-06
0.00492251
-7.55119e-06
0.00492136
3.95288e-06
0.0049197
4.39689e-06
0.00491763
5.85288e-06
0.00491587
4.7841e-06
0.00491434
4.22056e-06
0.00491307
3.43641e-06
0.00491201
2.89328e-06
0.00491113
2.40078e-06
0.00491038
2.02348e-06
0.00490975
1.70669e-06
0.00490921
1.44798e-06
0.00490876
1.2345e-06
0.00490836
1.05441e-06
0.00490802
9.01961e-07
0.00490773
7.69936e-07
0.00490749
6.57938e-07
0.00490727
5.59035e-07
0.00490709
4.74276e-07
0.00490694
4.00323e-07
0.00490681
3.36986e-07
0.0049067
2.82101e-07
0.00490661
2.35018e-07
0.00490653
1.94163e-07
0.00490647
1.60929e-07
0.00490642
1.31186e-07
0.00490637
1.07733e-07
0.00490634
8.60666e-08
0.00490631
7.01313e-08
0.00490629
5.5544e-08
0.00490627
4.46096e-08
0.00490626
3.44525e-08
0.00490624
2.81528e-08
0.00490624
2.15427e-08
0.00490623
1.73469e-08
0.00490622
1.21952e-08
0.00490622
1.08229e-08
0.00490621
8.33325e-09
0.00490621
7.54074e-09
0.00490621
5.50032e-09
0.00490621
5.04742e-09
0.00490621
3.26236e-09
0.00490621
2.89136e-09
0.00490621
1.27319e-09
0.00490621
1.98833e-09
0.0049062
5.23641e-10
0.0049062
7.19373e-10
0.0049062
-9.62898e-11
0.0049062
6.85757e-10
0.0049062
-8.31223e-10
0.0049062
6.43576e-11
0.0049062
-4.52269e-10
0.0049062
6.28667e-10
0.0049062
-3.48699e-10
0.0049062
3.70732e-10
0.0049062
-3.67576e-10
0.0049062
4.98942e-10
0.0049062
-1.24745e-11
0.0049062
3.44275e-10
0.0049062
-3.38197e-10
0.0049062
6.35284e-10
0.0049062
-2.76089e-10
0.0049062
1.51326e-10
0.0049062
-6.02998e-10
0.0049062
5.09274e-11
0.0049062
-5.71955e-10
0.0049062
2.48165e-10
0.0049062
-7.49522e-10
0.0049062
4.01155e-10
0.0049062
7.29196e-11
0.0049062
7.6981e-10
0.0049062
1.17352e-10
0.0049062
9.23841e-10
0.0049062
7.11878e-10
0.0049062
1.74049e-09
0.0049062
2.30509e-09
0.0049062
2.97856e-09
0.0049062
3.18442e-09
0.0049062
4.86336e-09
0.00490619
6.34607e-09
0.00490619
9.63919e-09
0.00490618
1.35522e-08
0.00490618
2.03272e-08
0.00490617
2.88357e-08
0.00490615
4.14176e-08
0.00490613
5.78785e-08
0.0049061
8.05122e-08
0.00490606
1.07777e-07
0.004906
1.42271e-07
0.00490593
1.70475e-07
0.00490584
2.01029e-07
0.00490569
2.56627e-07
0.00490522
8.90948e-07
0.0049036
3.64765e-06
0.00489775
1.30253e-05
2.27392e-05
0.00521003
0.00231572
0.00513971
0.000592164
0.00511263
0.000100887
0.00511151
9.63775e-06
0.0051126
-8.64673e-06
0.00511178
4.77466e-06
0.00511033
5.85272e-06
0.00510859
7.58761e-06
0.00510708
6.30021e-06
0.00510576
5.538e-06
0.00510467
4.5283e-06
0.00510375
3.81049e-06
0.00510298
3.16679e-06
0.00510234
2.66988e-06
0.00510179
2.25522e-06
0.00510132
1.91611e-06
0.00510092
1.63589e-06
0.00510057
1.39999e-06
0.00510027
1.20077e-06
0.00510001
1.0276e-06
0.00509979
8.80234e-07
0.0050996
7.50143e-07
0.00509943
6.38294e-07
0.00509929
5.40925e-07
0.00509917
4.56162e-07
0.00509907
3.82801e-07
0.00509899
3.20222e-07
0.00509892
2.65457e-07
0.00509886
2.20473e-07
0.00509881
1.7986e-07
0.00509877
1.47862e-07
0.00509874
1.18866e-07
0.00509871
9.71417e-08
0.00509869
7.75035e-08
0.00509867
6.2478e-08
0.00509866
4.8456e-08
0.00509865
3.91895e-08
0.00509864
3.00437e-08
0.00509863
2.44367e-08
0.00509862
1.775e-08
0.00509862
1.54349e-08
0.00509862
1.18644e-08
0.00509861
1.06776e-08
0.00509861
7.80363e-09
0.00509861
6.9124e-09
0.00509861
4.59659e-09
0.00509861
4.22304e-09
0.00509861
1.99887e-09
0.00509861
2.49986e-09
0.00509861
6.99464e-10
0.0050986
1.09895e-09
0.0050986
-1.26895e-10
0.0050986
7.48758e-10
0.0050986
-1.02217e-09
0.0050986
2.42746e-10
0.0050986
-4.45707e-10
0.0050986
7.00695e-10
0.0050986
-6.24729e-10
0.0050986
4.25531e-10
0.0050986
-2.69602e-10
0.0050986
5.89757e-10
0.0050986
3.73445e-11
0.0050986
7.87491e-10
0.0050986
-3.34286e-10
0.0050986
7.64275e-10
0.0050986
-2.57713e-10
0.0050986
2.19977e-10
0.0050986
-7.64723e-10
0.0050986
7.70821e-11
0.0050986
-9.48619e-10
0.0050986
1.20429e-10
0.0050986
-9.33594e-10
0.0050986
5.78966e-10
0.0050986
1.35879e-10
0.0050986
9.10224e-10
0.0050986
3.23985e-10
0.0050986
1.40116e-09
0.0050986
1.28928e-09
0.0050986
2.53005e-09
0.0050986
3.07559e-09
0.0050986
3.91947e-09
0.0050986
4.15455e-09
0.0050986
6.39881e-09
0.00509859
8.45575e-09
0.00509859
1.30958e-08
0.00509859
1.84219e-08
0.00509858
2.73848e-08
0.00509857
3.89164e-08
0.00509855
5.57264e-08
0.00509853
7.76852e-08
0.00509851
1.07973e-07
0.00509847
1.45028e-07
0.00509842
1.94494e-07
0.00509835
2.4142e-07
0.00509824
3.12024e-07
0.00509805
4.41219e-07
0.00509749
1.45814e-06
0.00509583
5.30041e-06
0.00508957
1.92888e-05
3.78147e-05
0.0052334
0.00208232
0.00519429
0.000631271
0.00517363
0.000121546
0.00517332
9.95177e-06
0.00517395
-9.27961e-06
0.00517344
5.28672e-06
0.00517227
7.02572e-06
0.0051709
8.94917e-06
0.00516969
7.51455e-06
0.00516864
6.59291e-06
0.00516776
5.40825e-06
0.00516701
4.55088e-06
0.00516639
3.78711e-06
0.00516587
3.1931e-06
0.00516542
2.70079e-06
0.00516504
2.29906e-06
0.00516471
1.96607e-06
0.00516442
1.68588e-06
0.00516417
1.44938e-06
0.00516396
1.24309e-06
0.00516377
1.06715e-06
0.00516361
9.12297e-07
0.00516347
7.78737e-07
0.00516335
6.61615e-07
0.00516325
5.59033e-07
0.00516316
4.70363e-07
0.00516308
3.94728e-07
0.00516302
3.28153e-07
0.00516297
2.72626e-07
0.00516292
2.22907e-07
0.00516289
1.83844e-07
0.00516286
1.48456e-07
0.00516283
1.21626e-07
0.00516282
9.73348e-08
0.0051628
7.85475e-08
0.00516279
6.11464e-08
0.00516278
4.93664e-08
0.00516277
3.80537e-08
0.00516276
3.11728e-08
0.00516276
2.3041e-08
0.00516275
1.97163e-08
0.00516275
1.50481e-08
0.00516275
1.35569e-08
0.00516274
1.00185e-08
0.00516274
8.81792e-09
0.00516274
5.98981e-09
0.00516274
5.57275e-09
0.00516274
2.67424e-09
0.00516274
2.83719e-09
0.00516274
7.59685e-10
0.00516274
1.3101e-09
0.00516274
-2.98875e-10
0.00516274
7.06538e-10
0.00516274
-1.08352e-09
0.00516274
5.0598e-10
0.00516274
-4.59408e-10
0.00516274
7.74989e-10
0.00516274
-6.78177e-10
0.00516274
5.82681e-10
0.00516274
-1.91733e-10
0.00516274
7.13522e-10
0.00516274
8.80424e-11
0.00516274
1.12345e-09
0.00516274
-3.56361e-10
0.00516274
8.59347e-10
0.00516274
-2.69193e-10
0.00516274
3.10265e-10
0.00516274
-8.82219e-10
0.00516274
2.12753e-10
0.00516274
-1.13142e-09
0.00516274
3.73919e-11
0.00516274
-1.00743e-09
0.00516274
7.51374e-10
0.00516274
2.04774e-10
0.00516274
1.09949e-09
0.00516274
6.52561e-10
0.00516274
2.04441e-09
0.00516274
1.87811e-09
0.00516273
3.18538e-09
0.00516273
3.63975e-09
0.00516273
4.71214e-09
0.00516273
4.9874e-09
0.00516273
7.72656e-09
0.00516273
1.04624e-08
0.00516273
1.62273e-08
0.00516272
2.27339e-08
0.00516272
3.35124e-08
0.00516271
4.75188e-08
0.00516269
6.7842e-08
0.00516268
9.4335e-08
0.00516266
1.31244e-07
0.00516262
1.77213e-07
0.00516258
2.41257e-07
0.00516251
3.09611e-07
0.00516239
4.2983e-07
0.00516218
6.4792e-07
0.0051616
2.04179e-06
0.00516003
6.86685e-06
0.00515415
2.51723e-05
5.09455e-05
0.00522268
0.00185964
0.00520664
0.000647311
0.00519192
0.000136274
0.00519215
9.72215e-06
0.0051925
-9.63332e-06
0.00519226
5.52834e-06
0.00519138
7.89941e-06
0.0051904
9.93797e-06
0.00518949
8.42196e-06
0.0051887
7.3808e-06
0.00518804
6.07174e-06
0.00518748
5.11061e-06
0.005187
4.25854e-06
0.0051866
3.59223e-06
0.00518626
3.04222e-06
0.00518597
2.59401e-06
0.00518571
2.22227e-06
0.00518549
1.90907e-06
0.00518529
1.64453e-06
0.00518512
1.4135e-06
0.00518497
1.21627e-06
0.00518484
1.04259e-06
0.00518473
8.92204e-07
0.00518463
7.59517e-07
0.00518454
6.43542e-07
0.00518447
5.42773e-07
0.00518441
4.5633e-07
0.00518436
3.79868e-07
0.00518431
3.16266e-07
0.00518428
2.59365e-07
0.00518425
2.14656e-07
0.00518422
1.73843e-07
0.0051842
1.42532e-07
0.00518418
1.1428e-07
0.00518417
9.24164e-08
0.00518416
7.22554e-08
0.00518415
5.8395e-08
0.00518414
4.52221e-08
0.00518414
3.72041e-08
0.00518413
2.77661e-08
0.00518413
2.35089e-08
0.00518412
1.79041e-08
0.00518412
1.60732e-08
0.00518412
1.18878e-08
0.00518412
1.04317e-08
0.00518412
7.155e-09
0.00518412
6.68849e-09
0.00518412
3.19431e-09
0.00518412
3.09201e-09
0.00518412
7.61724e-10
0.00518412
1.39588e-09
0.00518412
-5.6319e-10
0.00518412
6.85117e-10
0.00518412
-1.09197e-09
0.00518411
6.70538e-10
0.00518411
-4.96611e-10
0.00518411
9.5199e-10
0.00518411
-5.5178e-10
0.00518411
7.32463e-10
0.00518411
-2.31268e-10
0.00518411
8.31665e-10
0.00518411
1.45006e-10
0.00518411
1.44756e-09
0.00518411
-3.07078e-10
0.00518411
9.36615e-10
0.00518411
-3.27689e-10
0.00518411
3.78244e-10
0.00518411
-9.92238e-10
0.00518411
3.52536e-10
0.00518411
-1.2348e-09
0.00518411
3.45424e-11
0.00518411
-9.70464e-10
0.00518411
9.09434e-10
0.00518411
2.63372e-10
0.00518411
1.32631e-09
0.00518411
9.7501e-10
0.00518411
2.54729e-09
0.00518411
2.28249e-09
0.00518411
3.70826e-09
0.00518411
4.06832e-09
0.00518411
5.37436e-09
0.00518411
5.73606e-09
0.00518411
8.87405e-09
0.00518411
1.21746e-08
0.00518411
1.88925e-08
0.0051841
2.63984e-08
0.0051841
3.86606e-08
0.00518409
5.43722e-08
0.00518408
7.73257e-08
0.00518407
1.0749e-07
0.00518405
1.49959e-07
0.00518402
2.0376e-07
0.00518398
2.81559e-07
0.00518392
3.71804e-07
0.0051838
5.46737e-07
0.00518359
8.58106e-07
0.00518302
2.6119e-06
0.00518164
8.24566e-06
0.0051766
3.02169e-05
6.15781e-05
0.00520401
0.00165562
0.00520555
0.000645772
0.00519615
0.000145674
0.00519673
9.14025e-06
0.0051969
-9.80419e-06
0.00519689
5.53926e-06
0.00519631
8.4816e-06
0.00519567
1.05773e-05
0.00519506
9.03462e-06
0.00519453
7.91315e-06
0.00519407
6.52637e-06
0.00519368
5.49605e-06
0.00519336
4.58593e-06
0.00519308
3.87106e-06
0.00519284
3.2824e-06
0.00519263
2.80292e-06
0.00519244
2.40532e-06
0.00519228
2.06974e-06
0.00519214
1.78632e-06
0.00519201
1.53867e-06
0.0051919
1.32683e-06
0.00519181
1.13983e-06
0.00519172
9.7746e-07
0.00519165
8.33907e-07
0.00519158
7.08497e-07
0.00519153
5.98885e-07
0.00519148
5.04142e-07
0.00519144
4.20247e-07
0.0051914
3.50806e-07
0.00519137
2.8854e-07
0.00519135
2.39362e-07
0.00519133
1.94263e-07
0.00519131
1.59321e-07
0.0051913
1.28016e-07
0.00519129
1.03845e-07
0.00519128
8.15149e-08
0.00519127
6.59436e-08
0.00519126
5.1122e-08
0.00519126
4.2294e-08
0.00519125
3.18044e-08
0.00519125
2.67765e-08
0.00519125
2.03443e-08
0.00519125
1.80562e-08
0.00519125
1.33022e-08
0.00519124
1.16459e-08
0.00519124
7.97659e-09
0.00519124
7.42955e-09
0.00519124
3.51615e-09
0.00519124
3.27794e-09
0.00519124
6.86172e-10
0.00519124
1.39803e-09
0.00519124
-8.2668e-10
0.00519124
6.8727e-10
0.00519124
-1.06089e-09
0.00519124
8.03712e-10
0.00519124
-4.77158e-10
0.00519124
1.14387e-09
0.00519124
-4.69336e-10
0.00519124
7.90502e-10
0.00519124
-3.36801e-10
0.00519124
9.34285e-10
0.00519124
1.50526e-10
0.00519124
1.68363e-09
0.00519124
-2.38707e-10
0.00519124
9.8845e-10
0.00519124
-4.16064e-10
0.00519124
3.8791e-10
0.00519124
-1.14449e-09
0.00519124
4.35176e-10
0.00519124
-1.29965e-09
0.00519124
5.7585e-11
0.00519124
-9.45791e-10
0.00519124
9.69317e-10
0.00519124
2.5589e-10
0.00519124
1.45957e-09
0.00519124
1.10938e-09
0.00519124
2.83281e-09
0.00519124
2.55182e-09
0.00519124
4.1161e-09
0.00519124
4.32409e-09
0.00519124
5.84336e-09
0.00519124
6.31964e-09
0.00519124
9.73956e-09
0.00519123
1.34282e-08
0.00519123
2.08776e-08
0.00519123
2.92665e-08
0.00519123
4.25158e-08
0.00519122
5.937e-08
0.00519121
8.42174e-08
0.0051912
1.17192e-07
0.00519119
1.64028e-07
0.00519117
2.24378e-07
0.00519114
3.14624e-07
0.00519108
4.26523e-07
0.00519097
6.56067e-07
0.00519077
1.05813e-06
0.00519026
3.12938e-06
0.00518912
9.37853e-06
0.00518513
3.42127e-05
6.96149e-05
0.00518542
0.00147021
0.0052006
0.000630593
0.00519591
0.00015036
0.0051967
8.35081e-06
0.00519673
-9.83578e-06
0.00519691
5.36332e-06
0.0051966
8.79101e-06
0.00519628
1.08972e-05
0.00519594
9.37216e-06
0.00519564
8.20713e-06
0.00519539
6.78456e-06
0.00519516
5.71726e-06
0.00519497
4.77696e-06
0.00519481
4.03553e-06
0.00519466
3.426e-06
0.00519454
2.92945e-06
0.00519442
2.51784e-06
0.00519432
2.17e-06
0.00519423
1.87625e-06
0.00519415
1.61932e-06
0.00519408
1.39895e-06
0.00519401
1.20412e-06
0.00519396
1.03454e-06
0.00519391
8.84471e-07
0.00519386
7.53258e-07
0.00519382
6.37899e-07
0.00519379
5.37825e-07
0.00519376
4.48972e-07
0.00519374
3.75727e-07
0.00519371
3.09653e-07
0.0051937
2.57256e-07
0.00519368
2.09313e-07
0.00519367
1.71795e-07
0.00519366
1.38264e-07
0.00519365
1.12472e-07
0.00519364
8.8565e-08
0.00519364
7.16845e-08
0.00519363
5.55723e-08
0.00519363
4.62216e-08
0.00519363
3.50345e-08
0.00519362
2.94314e-08
0.00519362
2.22339e-08
0.00519362
1.94625e-08
0.00519362
1.43126e-08
0.00519362
1.24976e-08
0.00519362
8.49726e-09
0.00519362
7.852e-09
0.00519362
3.68605e-09
0.00519362
3.40307e-09
0.00519362
5.51859e-10
0.00519362
1.35653e-09
0.00519362
-1.02787e-09
0.00519362
7.48858e-10
0.00519362
-9.25286e-10
0.00519362
9.53529e-10
0.00519362
-4.47765e-10
0.00519362
1.2655e-09
0.00519362
-4.54733e-10
0.00519361
8.10339e-10
0.00519361
-4.19661e-10
0.00519361
1.01258e-09
0.00519361
6.48387e-11
0.00519361
1.77673e-09
0.00519361
-2.06469e-10
0.00519361
1.00442e-09
0.00519361
-5.13943e-10
0.00519361
3.91279e-10
0.00519361
-1.32792e-09
0.00519362
3.97674e-10
0.00519362
-1.35064e-09
0.00519362
5.9037e-11
0.00519362
-9.94942e-10
0.00519362
8.85763e-10
0.00519361
1.62375e-10
0.00519361
1.52404e-09
0.00519361
1.17309e-09
0.00519361
3.03067e-09
0.00519361
2.71938e-09
0.00519361
4.3776e-09
0.00519361
4.394e-09
0.00519361
6.07886e-09
0.00519361
6.68365e-09
0.00519361
1.02947e-08
0.00519361
1.41983e-08
0.00519361
2.22126e-08
0.00519361
3.10594e-08
0.00519361
4.50294e-08
0.0051936
6.26295e-08
0.0051936
8.8717e-08
0.00519359
1.23515e-07
0.00519358
1.73423e-07
0.00519357
2.38914e-07
0.00519354
3.39889e-07
0.0051935
4.71592e-07
0.0051934
7.51536e-07
0.00519323
1.23486e-06
0.00519279
3.56296e-06
0.00519194
1.02327e-05
0.00518908
3.70725e-05
7.5083e-05
0.00516896
0.00130124
0.00519492
0.000604635
0.00519438
0.000150901
0.00519527
7.46223e-06
0.00519517
-9.74094e-06
0.00519549
5.04549e-06
0.00519543
8.85142e-06
0.0051954
1.09286e-05
0.00519531
9.45689e-06
0.00519524
8.2817e-06
0.00519516
6.86052e-06
0.00519509
5.78557e-06
0.00519503
4.84045e-06
0.00519497
4.0928e-06
0.00519492
3.47876e-06
0.00519487
2.97821e-06
0.00519482
2.56348e-06
0.00519478
2.21264e-06
0.00519474
1.91627e-06
0.0051947
1.65668e-06
0.00519467
1.43357e-06
0.00519464
1.23616e-06
0.00519461
1.06392e-06
0.00519458
9.11248e-07
0.00519456
7.77606e-07
0.00519453
6.59559e-07
0.00519451
5.57129e-07
0.0051945
4.65698e-07
0.00519448
3.90491e-07
0.00519447
3.22254e-07
0.00519446
2.68129e-07
0.00519445
2.18789e-07
0.00519444
1.7968e-07
0.00519444
1.44655e-07
0.00519443
1.1792e-07
0.00519443
9.31582e-08
0.00519442
7.54864e-08
0.00519442
5.85234e-08
0.00519442
4.88814e-08
0.00519442
3.7382e-08
0.00519441
3.13066e-08
0.00519441
2.343e-08
0.00519441
2.03265e-08
0.00519441
1.49707e-08
0.00519441
1.30623e-08
0.00519441
8.84347e-09
0.00519441
8.0477e-09
0.00519441
3.73834e-09
0.00519441
3.50742e-09
0.00519441
4.41719e-10
0.00519441
1.31712e-09
0.00519441
-1.11586e-09
0.00519441
8.76392e-10
0.00519441
-7.1683e-10
0.00519441
1.06549e-09
0.00519441
-4.60276e-10
0.00519441
1.30557e-09
0.00519441
-4.26245e-10
0.00519441
9.00017e-10
0.00519441
-3.84136e-10
0.00519441
1.0991e-09
0.00519441
-7.58386e-11
0.00519441
1.78723e-09
0.00519441
-1.7462e-10
0.00519441
9.91202e-10
0.00519441
-6.51087e-10
0.00519441
3.83141e-10
0.00519441
-1.55765e-09
0.00519441
2.1104e-10
0.00519441
-1.42247e-09
0.00519441
-2.91509e-12
0.00519441
-1.10562e-09
0.00519441
7.36379e-10
0.00519441
1.1656e-10
0.00519441
1.65771e-09
0.00519441
1.32422e-09
0.00519441
3.21096e-09
0.00519441
2.78266e-09
0.00519441
4.47034e-09
0.00519441
4.30616e-09
0.00519441
6.11423e-09
0.00519441
6.87861e-09
0.00519441
1.05487e-08
0.0051944
1.4512e-08
0.0051944
2.26967e-08
0.0051944
3.19265e-08
0.0051944
4.62955e-08
0.0051944
6.42277e-08
0.0051944
9.08865e-08
0.0051944
1.26519e-07
0.00519439
1.78192e-07
0.00519438
2.47297e-07
0.00519437
3.56701e-07
0.00519433
5.04992e-07
0.00519426
8.27629e-07
0.00519411
1.37736e-06
0.00519379
3.89061e-06
0.00519323
1.07895e-05
0.00519153
3.87734e-05
7.80778e-05
0.00515492
0.00114633
0.00518951
0.000570046
0.00519261
0.000147803
0.00519352
6.54989e-06
0.00519329
-9.51676e-06
0.00519371
4.6279e-06
0.00519387
8.68863e-06
0.0051941
1.07018e-05
0.00519425
9.3117e-06
0.00519437
8.15623e-06
0.00519446
6.76912e-06
0.00519453
5.71293e-06
0.00519459
4.78586e-06
0.00519463
4.05055e-06
0.00519466
3.4468e-06
0.00519469
2.95413e-06
0.0051947
2.54613e-06
0.00519472
2.20063e-06
0.00519472
1.90864e-06
0.00519473
1.65246e-06
0.00519473
1.43211e-06
0.00519473
1.23692e-06
0.00519473
1.06626e-06
0.00519472
9.14602e-07
0.00519472
7.81714e-07
0.00519472
6.63988e-07
0.00519471
5.62006e-07
0.00519471
4.70353e-07
0.0051947
3.95023e-07
0.0051947
3.26335e-07
0.00519469
2.71917e-07
0.00519469
2.22378e-07
0.00519469
1.82675e-07
0.00519468
1.46993e-07
0.00519468
1.20044e-07
0.00519468
9.51841e-08
0.00519468
7.72893e-08
0.00519468
5.99545e-08
0.00519468
5.02446e-08
0.00519468
3.86313e-08
0.00519467
3.23003e-08
0.00519467
2.39901e-08
0.00519467
2.06771e-08
0.00519467
1.52816e-08
0.00519467
1.34196e-08
0.00519467
9.02122e-09
0.00519467
8.11932e-09
0.00519467
3.73779e-09
0.00519467
3.6389e-09
0.00519467
4.08343e-10
0.00519467
1.31509e-09
0.00519467
-1.10902e-09
0.00519467
9.82339e-10
0.00519467
-5.69345e-10
0.00519467
1.13126e-09
0.00519467
-5.05131e-10
0.00519467
1.34769e-09
0.00519467
-3.24289e-10
0.00519467
1.14488e-09
0.00519467
-1.75029e-10
0.00519467
1.23218e-09
0.00519467
-1.71664e-10
0.00519467
1.73899e-09
0.00519467
-1.61634e-10
0.00519467
8.80667e-10
0.00519467
-8.77613e-10
0.00519467
3.11501e-10
0.00519467
-1.82357e-09
0.00519467
-4.4547e-11
0.00519467
-1.58394e-09
0.00519467
-5.27008e-11
0.00519467
-1.19736e-09
0.00519467
7.19664e-10
0.00519467
2.24875e-10
0.00519467
1.90293e-09
0.00519467
1.52277e-09
0.00519467
3.33369e-09
0.00519467
2.76002e-09
0.00519467
4.43576e-09
0.00519467
4.12409e-09
0.00519467
6.02131e-09
0.00519467
6.88919e-09
0.00519467
1.05521e-08
0.00519467
1.43779e-08
0.00519467
2.25244e-08
0.00519467
3.18269e-08
0.00519467
4.63244e-08
0.00519467
6.41682e-08
0.00519467
9.07704e-08
0.00519467
1.26361e-07
0.00519467
1.785e-07
0.00519467
2.49511e-07
0.00519466
3.64527e-07
0.00519464
5.25117e-07
0.00519459
8.79988e-07
0.00519449
1.47744e-06
0.00519428
4.09762e-06
0.00519403
1.104e-05
0.00519347
3.93337e-05
7.87397e-05
0.00514309
0.00100324
0.00518463
0.000528497
0.00519092
0.000141515
0.00519181
5.66155e-06
0.00519145
-9.1547e-06
0.00519193
4.14748e-06
0.00519229
8.32879e-06
0.00519275
1.02458e-05
0.0051931
8.95923e-06
0.0051934
7.84991e-06
0.00519365
6.52551e-06
0.00519385
5.51158e-06
0.00519401
4.62291e-06
0.00519415
3.91652e-06
0.00519426
3.33628e-06
0.00519435
2.86223e-06
0.00519443
2.46983e-06
0.00519449
2.13721e-06
0.00519454
1.85605e-06
0.00519459
1.60881e-06
0.00519462
1.39634e-06
0.00519465
1.20768e-06
0.00519468
1.04256e-06
0.00519469
8.95362e-07
0.00519471
7.66318e-07
0.00519472
6.51759e-07
0.00519473
5.52773e-07
0.00519474
4.63184e-07
0.00519474
3.89541e-07
0.00519475
3.22007e-07
0.00519475
2.68575e-07
0.00519475
2.19907e-07
0.00519476
1.80722e-07
0.00519476
1.4535e-07
0.00519476
1.18898e-07
0.00519476
9.46062e-08
0.00519476
7.7077e-08
0.00519476
5.98597e-08
0.00519476
5.0199e-08
0.00519476
3.86967e-08
0.00519476
3.24075e-08
0.00519476
2.3887e-08
0.00519476
2.05231e-08
0.00519476
1.52197e-08
0.00519476
1.34955e-08
0.00519476
9.03173e-09
0.00519476
8.08872e-09
0.00519476
3.67559e-09
0.00519476
3.7984e-09
0.00519476
4.38133e-10
0.00519476
1.33201e-09
0.00519476
-1.08932e-09
0.00519476
9.79145e-10
0.00519476
-5.13225e-10
0.00519476
1.12914e-09
0.00519476
-5.05507e-10
0.00519476
1.40736e-09
0.00519476
-1.64628e-10
0.00519476
1.52271e-09
0.00519476
1.12606e-10
0.00519476
1.42283e-09
0.00519476
-3.19525e-10
0.00519476
1.61079e-09
0.00519476
-2.59064e-10
0.00519476
6.76523e-10
0.00519476
-1.19524e-09
0.00519476
1.67108e-10
0.00519476
-2.01865e-09
0.00519476
-3.77483e-10
0.00519476
-1.6849e-09
0.00519476
-5.61369e-11
0.00519476
-1.13091e-09
0.00519476
8.732e-10
0.00519476
4.71843e-10
0.00519476
2.13895e-09
0.00519476
1.63366e-09
0.00519476
3.4021e-09
0.00519476
2.69497e-09
0.00519476
4.34385e-09
0.00519476
3.89962e-09
0.00519476
5.81676e-09
0.00519476
6.74083e-09
0.00519476
1.02921e-08
0.00519476
1.38219e-08
0.00519476
2.17357e-08
0.00519476
3.08176e-08
0.00519476
4.5142e-08
0.00519476
6.2516e-08
0.00519477
8.84703e-08
0.00519477
1.23239e-07
0.00519477
1.74591e-07
0.00519478
2.45651e-07
0.00519478
3.6307e-07
0.00519477
5.30827e-07
0.00519475
9.05468e-07
0.0051947
1.52946e-06
0.00519462
4.17551e-06
0.00519467
1.09841e-05
0.00519521
3.88006e-05
7.72372e-05
0.00513317
0.000870068
0.00518035
0.000481317
0.00518943
0.000132442
0.00519026
4.82394e-06
0.00518976
-8.64669e-06
0.00519027
3.63491e-06
0.0051908
7.79749e-06
0.00519146
9.58839e-06
0.005192
8.42177e-06
0.00519246
7.38172e-06
0.00519284
6.14502e-06
0.00519316
5.19389e-06
0.00519342
4.36148e-06
0.00519364
3.69854e-06
0.00519382
3.15361e-06
0.00519398
2.70787e-06
0.00519411
2.33905e-06
0.00519422
2.02608e-06
0.00519432
1.76163e-06
0.0051944
1.5284e-06
0.00519446
1.32836e-06
0.00519452
1.15015e-06
0.00519457
9.94279e-07
0.00519461
8.54846e-07
0.00519464
7.32573e-07
0.00519467
6.23745e-07
0.00519469
5.29999e-07
0.00519471
4.44592e-07
0.00519473
3.74373e-07
0.00519474
3.09501e-07
0.00519475
2.58249e-07
0.00519476
2.11513e-07
0.00519476
1.74022e-07
0.00519477
1.39925e-07
0.00519477
1.14606e-07
0.00519478
9.14165e-08
0.00519478
7.48408e-08
0.00519478
5.82118e-08
0.00519478
4.87546e-08
0.00519478
3.75619e-08
0.00519479
3.15902e-08
0.00519479
2.31161e-08
0.00519479
1.98755e-08
0.00519479
1.47616e-08
0.00519479
1.32908e-08
0.00519479
8.82908e-09
0.00519479
7.91986e-09
0.00519479
3.51625e-09
0.00519479
3.92403e-09
0.00519479
4.69019e-10
0.00519479
1.33826e-09
0.00519479
-1.08408e-09
0.00519479
8.91739e-10
0.00519479
-5.75634e-10
0.00519479
1.14085e-09
0.00519479
-4.68756e-10
0.00519479
1.50564e-09
0.00519479
-1.12629e-11
0.00519479
1.90157e-09
0.00519479
3.73582e-10
0.00519479
1.50352e-09
0.00519479
-5.23055e-10
0.00519479
1.35079e-09
0.00519479
-4.45477e-10
0.00519479
4.61033e-10
0.00519479
-1.5019e-09
0.00519479
4.65625e-11
0.00519479
-2.15939e-09
0.00519479
-5.84859e-10
0.00519479
-1.70454e-09
0.00519479
8.30799e-11
0.00519479
-9.77737e-10
0.00519479
1.12996e-09
0.00519479
7.35251e-10
0.00519479
2.27776e-09
0.00519479
1.63755e-09
0.00519479
3.40364e-09
0.00519479
2.62122e-09
0.00519479
4.24806e-09
0.00519479
3.67071e-09
0.00519479
5.50461e-09
0.00519479
6.36961e-09
0.00519479
9.7643e-09
0.00519479
1.29159e-08
0.00519479
2.04214e-08
0.00519479
2.89887e-08
0.0051948
4.28421e-08
0.0051948
5.94001e-08
0.0051948
8.41287e-08
0.00519481
1.17361e-07
0.00519482
1.66743e-07
0.00519483
2.35912e-07
0.00519484
3.52261e-07
0.00519485
5.21473e-07
0.00519485
9.02164e-07
0.00519485
1.53022e-06
0.0051949
4.12142e-06
0.00519526
1.06297e-05
0.00519682
3.72425e-05
7.37566e-05
0.00512491
0.000745157
0.00517664
0.000429584
0.00518813
0.000120955
0.00518891
4.0488e-06
0.00518825
-7.98849e-06
0.00518877
3.11422e-06
0.00518945
7.11926e-06
0.00519028
8.75578e-06
0.00519098
7.72129e-06
0.00519159
6.77046e-06
0.00519209
5.64293e-06
0.00519252
4.77241e-06
0.00519287
4.01177e-06
0.00519316
3.40487e-06
0.00519341
2.90571e-06
0.00519362
2.49687e-06
0.0051938
2.15873e-06
0.00519395
1.87147e-06
0.00519409
1.62897e-06
0.0051942
1.41432e-06
0.0051943
1.23072e-06
0.00519438
1.06652e-06
0.00519445
9.23282e-07
0.00519451
7.94654e-07
0.00519456
6.8181e-07
0.00519461
5.80993e-07
0.00519464
4.94466e-07
0.00519467
4.15156e-07
0.00519469
3.50008e-07
0.00519471
2.89258e-07
0.00519473
2.41331e-07
0.00519474
1.97578e-07
0.00519476
1.62887e-07
0.00519476
1.30957e-07
0.00519477
1.07337e-07
0.00519478
8.57288e-08
0.00519478
7.06275e-08
0.00519479
5.49917e-08
0.00519479
4.5919e-08
0.00519479
3.52335e-08
0.00519479
2.98578e-08
0.00519479
2.17151e-08
0.00519479
1.87627e-08
0.00519479
1.39282e-08
0.0051948
1.2745e-08
0.0051948
8.36688e-09
0.0051948
7.60362e-09
0.0051948
3.249e-09
0.0051948
3.92798e-09
0.0051948
4.64945e-10
0.0051948
1.31983e-09
0.0051948
-1.09691e-09
0.0051948
7.19837e-10
0.0051948
-7.11018e-10
0.0051948
1.133e-09
0.0051948
-3.99725e-10
0.0051948
1.61703e-09
0.0051948
8.31233e-11
0.0051948
2.15951e-09
0.0051948
4.78273e-10
0.0051948
1.48341e-09
0.0051948
-7.60642e-10
0.0051948
1.02028e-09
0.0051948
-6.56671e-10
0.0051948
3.31884e-10
0.0051948
-1.6955e-09
0.0051948
-3.31521e-11
0.0051948
-2.15955e-09
0.0051948
-6.483e-10
0.0051948
-1.61096e-09
0.0051948
2.86853e-10
0.0051948
-7.97849e-10
0.0051948
1.37651e-09
0.0051948
9.73326e-10
0.0051948
2.34431e-09
0.0051948
1.5466e-09
0.0051948
3.34115e-09
0.0051948
2.54458e-09
0.0051948
4.18686e-09
0.0051948
3.46733e-09
0.0051948
5.07404e-09
0.0051948
5.76313e-09
0.0051948
8.97417e-09
0.0051948
1.17094e-08
0.0051948
1.86669e-08
0.00519481
2.64477e-08
0.00519481
3.95323e-08
0.00519481
5.49581e-08
0.00519482
7.79255e-08
0.00519483
1.08929e-07
0.00519484
1.55218e-07
0.00519485
2.2057e-07
0.00519487
3.32267e-07
0.0051949
4.9695e-07
0.00519493
8.69436e-07
0.00519498
1.47891e-06
0.00519517
3.93763e-06
0.00519581
9.99187e-06
0.0051983
3.4744e-05
6.84966e-05
0.00511808
0.000627079
0.00517348
0.000374184
0.00518703
0.0001074
0.00518774
3.33793e-06
0.00518694
-7.18133e-06
0.00518745
2.60285e-06
0.00518825
6.31728e-06
0.00518923
7.77316e-06
0.00519008
6.87943e-06
0.00519081
6.03471e-06
0.00519142
5.03449e-06
0.00519193
4.25988e-06
0.00519236
3.58431e-06
0.00519272
3.04428e-06
0.00519303
2.6e-06
0.00519329
2.23555e-06
0.00519351
1.93427e-06
0.0051937
1.67804e-06
0.00519387
1.46199e-06
0.00519402
1.27002e-06
0.00519414
1.10633e-06
0.00519425
9.59375e-07
0.00519434
8.31691e-07
0.00519442
7.16554e-07
0.00519448
6.15518e-07
0.00519454
5.24773e-07
0.00519459
4.47237e-07
0.00519463
3.75709e-07
0.00519466
3.17147e-07
0.00519469
2.61912e-07
0.00519471
2.1841e-07
0.00519473
1.78639e-07
0.00519474
1.4768e-07
0.00519475
1.18724e-07
0.00519476
9.73377e-08
0.00519477
7.7726e-08
0.00519478
6.45028e-08
0.00519478
5.02203e-08
0.00519479
4.17788e-08
0.00519479
3.1835e-08
0.00519479
2.73073e-08
0.00519479
1.97623e-08
0.0051948
1.72288e-08
0.0051948
1.27493e-08
0.0051948
1.18506e-08
0.0051948
7.63743e-09
0.0051948
7.13791e-09
0.0051948
2.89298e-09
0.0051948
3.78641e-09
0.0051948
4.0081e-10
0.0051948
1.25273e-09
0.0051948
-1.1228e-09
0.0051948
5.13972e-10
0.0051948
-8.8377e-10
0.0051948
1.09829e-09
0.0051948
-3.06495e-10
0.0051948
1.7488e-09
0.0051948
1.4142e-10
0.0051948
2.28148e-09
0.0051948
4.63038e-10
0.0051948
1.40213e-09
0.0051948
-9.44529e-10
0.0051948
6.9411e-10
0.0051948
-8.4698e-10
0.0051948
3.03002e-10
0.0051948
-1.75829e-09
0.0051948
-6.91344e-11
0.0051948
-2.07102e-09
0.0051948
-6.00354e-10
0.0051948
-1.46687e-09
0.0051948
5.34208e-10
0.0051948
-6.08757e-10
0.0051948
1.57121e-09
0.0051948
1.18423e-09
0.0051948
2.37982e-09
0.0051948
1.42094e-09
0.0051948
3.22816e-09
0.0051948
2.44655e-09
0.0051948
4.14289e-09
0.0051948
3.30178e-09
0.0051948
4.53704e-09
0.0051948
4.92379e-09
0.0051948
7.89823e-09
0.00519481
1.022e-08
0.00519481
1.65357e-08
0.00519481
2.33013e-08
0.00519481
3.53226e-08
0.00519482
4.93317e-08
0.00519483
7.00669e-08
0.00519484
9.81491e-08
0.00519485
1.40283e-07
0.00519487
1.99995e-07
0.0051949
3.03516e-07
0.00519494
4.57725e-07
0.005195
8.07909e-07
0.00519511
1.37697e-06
0.00519541
3.63087e-06
0.00519631
9.09211e-06
0.00519966
3.14019e-05
6.16653e-05
0.0051125
0.000514582
0.00517082
0.00031586
0.00518612
9.21016e-05
0.00518677
2.68684e-06
0.00518582
-6.23253e-06
0.00518631
2.11197e-06
0.00518722
5.41316e-06
0.00518833
6.66453e-06
0.00518929
5.91737e-06
0.00519013
5.1928e-06
0.00519083
4.3349e-06
0.00519142
3.66916e-06
0.00519191
3.08986e-06
0.00519233
2.62587e-06
0.00519269
2.24423e-06
0.00519299
1.93052e-06
0.00519326
1.6714e-06
0.00519348
1.45074e-06
0.00519368
1.26497e-06
0.00519385
1.09927e-06
0.005194
9.58468e-07
0.00519413
8.31608e-07
0.00519424
7.21893e-07
0.00519433
6.22541e-07
0.00519441
5.35418e-07
0.00519448
4.56614e-07
0.00519454
3.89644e-07
0.00519458
3.27327e-07
0.00519462
2.7669e-07
0.00519466
2.28238e-07
0.00519468
1.9021e-07
0.00519471
1.55321e-07
0.00519473
1.28818e-07
0.00519474
1.03533e-07
0.00519475
8.49082e-08
0.00519476
6.76639e-08
0.00519477
5.65989e-08
0.00519478
4.39812e-08
0.00519478
3.65122e-08
0.00519479
2.75705e-08
0.00519479
2.40638e-08
0.00519479
1.7323e-08
0.0051948
1.53142e-08
0.0051948
1.12523e-08
0.0051948
1.06233e-08
0.0051948
6.65578e-09
0.0051948
6.53753e-09
0.0051948
2.47985e-09
0.0051948
3.49235e-09
0.0051948
2.51821e-10
0.0051948
1.12247e-09
0.0051948
-1.17768e-09
0.0051948
3.15744e-10
0.0051948
-1.05595e-09
0.0051948
1.04164e-09
0.0051948
-2.08677e-10
0.0051948
1.91949e-09
0.0051948
2.40789e-10
0.0051948
2.32544e-09
0.0051948
3.96411e-10
0.0051948
1.31435e-09
0.0051948
-1.02825e-09
0.0051948
4.07085e-10
0.0051948
-1.03294e-09
0.0051948
3.04686e-10
0.0051948
-1.76377e-09
0.0051948
-1.25791e-10
0.0051948
-1.97364e-09
0.0051948
-5.07262e-10
0.0051948
-1.29724e-09
0.0051948
8.18112e-10
0.0051948
-3.78036e-10
0.0051948
1.72423e-09
0.0051948
1.36289e-09
0.0051948
2.4374e-09
0.0051948
1.33042e-09
0.0051948
3.08887e-09
0.0051948
2.29019e-09
0.0051948
4.04535e-09
0.0051948
3.11914e-09
0.0051948
3.88721e-09
0.0051948
3.858e-09
0.00519481
6.53061e-09
0.00519481
8.45514e-09
0.00519481
1.40668e-08
0.00519481
1.96657e-08
0.00519482
3.03494e-08
0.00519482
4.26743e-08
0.00519483
6.07775e-08
0.00519485
8.52587e-08
0.00519487
1.22251e-07
0.00519489
1.74663e-07
0.00519493
2.66699e-07
0.00519498
4.04801e-07
0.00519507
7.19399e-07
0.00519522
1.22782e-06
0.00519564
3.21177e-06
0.00519677
7.95749e-06
0.00520085
2.73224e-05
5.34775e-05
0.00510803
0.000406552
0.00516865
0.000255244
0.00518538
7.53714e-05
0.00518598
2.08746e-06
0.0051849
-5.15538e-06
0.00518537
1.64712e-06
0.00518635
4.42688e-06
0.00518756
5.4527e-06
0.00518863
4.85582e-06
0.00518956
4.26275e-06
0.00519033
3.55931e-06
0.00519099
3.01311e-06
0.00519154
2.53932e-06
0.005192
2.15899e-06
0.0051924
1.84641e-06
0.00519274
1.58871e-06
0.00519304
1.37615e-06
0.00519329
1.1948e-06
0.00519352
1.04252e-06
0.00519371
9.06082e-07
0.00519388
7.90738e-07
0.00519402
6.86349e-07
0.00519415
5.96551e-07
0.00519425
5.14885e-07
0.00519435
4.43473e-07
0.00519442
3.78243e-07
0.00519449
3.23204e-07
0.00519455
2.71278e-07
0.00519459
2.29708e-07
0.00519463
1.8913e-07
0.00519466
1.57534e-07
0.00519469
1.28295e-07
0.00519471
1.06786e-07
0.00519473
8.57338e-08
0.00519474
7.03888e-08
0.00519476
5.58348e-08
0.00519477
4.71137e-08
0.00519477
3.64399e-08
0.00519478
3.03435e-08
0.00519479
2.26316e-08
0.00519479
2.02328e-08
0.00519479
1.44415e-08
0.00519479
1.30565e-08
0.0051948
9.43658e-09
0.0051948
9.08826e-09
0.0051948
5.4501e-09
0.0051948
5.8098e-09
0.0051948
2.00203e-09
0.0051948
3.04482e-09
0.0051948
-4.45582e-12
0.0051948
9.19332e-10
0.0051948
-1.27948e-09
0.0051948
1.46297e-10
0.0051948
-1.19042e-09
0.0051948
9.58641e-10
0.0051948
-1.38522e-10
0.0051948
2.13283e-09
0.0051948
4.20215e-10
0.0051948
2.3522e-09
0.0051948
3.2008e-10
0.0051948
1.23801e-09
0.0051948
-1.01321e-09
0.0051948
1.63503e-10
0.0051948
-1.24646e-09
0.0051948
2.58433e-10
0.0051948
-1.80392e-09
0.0051948
-2.50164e-10
0.0051948
-1.91731e-09
0.0051948
-4.02307e-10
0.0051948
-1.12705e-09
0.0051948
1.1306e-09
0.0051948
-7.69275e-11
0.0051948
1.85592e-09
0.0051948
1.5069e-09
0.0051948
2.54268e-09
0.0051948
1.31954e-09
0.0051948
2.94029e-09
0.0051948
2.03237e-09
0.0051948
3.79057e-09
0.0051948
2.80778e-09
0.0051948
3.11977e-09
0.00519481
2.61672e-09
0.00519481
4.91656e-09
0.00519481
6.4316e-09
0.00519481
1.12947e-08
0.00519482
1.56755e-08
0.00519482
2.4776e-08
0.00519483
3.51464e-08
0.00519484
5.02936e-08
0.00519485
7.05424e-08
0.00519487
1.01499e-07
0.0051949
1.45146e-07
0.00519495
2.22745e-07
0.00519501
3.39672e-07
0.00519513
6.06769e-07
0.00519532
1.03663e-06
0.00519583
2.69422e-06
0.00519717
6.61988e-06
0.00520188
2.2619e-05
4.41533e-05
0.00510457
0.000301982
0.00516693
0.000192883
0.0051848
5.75081e-05
0.00518535
1.52988e-06
0.00518417
-3.96861e-06
0.00518461
1.20896e-06
0.00518566
3.37682e-06
0.00518695
4.15944e-06
0.00518809
3.71504e-06
0.00518909
3.26241e-06
0.00518993
2.72289e-06
0.00519063
2.30465e-06
0.00519123
1.9437e-06
0.00519173
1.65321e-06
0.00519217
1.41477e-06
0.00519254
1.21725e-06
0.00519286
1.05477e-06
0.00519314
9.15665e-07
0.00519338
7.99511e-07
0.00519359
6.94695e-07
0.00519378
6.06949e-07
0.00519394
5.26903e-07
0.00519407
4.58558e-07
0.00519419
3.96095e-07
0.00519429
3.41835e-07
0.00519438
2.91522e-07
0.00519445
2.49554e-07
0.00519452
2.08986e-07
0.00519457
1.7741e-07
0.00519461
1.45583e-07
0.00519465
1.21241e-07
0.00519468
9.82593e-08
0.0051947
8.21357e-08
0.00519472
6.57409e-08
0.00519474
5.41371e-08
0.00519475
4.25437e-08
0.00519476
3.63038e-08
0.00519477
2.78241e-08
0.00519478
2.34749e-08
0.00519478
1.71517e-08
0.00519479
1.58935e-08
0.00519479
1.11474e-08
0.00519479
1.04795e-08
0.00519479
7.30526e-09
0.0051948
7.2922e-09
0.0051948
4.04539e-09
0.0051948
4.92832e-09
0.0051948
1.4253e-09
0.0051948
2.45463e-09
0.0051948
-3.62378e-10
0.0051948
6.49752e-10
0.0051948
-1.44215e-09
0.0051948
7.28896e-12
0.0051948
-1.29068e-09
0.0051948
8.51878e-10
0.0051948
-1.2903e-10
0.0051948
2.35088e-09
0.0051948
6.52533e-10
0.0051948
2.38163e-09
0.0051948
2.45985e-10
0.0051948
1.18938e-09
0.0051948
-9.36281e-10
0.0051948
-2.36789e-11
0.0051948
-1.48705e-09
0.0051948
1.30435e-10
0.0051948
-1.91809e-09
0.0051948
-4.4548e-10
0.0051948
-1.91588e-09
0.0051948
-3.14736e-10
0.0051948
-9.916e-10
0.0051948
1.43047e-09
0.0051948
2.79964e-10
0.0051948
1.98989e-09
0.0051948
1.60865e-09
0.0051948
2.68297e-09
0.0051948
1.39363e-09
0.0051948
2.79961e-09
0.0051948
1.66024e-09
0.0051948
3.30456e-09
0.0051948
2.27639e-09
0.0051948
2.25836e-09
0.00519481
1.28874e-09
0.00519481
3.13769e-09
0.00519481
4.18748e-09
0.00519481
8.26167e-09
0.00519482
1.14545e-08
0.00519482
1.87669e-08
0.00519483
2.69098e-08
0.00519484
3.8852e-08
0.00519486
5.43352e-08
0.00519488
7.84783e-08
0.00519492
1.12129e-07
0.00519497
1.72797e-07
0.00519504
2.64246e-07
0.00519517
4.73768e-07
0.0051954
8.09999e-07
0.005196
2.09476e-06
0.0051975
5.11513e-06
0.00520271
1.74108e-05
3.39164e-05
0.00510204
0.000199941
0.00516566
0.000129264
0.00518437
3.8802e-05
0.00518489
1.00351e-06
0.00518362
-2.69553e-06
0.00518403
7.94265e-07
0.00518513
2.28002e-06
0.00518649
2.80573e-06
0.00518769
2.515e-06
0.00518874
2.20948e-06
0.00518962
1.84083e-06
0.00519037
1.55681e-06
0.005191
1.31416e-06
0.00519153
1.11822e-06
0.00519199
9.5771e-07
0.00519238
8.23467e-07
0.00519272
7.13692e-07
0.00519302
6.18987e-07
0.00519328
5.40959e-07
0.0051935
4.69498e-07
0.0051937
4.10999e-07
0.00519387
3.56689e-07
0.00519402
3.10977e-07
0.00519414
2.68855e-07
0.00519425
2.32804e-07
0.00519435
1.98416e-07
0.00519442
1.70415e-07
0.00519449
1.41993e-07
0.00519455
1.211e-07
0.00519459
9.86811e-08
0.00519463
8.22181e-08
0.00519467
6.59395e-08
0.00519469
5.54699e-08
0.00519471
4.40174e-08
0.00519473
3.65208e-08
0.00519475
2.81195e-08
0.00519476
2.44743e-08
0.00519477
1.83935e-08
0.00519477
1.60666e-08
0.00519478
1.1231e-08
0.00519479
1.11167e-08
0.00519479
7.48519e-09
0.00519479
7.61365e-09
0.00519479
4.89079e-09
0.0051948
5.28497e-09
0.0051948
2.45668e-09
0.0051948
3.84745e-09
0.0051948
7.16026e-10
0.0051948
1.75953e-09
0.0051948
-7.89681e-10
0.0051948
3.29306e-10
0.0051948
-1.672e-09
0.0051948
-1.30821e-10
0.0051948
-1.3656e-09
0.0051948
7.25688e-10
0.0051948
-2.0425e-10
0.0051948
2.50336e-09
0.0051948
8.63312e-10
0.0051948
2.40923e-09
0.0051948
1.96383e-10
0.0051948
1.15608e-09
0.0051948
-8.27059e-10
0.0051948
-1.38786e-10
0.0051948
-1.71765e-09
0.0051948
-6.40957e-11
0.0051948
-2.09419e-09
0.0051948
-6.8942e-10
0.0051948
-1.96666e-09
0.0051948
-2.76527e-10
0.0051948
-9.27207e-10
0.0051948
1.65263e-09
0.0051948
6.36807e-10
0.0051948
2.13011e-09
0.0051948
1.66285e-09
0.0051948
2.8268e-09
0.0051948
1.53224e-09
0.0051948
2.6905e-09
0.0051948
1.21595e-09
0.0051948
2.59343e-09
0.0051948
1.50502e-09
0.0051948
1.33826e-09
0.00519481
-3.94038e-11
0.00519481
1.2833e-09
0.00519481
1.77564e-09
0.00519481
5.00568e-09
0.00519482
7.07703e-09
0.00519482
1.24644e-08
0.00519483
1.81333e-08
0.00519485
2.66859e-08
0.00519486
3.70143e-08
0.00519489
5.37092e-08
0.00519492
7.64024e-08
0.00519498
1.18179e-07
0.00519506
1.80775e-07
0.00519521
3.24852e-07
0.00519547
5.55721e-07
0.00519613
1.43209e-06
0.00519776
3.48226e-06
0.00520335
1.18206e-05
2.29929e-05
0.00510038
9.95574e-05
0.00516482
6.48294e-05
0.00518408
1.95372e-05
0.00518459
4.97703e-07
0.00518326
-1.36294e-06
0.00518365
3.96851e-07
0.00518478
1.15253e-06
0.00518618
1.412e-06
0.00518742
1.2755e-06
0.0051885
1.1216e-06
0.00518942
9.28392e-07
0.00519019
7.82736e-07
0.00519084
6.61996e-07
0.00519139
5.63793e-07
0.00519187
4.83721e-07
0.00519228
4.14809e-07
0.00519263
3.5942e-07
0.00519294
3.10534e-07
0.00519321
2.71948e-07
0.00519344
2.34972e-07
0.00519365
2.06835e-07
0.00519382
1.79214e-07
0.00519398
1.56981e-07
0.00519411
1.35953e-07
0.00519423
1.18787e-07
0.00519432
1.00977e-07
0.00519441
8.75739e-08
0.00519448
7.19035e-08
0.00519453
6.21317e-08
0.00519458
4.95634e-08
0.00519462
4.13765e-08
0.00519466
3.20803e-08
0.00519469
2.74157e-08
0.00519471
2.10689e-08
0.00519473
1.79374e-08
0.00519474
1.29267e-08
0.00519476
1.19634e-08
0.00519476
8.42298e-09
0.00519477
8.26446e-09
0.00519478
4.98779e-09
0.00519478
6.00414e-09
0.00519479
3.53415e-09
0.00519479
4.50628e-09
0.00519479
2.25339e-09
0.0051948
3.11119e-09
0.0051948
7.03771e-10
0.0051948
2.5393e-09
0.0051948
-1.26903e-10
0.0051948
1.01542e-09
0.0051948
-1.23609e-09
0.0051948
-2.40538e-11
0.0051948
-1.95693e-09
0.0051948
-2.89635e-10
0.0051948
-1.41789e-09
0.0051948
5.88418e-10
0.0051948
-3.62403e-10
0.0051948
2.52158e-09
0.0051948
9.87252e-10
0.0051948
2.41476e-09
0.0051948
1.7496e-10
0.0051948
1.11713e-09
0.0051948
-7.16814e-10
0.0051948
-1.78144e-10
0.0051948
-1.89456e-09
0.0051948
-2.86223e-10
0.0051948
-2.30167e-09
0.0051948
-9.49573e-10
0.0051948
-2.05866e-09
0.0051948
-3.0744e-10
0.0051948
-9.51942e-10
0.0051948
1.73354e-09
0.0051948
9.2228e-10
0.0051948
2.26567e-09
0.0051948
1.68456e-09
0.0051948
2.95192e-09
0.0051948
1.70514e-09
0.0051948
2.62743e-09
0.0051948
7.75992e-10
0.0051948
1.73512e-09
0.0051948
5.40115e-10
0.00519481
3.79511e-10
0.00519481
-1.31763e-09
0.00519481
-5.78894e-10
0.00519481
-7.56369e-10
0.00519481
1.55289e-09
0.00519482
2.57124e-09
0.00519483
5.98852e-09
0.00519483
9.00356e-09
0.00519485
1.40265e-08
0.00519487
1.89776e-08
0.00519489
2.77659e-08
0.00519493
3.88537e-08
0.00519499
6.03677e-08
0.00519508
9.17778e-08
0.00519524
1.65022e-07
0.00519551
2.8248e-07
0.00519621
7.26455e-07
0.00519793
1.76265e-06
0.00520378
5.97433e-06
1.16108e-05
0.00509956
-6.49131e-09
0.0051644
-6.0506e-09
0.00518394
-5.83246e-09
0.00518444
2.02418e-09
0.00518308
-3.14423e-11
0.00518346
8.5457e-09
0.00518461
9.73375e-09
0.00518602
-1.67362e-09
0.00518728
1.61837e-08
0.00518838
1.62663e-08
0.00518931
8.55567e-10
0.0051901
-4.38223e-09
0.00519076
-1.40542e-09
0.00519133
-2.87454e-10
0.00519181
1.30438e-09
0.00519222
-1.22352e-09
0.00519258
-1.50064e-09
0.0051929
-3.86424e-09
0.00519317
-2.39199e-09
0.00519341
-4.31011e-09
0.00519362
-1.52964e-09
0.0051938
-1.94392e-09
0.00519396
-1.95045e-10
0.0051941
2.25072e-10
0.00519421
2.25962e-09
0.00519431
1.33106e-09
0.0051944
2.86716e-09
0.00519447
3.4026e-10
0.00519453
1.8711e-09
0.00519458
-6.19882e-10
0.00519462
-3.69195e-10
0.00519465
-2.56483e-09
0.00519468
-1.38093e-09
0.00519471
-2.55608e-09
0.00519473
-1.17347e-09
0.00519474
-2.64077e-09
0.00519475
-8.74334e-10
0.00519476
-1.80733e-09
0.00519477
2.36861e-10
0.00519478
-1.41459e-09
0.00519478
7.11127e-10
0.00519479
-5.99874e-10
0.00519479
1.2227e-09
0.00519479
-5.26312e-10
0.0051948
8.24335e-10
0.0051948
-1.16612e-09
0.0051948
1.02898e-09
0.0051948
-1.07059e-09
0.0051948
2.79583e-10
0.0051948
-1.65904e-09
0.0051948
-3.88406e-10
0.0051948
-2.25747e-09
0.0051948
-4.70794e-10
0.0051948
-1.44785e-09
0.0051948
4.64424e-10
0.0051948
-5.70396e-10
0.0051948
2.38284e-09
0.0051948
9.89725e-10
0.0051948
2.37507e-09
0.0051948
1.76097e-10
0.0051948
1.04953e-09
0.0051948
-6.4155e-10
0.0051948
-1.55505e-10
0.0051948
-1.99633e-09
0.0051948
-5.04453e-10
0.0051948
-2.51143e-09
0.0051948
-1.19619e-09
0.0051948
-2.16688e-09
0.0051948
-3.99872e-10
0.0051948
-1.05189e-09
0.0051948
1.64557e-09
0.0051948
1.08181e-09
0.0051948
2.39223e-09
0.0051948
1.71634e-09
0.0051948
3.05717e-09
0.0051948
1.87045e-09
0.0051948
2.59311e-09
0.0051948
4.00925e-10
0.0051948
8.36171e-10
0.0051948
-5.37515e-10
0.00519481
-6.17507e-10
0.00519481
-2.54819e-09
0.00519481
-2.42253e-09
0.00519481
-3.3642e-09
0.00519481
-2.05553e-09
0.00519482
-2.04519e-09
0.00519483
-5.50152e-10
0.00519483
-2.78462e-10
0.00519485
1.1062e-09
0.00519487
6.17567e-10
0.00519489
1.25401e-09
0.00519493
4.28531e-10
0.00519499
9.43252e-10
0.00519508
-3.08908e-11
0.00519525
-3.54038e-10
0.00519553
-4.2047e-10
0.00519626
-8.60591e-10
0.00519802
-7.44176e-10
0.005204
-5.19222e-10
-7.33559e-10
0.00509956
-9.95703e-05
0.0051644
-6.48415e-05
0.00518394
-1.95488e-05
0.00518444
-4.93762e-07
0.00518308
1.36282e-06
0.00518346
-3.79868e-07
0.00518461
-1.13332e-06
0.00518602
-1.41537e-06
0.00518728
-1.24336e-06
0.00518839
-1.08911e-06
0.00518931
-9.26558e-07
0.0051901
-7.91345e-07
0.00519076
-6.64673e-07
0.00519133
-5.64247e-07
0.00519181
-4.81051e-07
0.00519222
-4.17167e-07
0.00519258
-3.62493e-07
0.0051929
-3.18336e-07
0.00519317
-2.76849e-07
0.00519341
-2.43685e-07
0.00519362
-2.09991e-07
0.0051938
-1.8315e-07
0.00519396
-1.57304e-07
0.0051941
-1.35482e-07
0.00519421
-1.14276e-07
0.00519431
-9.83399e-08
0.0051944
-8.18334e-08
0.00519447
-7.11012e-08
0.00519453
-5.8333e-08
0.00519458
-5.07457e-08
0.00519462
-4.21021e-08
0.00519465
-3.72311e-08
0.00519468
-3.02436e-08
0.00519471
-2.62664e-08
0.00519473
-2.03358e-08
0.00519474
-1.8181e-08
0.00519475
-1.36824e-08
0.00519476
-1.20186e-08
0.00519477
-7.81187e-09
0.00519478
-7.78175e-09
0.00519478
-4.57121e-09
0.00519479
-4.79286e-09
0.00519479
-2.16049e-09
0.00519479
-3.35045e-09
0.0051948
-1.49258e-09
0.0051948
-3.0661e-09
0.0051948
-5.95864e-10
0.0051948
-2.06268e-09
0.0051948
-4.12156e-10
0.0051948
-2.03778e-09
0.0051948
-7.40207e-10
0.0051948
-2.52935e-09
0.0051948
-6.63963e-10
0.0051948
-1.46273e-09
0.0051948
3.86102e-10
0.0051948
-7.71681e-10
0.0051948
2.12064e-09
0.0051948
8.79501e-10
0.0051948
2.28473e-09
0.0051948
1.92504e-10
0.0051948
9.47872e-10
0.0051948
-6.27804e-10
0.0051948
-1.01725e-10
0.0051948
-2.03383e-09
0.0051948
-7.01982e-10
0.0051948
-2.70184e-09
0.0051948
-1.40051e-09
0.0051948
-2.25335e-09
0.0051948
-5.13423e-10
0.0051948
-1.17879e-09
0.0051948
1.41899e-09
0.0051948
1.10707e-09
0.0051948
2.52273e-09
0.0051948
1.81019e-09
0.0051948
3.14994e-09
0.0051948
1.9708e-09
0.0051948
2.53215e-09
0.0051948
9.86849e-11
0.0051948
-9.6236e-12
0.0051948
-1.64409e-09
0.00519481
-1.66413e-09
0.00519481
-3.76738e-09
0.00519481
-4.24481e-09
0.00519481
-5.98655e-09
0.00519481
-5.73827e-09
0.00519482
-6.72671e-09
0.00519483
-7.04051e-09
0.00519483
-9.51292e-09
0.00519485
-1.18397e-08
0.00519487
-1.76962e-08
0.00519489
-2.52204e-08
0.00519493
-3.7917e-08
0.00519499
-5.84636e-08
0.00519508
-9.1837e-08
0.00519525
-1.65718e-07
0.00519553
-2.8336e-07
0.00519626
-7.28078e-07
0.00519802
-1.76416e-06
0.005204
-5.97543e-06
-1.16123e-05
0.00510038
-0.000199954
0.00516482
-0.000129276
0.00518408
-3.88134e-05
0.00518459
-9.9987e-07
0.00518326
2.69526e-06
0.00518365
-7.77652e-07
0.00518478
-2.26156e-06
0.00518618
-2.80921e-06
0.00518742
-2.48355e-06
0.0051885
-2.17721e-06
0.00518942
-1.83871e-06
0.00519019
-1.56499e-06
0.00519084
-1.31648e-06
0.00519139
-1.11835e-06
0.00519187
-9.54881e-07
0.00519228
-8.25619e-07
0.00519263
-7.16932e-07
0.00519294
-6.26973e-07
0.00519321
-5.4612e-07
0.00519344
-4.78439e-07
0.00519365
-4.1439e-07
0.00519382
-3.60744e-07
0.00519398
-3.11121e-07
0.00519411
-2.68322e-07
0.00519423
-2.28323e-07
0.00519432
-1.95836e-07
0.00519441
-1.64651e-07
0.00519448
-1.40872e-07
0.00519453
-1.17156e-07
0.00519458
-9.97282e-08
0.00519462
-8.2901e-08
0.00519466
-7.11294e-08
0.00519469
-5.84562e-08
0.00519471
-4.94387e-08
0.00519473
-3.90609e-08
0.00519474
-3.33075e-08
0.00519476
-2.61153e-08
0.00519477
-2.19402e-08
0.00519477
-1.56585e-08
0.00519478
-1.39285e-08
0.00519478
-9.65161e-09
0.00519479
-8.92206e-09
0.00519479
-5.53463e-09
0.00519479
-6.10475e-09
0.0051948
-3.72569e-09
0.0051948
-4.88036e-09
0.0051948
-2.20766e-09
0.0051948
-3.05009e-09
0.0051948
-1.04983e-09
0.0051948
-2.38088e-09
0.0051948
-1.06495e-09
0.0051948
-2.75061e-09
0.0051948
-8.59087e-10
0.0051948
-1.48632e-09
0.0051948
3.83755e-10
0.0051948
-9.01009e-10
0.0051948
1.81617e-09
0.0051948
7.07439e-10
0.0051948
2.16918e-09
0.0051948
2.28807e-10
0.0051948
8.31156e-10
0.0051948
-6.7677e-10
0.0051948
-5.94068e-11
0.0051948
-2.03837e-09
0.0051948
-8.74342e-10
0.0051948
-2.85416e-09
0.0051948
-1.53828e-09
0.0051948
-2.28014e-09
0.0051948
-5.86004e-10
0.0051948
-1.26321e-09
0.0051948
1.13757e-09
0.0051948
1.03928e-09
0.0051948
2.67164e-09
0.0051948
1.99304e-09
0.0051948
3.22939e-09
0.0051948
1.94651e-09
0.0051948
2.37343e-09
0.0051948
-1.65694e-10
0.0051948
-7.43674e-10
0.0051948
-2.70428e-09
0.0051948
-2.75788e-09
0.00519481
-5.00162e-09
0.00519481
-6.03492e-09
0.00519481
-8.53533e-09
0.00519481
-9.36298e-09
0.00519482
-1.13839e-08
0.00519483
-1.33727e-08
0.00519483
-1.85218e-08
0.00519485
-2.45766e-08
0.00519487
-3.5619e-08
0.00519489
-5.10761e-08
0.00519493
-7.52593e-08
0.00519499
-1.16233e-07
0.00519508
-1.80826e-07
0.00519524
-3.25508e-07
0.00519551
-5.56712e-07
0.00519621
-1.43345e-06
0.00519793
-3.48381e-06
0.00520378
-1.18219e-05
-2.29942e-05
0.00510204
-0.000301994
0.00516566
-0.000192895
0.00518437
-5.75192e-05
0.00518489
-1.52666e-06
0.00518362
3.96813e-06
0.00518403
-1.19305e-06
0.00518513
-3.35952e-06
0.00518649
-4.16311e-06
0.00518769
-3.68471e-06
0.00518874
-3.23066e-06
0.00518962
-2.7205e-06
0.00519037
-2.31223e-06
0.005191
-1.94555e-06
0.00519153
-1.6529e-06
0.00519199
-1.41175e-06
0.00519238
-1.21922e-06
0.00519272
-1.05817e-06
0.00519302
-9.23856e-07
0.00519328
-8.04874e-07
0.0051935
-7.0387e-07
0.0051937
-6.10581e-07
0.00519387
-5.31068e-07
0.00519402
-4.58462e-07
0.00519414
-3.95473e-07
0.00519425
-3.37431e-07
0.00519435
-2.88996e-07
0.00519443
-2.43748e-07
0.00519449
-2.07464e-07
0.00519455
-1.73299e-07
0.00519459
-1.46501e-07
0.00519463
-1.21837e-07
0.00519467
-1.0344e-07
0.00519469
-8.52766e-08
0.00519471
-7.14448e-08
0.00519473
-5.6876e-08
0.00519475
-4.76612e-08
0.00519476
-3.78492e-08
0.00519477
-3.13166e-08
0.00519477
-2.30988e-08
0.00519478
-1.97125e-08
0.00519479
-1.43831e-08
0.00519479
-1.28487e-08
0.00519479
-8.76188e-09
0.00519479
-8.66487e-09
0.0051948
-5.75865e-09
0.0051948
-6.49555e-09
0.0051948
-3.67667e-09
0.0051948
-3.97971e-09
0.0051948
-1.64992e-09
0.0051948
-2.71624e-09
0.0051948
-1.36562e-09
0.0051948
-2.92926e-09
0.0051948
-1.05524e-09
0.0051948
-1.54138e-09
0.0051948
4.71389e-10
0.0051948
-9.03812e-10
0.0051948
1.56642e-09
0.0051948
5.47514e-10
0.0051948
2.06665e-09
0.0051948
2.93563e-10
0.0051948
7.31244e-10
0.0051948
-7.76138e-10
0.0051948
-6.66686e-11
0.0051948
-2.04808e-09
0.0051948
-1.02042e-09
0.0051948
-2.95247e-09
0.0051948
-1.59742e-09
0.0051948
-2.22645e-09
0.0051948
-5.65544e-10
0.0051948
-1.24297e-09
0.0051948
9.03528e-10
0.0051948
9.37995e-10
0.0051948
2.83315e-09
0.0051948
2.24141e-09
0.0051948
3.2805e-09
0.0051948
1.76786e-09
0.0051948
2.07531e-09
0.0051948
-4.36865e-10
0.0051948
-1.33404e-09
0.0051948
-3.64703e-09
0.0051948
-3.86118e-09
0.00519481
-6.23821e-09
0.00519481
-7.75571e-09
0.00519481
-1.09036e-08
0.00519481
-1.27685e-08
0.00519482
-1.58967e-08
0.00519482
-1.9455e-08
0.00519483
-2.71593e-08
0.00519485
-3.68732e-08
0.00519486
-5.28175e-08
0.00519489
-7.57606e-08
0.00519492
-1.10735e-07
0.00519498
-1.70809e-07
0.00519506
-2.64285e-07
0.00519521
-4.74355e-07
0.00519546
-8.11153e-07
0.00519613
-2.09579e-06
0.00519776
-5.1167e-06
0.00520335
-1.74123e-05
-3.39175e-05
0.00510457
-0.000406564
0.00516693
-0.000255256
0.00518479
-7.53819e-05
0.00518535
-2.08466e-06
0.00518416
5.15471e-06
0.0051846
-1.63222e-06
0.00518565
-4.41102e-06
0.00518695
-5.45663e-06
0.00518809
-4.82699e-06
0.00518909
-4.23193e-06
0.00518993
-3.55684e-06
0.00519064
-3.02002e-06
0.00519123
-2.54072e-06
0.00519174
-2.15826e-06
0.00519217
-1.84324e-06
0.00519254
-1.5906e-06
0.00519286
-1.37963e-06
0.00519314
-1.20312e-06
0.00519338
-1.04787e-06
0.00519359
-9.15364e-07
0.00519378
-7.94484e-07
0.00519394
-6.90521e-07
0.00519407
-5.96206e-07
0.00519419
-5.1418e-07
0.00519429
-4.39237e-07
0.00519438
-3.75756e-07
0.00519445
-3.17356e-07
0.00519452
-2.69403e-07
0.00519457
-2.25487e-07
0.00519461
-1.89994e-07
0.00519465
-1.57977e-07
0.00519468
-1.33333e-07
0.0051947
-1.09976e-07
0.00519472
-9.16928e-08
0.00519474
-7.33451e-08
0.00519475
-6.09118e-08
0.00519476
-4.85923e-08
0.00519477
-3.99169e-08
0.00519478
-2.99701e-08
0.00519478
-2.50326e-08
0.00519479
-1.86552e-08
0.00519479
-1.6419e-08
0.00519479
-1.16872e-08
0.0051948
-1.09147e-08
0.0051948
-7.50788e-09
0.0051948
-7.8299e-09
0.0051948
-4.90072e-09
0.0051948
-4.80187e-09
0.0051948
-2.2318e-09
0.0051948
-3.07527e-09
0.0051948
-1.66035e-09
0.0051948
-3.07846e-09
0.0051948
-1.24764e-09
0.0051948
-1.63052e-09
0.0051948
6.36425e-10
0.0051948
-7.58034e-10
0.0051948
1.43901e-09
0.0051948
4.53865e-10
0.0051948
1.99135e-09
0.0051948
3.77348e-10
0.0051948
6.6058e-10
0.0051948
-9.06181e-10
0.0051948
-1.43291e-10
0.0051948
-2.09154e-09
0.0051948
-1.13936e-09
0.0051948
-2.98454e-09
0.0051948
-1.58222e-09
0.0051948
-2.10177e-09
0.0051948
-4.4703e-10
0.0051948
-1.09613e-09
0.0051948
7.88172e-10
0.0051948
8.46942e-10
0.0051948
2.96836e-09
0.0051948
2.48521e-09
0.0051948
3.28499e-09
0.0051948
1.47037e-09
0.0051948
1.6606e-09
0.0051948
-7.29257e-10
0.0051948
-1.77041e-09
0.0051948
-4.40954e-09
0.0051948
-4.9065e-09
0.00519481
-7.42831e-09
0.00519481
-9.34617e-09
0.00519481
-1.29963e-08
0.00519481
-1.58147e-08
0.00519482
-2.01443e-08
0.00519482
-2.52241e-08
0.00519483
-3.52972e-08
0.00519484
-4.84887e-08
0.00519486
-6.89479e-08
0.00519488
-9.87402e-08
0.00519491
-1.43542e-07
0.00519497
-2.20738e-07
0.00519504
-3.3969e-07
0.00519517
-6.07262e-07
0.0051954
-1.03795e-06
0.005196
-2.69494e-06
0.0051975
-6.62139e-06
0.00520271
-2.26207e-05
-4.41544e-05
0.00510803
-0.000514593
0.00516865
-0.000315872
0.00518537
-9.21113e-05
0.00518597
-2.68438e-06
0.0051849
6.2318e-06
0.00518536
-2.09824e-06
0.00518635
-5.39879e-06
0.00518756
-6.6687e-06
0.00518863
-5.89026e-06
0.00518956
-5.16331e-06
0.00519033
-4.33256e-06
0.00519099
-3.67538e-06
0.00519154
-3.09087e-06
0.00519201
-2.62482e-06
0.0051924
-2.24103e-06
0.00519274
-1.93247e-06
0.00519304
-1.67484e-06
0.0051933
-1.45905e-06
0.00519352
-1.27005e-06
0.00519371
-1.10846e-06
0.00519388
-9.62152e-07
0.00519402
-8.35631e-07
0.00519415
-7.21345e-07
0.00519425
-6.21812e-07
0.00519435
-5.31483e-07
0.00519443
-4.54161e-07
0.00519449
-3.83794e-07
0.00519455
-3.25242e-07
0.00519459
-2.72467e-07
0.00519463
-2.29135e-07
0.00519467
-1.90407e-07
0.00519469
-1.60014e-07
0.00519471
-1.3189e-07
0.00519473
-1.09662e-07
0.00519475
-8.80736e-08
0.00519476
-7.27513e-08
0.00519477
-5.80898e-08
0.00519477
-4.75329e-08
0.00519478
-3.61295e-08
0.00519479
-2.97889e-08
0.00519479
-2.23706e-08
0.00519479
-1.94712e-08
0.00519479
-1.41677e-08
0.0051948
-1.27632e-08
0.0051948
-8.93273e-09
0.0051948
-8.84737e-09
0.0051948
-5.82465e-09
0.0051948
-5.47156e-09
0.0051948
-2.80738e-09
0.0051948
-3.47596e-09
0.0051948
-1.96383e-09
0.0051948
-3.18953e-09
0.0051948
-1.411e-09
0.0051948
-1.73278e-09
0.0051948
8.41224e-10
0.0051948
-4.91821e-10
0.0051948
1.43276e-09
0.0051948
4.29222e-10
0.0051948
1.91003e-09
0.0051948
4.35496e-10
0.0051948
6.07935e-10
0.0051948
-1.04421e-09
0.0051948
-2.80253e-10
0.0051948
-2.17175e-09
0.0051948
-1.22231e-09
0.0051948
-2.94062e-09
0.0051948
-1.51051e-09
0.0051948
-1.94226e-09
0.0051948
-2.7947e-10
0.0051948
-8.55347e-10
0.0051948
8.05291e-10
0.0051948
7.75884e-10
0.0051948
3.0147e-09
0.0051948
2.64154e-09
0.0051948
3.23916e-09
0.0051948
1.15052e-09
0.0051948
1.21238e-09
0.0051948
-1.02673e-09
0.0051948
-2.06587e-09
0.0051948
-4.95702e-09
0.0051948
-5.82691e-09
0.0051948
-8.51269e-09
0.00519481
-1.0744e-08
0.00519481
-1.47675e-08
0.00519481
-1.84299e-08
0.00519481
-2.40197e-08
0.00519482
-3.06189e-08
0.00519483
-4.2792e-08
0.00519484
-5.91538e-08
0.00519485
-8.36506e-08
0.00519487
-1.19497e-07
0.0051949
-1.72935e-07
0.00519495
-2.64709e-07
0.00519501
-4.04787e-07
0.00519513
-7.19782e-07
0.00519532
-1.22927e-06
0.00519583
-3.2123e-06
0.00519717
-7.95886e-06
0.00520188
-2.73242e-05
-5.34784e-05
0.0051125
-0.000627089
0.00517082
-0.000374196
0.00518612
-0.000107408
0.00518677
-3.33571e-06
0.00518582
7.18073e-06
0.00518631
-2.59023e-06
0.00518722
-6.30427e-06
0.00518833
-7.77744e-06
0.00518929
-6.85407e-06
0.00519013
-6.00684e-06
0.00519083
-5.03244e-06
0.00519142
-4.26538e-06
0.00519192
-3.58505e-06
0.00519234
-3.04312e-06
0.00519269
-2.59694e-06
0.005193
-2.23761e-06
0.00519326
-1.9376e-06
0.00519349
-1.68616e-06
0.00519368
-1.46662e-06
0.00519385
-1.27891e-06
0.005194
-1.10982e-06
0.00519413
-9.63105e-07
0.00519424
-8.3102e-07
0.00519433
-7.15877e-07
0.00519441
-6.12011e-07
0.00519448
-5.2237e-07
0.00519454
-4.41474e-07
0.00519458
-3.73594e-07
0.00519463
-3.13048e-07
0.00519466
-2.62891e-07
0.00519469
-2.18272e-07
0.00519471
-1.82778e-07
0.00519473
-1.50457e-07
0.00519474
-1.24912e-07
0.00519475
-1.00692e-07
0.00519476
-8.28778e-08
0.00519477
-6.61117e-08
0.00519478
-5.39613e-08
0.00519478
-4.14029e-08
0.00519479
-3.38372e-08
0.00519479
-2.54266e-08
0.00519479
-2.18678e-08
0.0051948
-1.60994e-08
0.0051948
-1.41524e-08
0.0051948
-1.00248e-08
0.0051948
-9.56021e-09
0.0051948
-6.45188e-09
0.0051948
-5.96753e-09
0.0051948
-3.37492e-09
0.0051948
-3.90863e-09
0.0051948
-2.26872e-09
0.0051948
-3.2275e-09
0.0051948
-1.49524e-09
0.0051948
-1.81358e-09
0.0051948
1.03474e-09
0.0051948
-1.80367e-10
0.0051948
1.48386e-09
0.0051948
4.26529e-10
0.0051948
1.76125e-09
0.0051948
4.16759e-10
0.0051948
5.50415e-10
0.0051948
-1.16065e-09
0.0051948
-4.3733e-10
0.0051948
-2.25582e-09
0.0051948
-1.24485e-09
0.0051948
-2.81015e-09
0.0051948
-1.39539e-09
0.0051948
-1.78218e-09
0.0051948
-1.30215e-10
0.0051948
-5.9204e-10
0.0051948
9.1636e-10
0.0051948
7.13434e-10
0.0051948
2.92145e-09
0.0051948
2.65315e-09
0.0051948
3.15305e-09
0.0051948
9.08943e-10
0.0051948
8.1835e-10
0.0051948
-1.30239e-09
0.0051948
-2.26698e-09
0.0051948
-5.30104e-09
0.0051948
-6.57725e-09
0.0051948
-9.4464e-09
0.00519481
-1.19091e-08
0.00519481
-1.62264e-08
0.00519481
-2.06131e-08
0.00519481
-2.74212e-08
0.00519482
-3.55314e-08
0.00519482
-4.94677e-08
0.00519483
-6.85792e-08
0.00519485
-9.65676e-08
0.00519486
-1.37543e-07
0.00519489
-1.98212e-07
0.00519493
-3.01583e-07
0.00519498
-4.57666e-07
0.00519507
-8.0819e-07
0.00519522
-1.37845e-06
0.00519564
-3.63133e-06
0.00519677
-9.09328e-06
0.00520085
-3.14036e-05
-6.16661e-05
0.00511808
-0.000745166
0.00517348
-0.000429595
0.00518703
-0.000120963
0.00518774
-4.04678e-06
0.00518693
7.98824e-06
0.00518745
-3.10247e-06
0.00518825
-7.10744e-06
0.00518923
-8.76002e-06
0.00519008
-7.69763e-06
0.00519081
-6.74438e-06
0.00519142
-5.64119e-06
0.00519194
-4.77721e-06
0.00519236
-4.01243e-06
0.00519272
-3.4039e-06
0.00519303
-2.903e-06
0.00519329
-2.49907e-06
0.00519351
-2.16193e-06
0.00519371
-1.87925e-06
0.00519387
-1.63306e-06
0.00519402
-1.42271e-06
0.00519414
-1.23397e-06
0.00519425
-1.06987e-06
0.00519434
-9.22568e-07
0.00519442
-7.9406e-07
0.00519448
-6.78776e-07
0.00519454
-5.78664e-07
0.00519459
-4.88919e-07
0.00519463
-4.13189e-07
0.00519466
-3.46148e-07
0.00519469
-2.90322e-07
0.00519471
-2.40804e-07
0.00519473
-2.01026e-07
0.00519474
-1.65212e-07
0.00519475
-1.37052e-07
0.00519476
-1.10828e-07
0.00519477
-9.09797e-08
0.00519478
-7.24311e-08
0.00519478
-5.89872e-08
0.00519479
-4.55618e-08
0.00519479
-3.69948e-08
0.00519479
-2.7736e-08
0.00519479
-2.35382e-08
0.0051948
-1.7435e-08
0.0051948
-1.50656e-08
0.0051948
-1.0799e-08
0.0051948
-1.0018e-08
0.0051948
-6.83386e-09
0.0051948
-6.3023e-09
0.0051948
-3.91161e-09
0.0051948
-4.32603e-09
0.0051948
-2.53948e-09
0.0051948
-3.14976e-09
0.0051948
-1.43948e-09
0.0051948
-1.83028e-09
0.0051948
1.16932e-09
0.0051948
8.50426e-11
0.0051948
1.50592e-09
0.0051948
3.91236e-10
0.0051948
1.50559e-09
0.0051948
3.02517e-10
0.0051948
4.70109e-10
0.0051948
-1.21094e-09
0.0051948
-5.49977e-10
0.0051948
-2.27926e-09
0.0051948
-1.17095e-09
0.0051948
-2.57531e-09
0.0051948
-1.22166e-09
0.0051948
-1.62475e-09
0.0051948
-4.27449e-11
0.0051948
-3.76356e-10
0.0051948
1.05416e-09
0.0051948
6.45838e-10
0.0051948
2.67772e-09
0.0051948
2.49695e-09
0.0051948
3.02745e-09
0.0051948
7.8569e-10
0.0051948
5.25606e-10
0.0051948
-1.53368e-09
0.0051948
-2.44297e-09
0.0051948
-5.48449e-09
0.0051948
-7.13178e-09
0.0051948
-1.02084e-08
0.0051948
-1.28323e-08
0.0051948
-1.74021e-08
0.00519481
-2.23924e-08
0.00519481
-3.02503e-08
0.00519481
-3.97901e-08
0.00519482
-5.51358e-08
0.00519483
-7.6491e-08
0.00519484
-1.07366e-07
0.00519485
-1.52449e-07
0.00519487
-2.18743e-07
0.0051949
-3.30432e-07
0.00519494
-4.96855e-07
0.005195
-8.69656e-07
0.00519511
-1.48038e-06
0.00519541
-3.93817e-06
0.00519631
-9.99284e-06
0.00519965
-3.47455e-05
-6.84975e-05
0.00512491
-0.000870076
0.00517664
-0.000481327
0.00518813
-0.000132448
0.0051889
-4.82213e-06
0.00518825
8.64698e-06
0.00518877
-3.62371e-06
0.00518945
-7.78671e-06
0.00519028
-9.59251e-06
0.00519098
-8.39985e-06
0.0051916
-7.35764e-06
0.0051921
-6.14353e-06
0.00519252
-5.19816e-06
0.00519287
-4.36233e-06
0.00519316
-3.69816e-06
0.00519341
-3.15147e-06
0.00519362
-2.71022e-06
0.0051938
-2.34217e-06
0.00519396
-2.03345e-06
0.00519409
-1.76518e-06
0.0051942
-1.53614e-06
0.0051943
-1.33136e-06
0.00519438
-1.15312e-06
0.00519445
-9.93567e-07
0.00519451
-8.54262e-07
0.00519456
-7.29901e-07
0.00519461
-6.21487e-07
0.00519464
-5.24813e-07
0.00519467
-4.42935e-07
0.0051947
-3.70837e-07
0.00519472
-3.10618e-07
0.00519473
-2.57336e-07
0.00519475
-2.14252e-07
0.00519476
-1.75773e-07
0.00519477
-1.45719e-07
0.00519477
-1.18113e-07
0.00519478
-9.67548e-08
0.00519478
-7.68323e-08
0.00519479
-6.24106e-08
0.00519479
-4.8383e-08
0.00519479
-3.9107e-08
0.00519479
-2.92633e-08
0.00519479
-2.45031e-08
0.00519479
-1.81932e-08
0.0051948
-1.55251e-08
0.0051948
-1.12731e-08
0.0051948
-1.02783e-08
0.0051948
-7.03891e-09
0.0051948
-6.505e-09
0.0051948
-4.36464e-09
0.0051948
-4.6498e-09
0.0051948
-2.72173e-09
0.0051948
-2.92927e-09
0.0051948
-1.19534e-09
0.0051948
-1.74702e-09
0.0051948
1.21238e-09
0.0051948
2.23416e-10
0.0051948
1.43271e-09
0.0051948
2.9904e-10
0.0051948
1.17074e-09
0.0051948
1.07274e-10
0.0051948
3.81827e-10
0.0051948
-1.15901e-09
0.0051948
-5.52723e-10
0.0051948
-2.17677e-09
0.0051948
-9.70342e-10
0.0051948
-2.21406e-09
0.0051948
-9.66507e-10
0.0051948
-1.45066e-09
0.0051948
-1.55976e-11
0.0051948
-2.66866e-10
0.0051948
1.13936e-09
0.0051948
5.67884e-10
0.0051948
2.31944e-09
0.0051948
2.18246e-09
0.0051948
2.84827e-09
0.0051948
7.57368e-10
0.0051948
3.44245e-10
0.0051948
-1.72624e-09
0.0051948
-2.64527e-09
0.0051948
-5.57476e-09
0.0051948
-7.49396e-09
0.0051948
-1.07699e-08
0.0051948
-1.35077e-08
0.0051948
-1.83124e-08
0.0051948
-2.37772e-08
0.0051948
-3.24252e-08
0.00519481
-4.31948e-08
0.00519481
-5.96158e-08
0.00519482
-8.26641e-08
0.00519483
-1.15752e-07
0.00519484
-1.63874e-07
0.00519485
-2.34017e-07
0.00519487
-3.50576e-07
0.0051949
-5.21389e-07
0.00519493
-9.02399e-07
0.00519498
-1.53166e-06
0.00519517
-4.12219e-06
0.0051958
-1.06305e-05
0.0051983
-3.72438e-05
-7.37575e-05
0.00513317
-0.00100325
0.00518035
-0.000528506
0.00518942
-0.00014152
0.00519026
-5.66001e-06
0.00518975
9.15566e-06
0.00519027
-4.13662e-06
0.0051908
-8.31902e-06
0.00519146
-1.02499e-05
0.005192
-8.93931e-06
0.00519247
-7.82811e-06
0.00519285
-6.52422e-06
0.00519316
-5.51552e-06
0.00519343
-4.62415e-06
0.00519364
-3.91709e-06
0.00519383
-3.33489e-06
0.00519398
-2.86477e-06
0.00519411
-2.47296e-06
0.00519422
-2.14424e-06
0.00519432
-1.85911e-06
0.0051944
-1.61583e-06
0.00519447
-1.39912e-06
0.00519452
-1.21036e-06
0.00519457
-1.04189e-06
0.00519461
-8.94662e-07
0.00519464
-7.63763e-07
0.00519467
-6.49503e-07
0.0051947
-5.48046e-07
0.00519471
-4.61924e-07
0.00519473
-3.86345e-07
0.00519474
-3.23124e-07
0.00519475
-2.6734e-07
0.00519476
-2.22055e-07
0.00519477
-1.81839e-07
0.00519477
-1.50614e-07
0.00519478
-1.22246e-07
0.00519478
-9.99732e-08
0.00519478
-7.91652e-08
0.00519478
-6.41103e-08
0.00519478
-4.97461e-08
0.00519478
-4.01102e-08
0.00519479
-3.00235e-08
0.00519479
-2.48365e-08
0.00519479
-1.84362e-08
0.00519479
-1.55694e-08
0.00519479
-1.14431e-08
0.00519479
-1.03781e-08
0.00519479
-7.12335e-09
0.00519479
-6.5942e-09
0.00519479
-4.66091e-09
0.00519479
-4.78637e-09
0.00519479
-2.74776e-09
0.00519479
-2.58177e-09
0.00519479
-7.75575e-10
0.00519479
-1.56339e-09
0.00519479
1.13766e-09
0.00519479
1.9975e-10
0.00519479
1.24214e-09
0.00519479
1.8158e-10
0.00519479
8.12234e-10
0.00519479
-1.13875e-10
0.00519479
3.05591e-10
0.00519479
-9.82474e-10
0.00519479
-4.12859e-10
0.00519479
-1.92204e-09
0.00519479
-6.44718e-10
0.00519479
-1.76405e-09
0.00519479
-6.59286e-10
0.00519479
-1.26505e-09
0.00519479
-4.79832e-11
0.00519479
-3.06394e-10
0.00519479
1.12041e-09
0.00519479
5.13995e-10
0.00519479
1.95423e-09
0.00519479
1.76525e-09
0.00519479
2.61239e-09
0.00519479
7.84717e-10
0.00519479
2.37886e-10
0.00519479
-1.87837e-09
0.00519479
-2.87794e-09
0.00519479
-5.63549e-09
0.00519479
-7.6638e-09
0.00519479
-1.10881e-08
0.00519479
-1.39143e-08
0.00519479
-1.89264e-08
0.00519479
-2.47275e-08
0.00519479
-3.3883e-08
0.00519479
-4.55609e-08
0.0051948
-6.27298e-08
0.0051948
-8.69338e-08
0.00519481
-1.21492e-07
0.00519482
-1.71562e-07
0.00519483
-2.43674e-07
0.00519484
-3.61582e-07
0.00519485
-5.30834e-07
0.00519485
-9.05785e-07
0.00519485
-1.53092e-06
0.0051949
-4.1766e-06
0.00519526
-1.0985e-05
0.00519682
-3.88017e-05
-7.72382e-05
0.00514308
-0.00114633
0.00518463
-0.000570053
0.00519092
-0.000147807
0.00519181
-6.54865e-06
0.00519145
9.51845e-06
0.00519193
-4.61736e-06
0.00519229
-8.67998e-06
0.00519274
-1.07057e-05
0.0051931
-9.29417e-06
0.00519341
-8.13694e-06
0.00519365
-6.7679e-06
0.00519385
-5.71658e-06
0.00519402
-4.78745e-06
0.00519415
-4.05209e-06
0.00519426
-3.44611e-06
0.00519435
-2.95682e-06
0.00519443
-2.5493e-06
0.00519449
-2.20746e-06
0.00519455
-1.91137e-06
0.00519459
-1.65884e-06
0.00519462
-1.43473e-06
0.00519465
-1.23944e-06
0.00519468
-1.06572e-06
0.0051947
-9.13739e-07
0.00519471
-7.79061e-07
0.00519472
-6.61632e-07
0.00519473
-5.57729e-07
0.00519474
-4.69436e-07
0.00519475
-3.9209e-07
0.00519475
-3.27386e-07
0.00519475
-2.70465e-07
0.00519476
-2.24179e-07
0.00519476
-1.8324e-07
0.00519476
-1.51574e-07
0.00519476
-1.23071e-07
0.00519476
-1.00526e-07
0.00519476
-7.93827e-08
0.00519476
-6.40621e-08
0.00519476
-4.96499e-08
0.00519476
-4.00135e-08
0.00519476
-3.00401e-08
0.00519476
-2.4593e-08
0.00519476
-1.82151e-08
0.00519476
-1.52487e-08
0.00519476
-1.13099e-08
0.00519476
-1.03105e-08
0.00519476
-7.10888e-09
0.00519476
-6.55318e-09
0.00519476
-4.72744e-09
0.00519476
-4.65074e-09
0.00519476
-2.59156e-09
0.00519476
-2.16557e-09
0.00519476
-2.57117e-10
0.00519476
-1.34577e-09
0.00519476
9.56293e-10
0.00519476
-3.3316e-12
0.00519476
9.96947e-10
0.00519476
3.85622e-11
0.00519476
5.21602e-10
0.00519476
-3.06568e-10
0.00519476
3.07635e-10
0.00519476
-7.28069e-10
0.00519476
-1.32431e-10
0.00519476
-1.57821e-09
0.00519476
-2.88191e-10
0.00519476
-1.36086e-09
0.00519476
-4.00905e-10
0.00519476
-1.11542e-09
0.00519476
-1.45974e-10
0.00519476
-4.48745e-10
0.00519476
1.03937e-09
0.00519476
5.0861e-10
0.00519476
1.65978e-09
0.00519476
1.35215e-09
0.00519476
2.32979e-09
0.00519476
8.16142e-10
0.00519476
1.7574e-10
0.00519476
-1.97904e-09
0.00519476
-3.14382e-09
0.00519476
-5.67772e-09
0.00519476
-7.61988e-09
0.00519476
-1.10983e-08
0.00519476
-1.40029e-08
0.00519476
-1.91944e-08
0.00519476
-2.51651e-08
0.00519476
-3.45684e-08
0.00519476
-4.67564e-08
0.00519476
-6.43129e-08
0.00519477
-8.91675e-08
0.00519477
-1.2441e-07
0.00519477
-1.75296e-07
0.00519478
-2.47483e-07
0.00519478
-3.63254e-07
0.00519477
-5.2527e-07
0.00519475
-8.80396e-07
0.0051947
-1.47896e-06
0.00519462
-4.09906e-06
0.00519467
-1.1041e-05
0.00519521
-3.93348e-05
-7.87406e-05
0.00515492
-0.00130125
0.00518951
-0.000604641
0.0051926
-0.000150903
0.00519351
-7.46145e-06
0.00519329
9.74327e-06
0.00519371
-5.03554e-06
0.00519387
-8.84408e-06
0.0051941
-1.09323e-05
0.00519425
-9.44196e-06
0.00519437
-8.26487e-06
0.00519447
-6.8592e-06
0.00519454
-5.78871e-06
0.00519459
-4.84207e-06
0.00519464
-4.09484e-06
0.00519467
-3.47837e-06
0.00519469
-2.98086e-06
0.00519471
-2.5666e-06
0.00519472
-2.21935e-06
0.00519473
-1.91885e-06
0.00519473
-1.66262e-06
0.00519473
-1.43603e-06
0.00519473
-1.23855e-06
0.00519473
-1.06356e-06
0.00519473
-9.10308e-07
0.00519472
-7.7486e-07
0.00519472
-6.57084e-07
0.00519471
-5.53229e-07
0.00519471
-4.64994e-07
0.0051947
-3.87748e-07
0.0051947
-3.23192e-07
0.0051947
-2.66572e-07
0.00519469
-2.20536e-07
0.00519469
-1.79945e-07
0.00519469
-1.48586e-07
0.00519468
-1.20572e-07
0.00519468
-9.83788e-08
0.00519468
-7.74875e-08
0.00519468
-6.22879e-08
0.00519468
-4.81558e-08
0.00519468
-3.88346e-08
0.00519467
-2.9309e-08
0.00519467
-2.38092e-08
0.00519467
-1.75713e-08
0.00519467
-1.45868e-08
0.00519467
-1.08793e-08
0.00519467
-1.00408e-08
0.00519467
-6.967e-09
0.00519467
-6.34072e-09
0.00519467
-4.5115e-09
0.00519467
-4.24463e-09
0.00519467
-2.29366e-09
0.00519467
-1.78115e-09
0.00519467
1.83897e-10
0.00519467
-1.12895e-09
0.00519467
6.71692e-10
0.00519467
-2.58876e-10
0.00519467
6.70385e-10
0.00519467
-4.19004e-11
0.00519467
3.09949e-10
0.00519467
-3.88623e-10
0.00519467
3.19961e-10
0.00519467
-4.37495e-10
0.00519467
1.54525e-10
0.00519467
-1.25872e-09
0.00519467
-4.74263e-11
0.00519467
-1.13739e-09
0.00519467
-2.80888e-10
0.00519467
-1.03852e-09
0.00519467
-2.31372e-10
0.00519467
-5.90163e-10
0.00519467
9.13408e-10
0.00519467
5.92257e-10
0.00519467
1.53936e-09
0.00519467
1.03536e-09
0.00519467
2.03764e-09
0.00519467
8.26414e-10
0.00519467
1.37746e-10
0.00519467
-2.05439e-09
0.00519467
-3.38009e-09
0.00519467
-5.63981e-09
0.00519467
-7.41869e-09
0.00519467
-1.08018e-08
0.00519467
-1.37197e-08
0.00519467
-1.90252e-08
0.00519467
-2.49963e-08
0.00519467
-3.43849e-08
0.00519467
-4.6709e-08
0.00519467
-6.42508e-08
0.00519467
-8.92385e-08
0.00519467
-1.24375e-07
0.00519467
-1.74874e-07
0.00519467
-2.45301e-07
0.00519466
-3.55621e-07
0.00519464
-5.05282e-07
0.00519459
-8.28071e-07
0.00519449
-1.37888e-06
0.00519428
-3.89231e-06
0.00519403
-1.07907e-05
0.00519347
-3.87746e-05
-7.80787e-05
0.00516896
-0.00147021
0.00519492
-0.000630599
0.00519437
-0.000150361
0.00519526
-8.35081e-06
0.00519517
9.83851e-06
0.00519549
-5.35435e-06
0.00519543
-8.78506e-06
0.0051954
-1.09004e-05
0.00519531
-9.35971e-06
0.00519524
-8.19249e-06
0.00519516
-6.78296e-06
0.0051951
-5.71966e-06
0.00519503
-4.77829e-06
0.00519497
-4.03742e-06
0.00519492
-3.42538e-06
0.00519487
-2.93177e-06
0.00519483
-2.52069e-06
0.00519478
-2.17647e-06
0.00519474
-1.87877e-06
0.0051947
-1.62495e-06
0.00519467
-1.40118e-06
0.00519464
-1.20624e-06
0.00519461
-1.03429e-06
0.00519458
-8.83562e-07
0.00519456
-7.50596e-07
0.00519454
-6.35424e-07
0.00519452
-5.34241e-07
0.0051945
-4.48402e-07
0.00519449
-3.7325e-07
0.00519447
-3.10519e-07
0.00519446
-2.55662e-07
0.00519445
-2.11139e-07
0.00519444
-1.72004e-07
0.00519444
-1.41707e-07
0.00519443
-1.14782e-07
0.00519443
-9.35071e-08
0.00519442
-7.3494e-08
0.00519442
-5.88641e-08
0.00519442
-4.54014e-08
0.00519442
-3.6662e-08
0.00519441
-2.78375e-08
0.00519441
-2.24481e-08
0.00519441
-1.65379e-08
0.00519441
-1.36391e-08
0.00519441
-1.01505e-08
0.00519441
-9.5092e-09
0.00519441
-6.62402e-09
0.00519441
-5.92852e-09
0.00519441
-4.06634e-09
0.00519441
-3.65349e-09
0.00519441
-1.94383e-09
0.00519441
-1.52724e-09
0.00519441
4.76476e-10
0.00519441
-9.62986e-10
0.00519441
4.25436e-10
0.00519441
-5.251e-10
0.00519441
4.06392e-10
0.00519441
-1.03211e-10
0.00519441
2.15287e-10
0.00519441
-4.09303e-10
0.00519441
3.60178e-10
0.00519441
-2.33406e-10
0.00519441
3.58371e-10
0.00519441
-1.0461e-09
0.00519441
2.70717e-11
0.00519441
-1.08935e-09
0.00519441
-2.88684e-10
0.00519441
-9.60834e-10
0.00519441
-2.51795e-10
0.00519441
-6.83504e-10
0.00519441
8.16834e-10
0.00519441
7.44157e-10
0.00519441
1.54116e-09
0.00519441
8.60966e-10
0.00519441
1.75835e-09
0.00519441
7.73779e-10
0.00519441
9.38636e-11
0.00519441
-2.07644e-09
0.00519441
-3.47188e-09
0.00519441
-5.53259e-09
0.00519441
-7.01811e-09
0.0051944
-1.01468e-08
0.0051944
-1.30075e-08
0.0051944
-1.83299e-08
0.0051944
-2.41516e-08
0.0051944
-3.33343e-08
0.0051944
-4.54351e-08
0.0051944
-6.2505e-08
0.0051944
-8.70272e-08
0.00519439
-1.21272e-07
0.00519439
-1.70117e-07
0.00519438
-2.37048e-07
0.00519437
-3.38941e-07
0.00519433
-4.71949e-07
0.00519426
-7.51944e-07
0.00519411
-1.23627e-06
0.00519379
-3.56474e-06
0.00519323
-1.02341e-05
0.00519153
-3.70737e-05
-7.50838e-05
0.00518541
-0.00165562
0.00520059
-0.000645777
0.00519591
-0.000145674
0.0051967
-9.14124e-06
0.00519673
9.80709e-06
0.0051969
-5.53153e-06
0.0051966
-8.47689e-06
0.00519628
-1.05797e-05
0.00519594
-9.02453e-06
0.00519565
-7.90063e-06
0.00519539
-6.52448e-06
0.00519517
-5.49765e-06
0.00519498
-4.58683e-06
0.00519481
-3.87245e-06
0.00519467
-3.28135e-06
0.00519454
-2.80482e-06
0.00519443
-2.40777e-06
0.00519432
-2.07572e-06
0.00519423
-1.7887e-06
0.00519415
-1.54396e-06
0.00519408
-1.32881e-06
0.00519402
-1.14157e-06
0.00519396
-9.77213e-07
0.00519391
-8.33049e-07
0.00519386
-7.06041e-07
0.00519383
-5.9657e-07
0.00519379
-5.00784e-07
0.00519376
-4.19682e-07
0.00519374
-3.48662e-07
0.00519372
-2.89417e-07
0.0051937
-2.37811e-07
0.00519368
-1.96081e-07
0.00519367
-1.59487e-07
0.00519366
-1.31008e-07
0.00519365
-1.05776e-07
0.00519364
-8.59808e-08
0.00519364
-6.75094e-08
0.00519363
-5.39574e-08
0.00519363
-4.15645e-08
0.00519363
-3.35766e-08
0.00519362
-2.55836e-08
0.00519362
-2.05114e-08
0.00519362
-1.5133e-08
0.00519362
-1.24026e-08
0.00519362
-9.09841e-09
0.00519362
-8.63742e-09
0.00519362
-6.07939e-09
0.00519362
-5.38439e-09
0.00519362
-3.53085e-09
0.00519362
-2.98947e-09
0.00519362
-1.58481e-09
0.00519362
-1.35306e-09
0.00519362
6.15788e-10
0.00519362
-7.96477e-10
0.00519362
2.57549e-10
0.00519362
-6.5371e-10
0.00519362
1.96025e-10
0.00519362
-1.44878e-10
0.00519362
1.91761e-10
0.00519362
-3.08425e-10
0.00519362
4.12125e-10
0.00519362
-1.21365e-10
0.00519362
4.7375e-10
0.00519362
-8.72103e-10
0.00519362
4.40784e-11
0.00519361
-1.07854e-09
0.00519361
-3.13036e-10
0.00519361
-8.56447e-10
0.00519361
-1.9457e-10
0.00519361
-6.42735e-10
0.00519361
7.5686e-10
0.00519361
8.57242e-10
0.00519361
1.58065e-09
0.00519361
8.23634e-10
0.00519362
1.5046e-09
0.00519362
6.54403e-10
0.00519362
4.14631e-11
0.00519361
-2.02534e-09
0.00519361
-3.43312e-09
0.00519361
-5.21869e-09
0.00519361
-6.37825e-09
0.00519361
-9.20664e-09
0.00519361
-1.19267e-08
0.00519361
-1.70926e-08
0.00519361
-2.26668e-08
0.00519361
-3.13929e-08
0.0051936
-4.29908e-08
0.0051936
-5.90324e-08
0.0051936
-8.24573e-08
0.00519359
-1.14998e-07
0.00519358
-1.60892e-07
0.00519357
-2.227e-07
0.00519354
-3.13694e-07
0.0051935
-4.26845e-07
0.0051934
-6.56426e-07
0.00519323
-1.05936e-06
0.00519279
-3.13107e-06
0.00519194
-9.37981e-06
0.00518908
-3.4214e-05
-6.96155e-05
0.00520401
-0.00185964
0.00520555
-0.000647315
0.00519615
-0.000136274
0.00519673
-9.72387e-06
0.0051969
9.63644e-06
0.00519689
-5.52195e-06
0.00519631
-7.89579e-06
0.00519567
-9.93962e-06
0.00519506
-8.41435e-06
0.00519453
-7.37064e-06
0.00519407
-6.0697e-06
0.00519369
-5.11143e-06
0.00519336
-4.25911e-06
0.00519308
-3.59319e-06
0.00519284
-3.04098e-06
0.00519263
-2.5957e-06
0.00519245
-2.22453e-06
0.00519228
-1.91447e-06
0.00519214
-1.64669e-06
0.00519202
-1.41832e-06
0.0051919
-1.21809e-06
0.00519181
-1.04406e-06
0.00519172
-8.91971e-07
0.00519165
-7.58621e-07
0.00519158
-6.41307e-07
0.00519153
-5.40749e-07
0.00519148
-4.53128e-07
0.00519144
-3.79035e-07
0.00519141
-3.14223e-07
0.00519138
-2.60202e-07
0.00519135
-2.13282e-07
0.00519133
-1.75543e-07
0.00519131
-1.42506e-07
0.0051913
-1.16649e-07
0.00519129
-9.38012e-08
0.00519128
-7.6076e-08
0.00519127
-5.97442e-08
0.00519126
-4.77182e-08
0.00519126
-3.66219e-08
0.00519126
-2.96057e-08
0.00519125
-2.25497e-08
0.00519125
-1.80433e-08
0.00519125
-1.3346e-08
0.00519125
-1.08445e-08
0.00519124
-7.74253e-09
0.00519124
-7.49077e-09
0.00519124
-5.39711e-09
0.00519124
-4.76035e-09
0.00519124
-2.95838e-09
0.00519124
-2.25851e-09
0.00519124
-1.15892e-09
0.00519124
-1.18836e-09
0.00519124
6.51852e-10
0.00519124
-6.19152e-10
0.00519124
1.81399e-10
0.00519124
-6.42549e-10
0.00519124
6.39217e-11
0.00519124
-1.24841e-10
0.00519124
2.8209e-10
0.00519124
-5.63613e-11
0.00519124
5.05145e-10
0.00519124
-3.4434e-11
0.00519124
6.01066e-10
0.00519124
-5.83742e-10
0.00519124
1.3227e-10
0.00519124
-1.00962e-09
0.00519124
-3.05006e-10
0.00519124
-7.39322e-10
0.00519124
-1.19233e-10
0.00519124
-5.13437e-10
0.00519124
7.11162e-10
0.00519124
8.87121e-10
0.00519124
1.57911e-09
0.00519124
8.97771e-10
0.00519124
1.30224e-09
0.00519124
4.58054e-10
0.00519124
-2.53103e-11
0.00519124
-1.86738e-09
0.00519124
-3.1453e-09
0.00519124
-4.66592e-09
0.00519124
-5.59538e-09
0.00519124
-8.129e-09
0.00519124
-1.06121e-08
0.00519123
-1.54297e-08
0.00519123
-2.05768e-08
0.00519123
-2.85759e-08
0.00519123
-3.91584e-08
0.00519122
-5.38812e-08
0.00519121
-7.55422e-08
0.0051912
-1.05501e-07
0.00519119
-1.47111e-07
0.00519117
-2.02313e-07
0.00519114
-2.80556e-07
0.00519108
-3.7198e-07
0.00519097
-5.47048e-07
0.00519077
-8.59101e-07
0.00519026
-2.6134e-06
0.00518912
-8.24682e-06
0.00518513
-3.02182e-05
-6.15786e-05
0.00522268
-0.00208232
0.00520664
-0.000631275
0.00519191
-0.000121546
0.00519214
-9.9537e-06
0.0051925
9.28299e-06
0.00519226
-5.28183e-06
0.00519138
-7.02316e-06
0.00519039
-8.95044e-06
0.00518949
-7.50946e-06
0.0051887
-6.58526e-06
0.00518804
-5.4062e-06
0.00518748
-4.55104e-06
0.00518701
-3.78756e-06
0.00518661
-3.19382e-06
0.00518626
-2.69964e-06
0.00518597
-2.30077e-06
0.00518571
-1.96829e-06
0.00518549
-1.69089e-06
0.00518529
-1.4515e-06
0.00518512
-1.24734e-06
0.00518497
-1.06868e-06
0.00518484
-9.13669e-07
0.00518473
-7.78719e-07
0.00518463
-6.60641e-07
0.00518455
-5.56972e-07
0.00518447
-4.68541e-07
0.00518441
-3.91848e-07
0.00518436
-3.27087e-07
0.00518432
-2.70505e-07
0.00518428
-2.23423e-07
0.00518425
-1.82517e-07
0.00518422
-1.49881e-07
0.0051842
-1.21412e-07
0.00518419
-9.90428e-08
0.00518417
-7.92768e-08
0.00518416
-6.41346e-08
0.00518415
-5.03335e-08
0.00518414
-4.02159e-08
0.00518414
-3.0817e-08
0.00518413
-2.47899e-08
0.00518413
-1.88939e-08
0.00518413
-1.51148e-08
0.00518412
-1.11986e-08
0.00518412
-9.01888e-09
0.00518412
-6.22881e-09
0.00518412
-6.21215e-09
0.00518412
-4.57551e-09
0.00518412
-3.95086e-09
0.00518412
-2.28839e-09
0.00518412
-1.47845e-09
0.00518412
-6.54826e-10
0.00518411
-1.01545e-09
0.00518411
5.68396e-10
0.00518411
-4.92217e-10
0.00518411
1.34702e-10
0.00518411
-5.39032e-10
0.00518412
5.36923e-11
0.00518412
3.13803e-12
0.00518412
4.6537e-10
0.00518411
2.84294e-10
0.00518411
6.59058e-10
0.00518411
1.17388e-10
0.00518411
7.9847e-10
0.00518411
-1.86085e-10
0.00518411
2.5766e-10
0.00518411
-9.36585e-10
0.00518411
-3.12708e-10
0.00518411
-6.64816e-10
0.00518411
-7.03917e-11
0.00518411
-3.14351e-10
0.00518411
6.99484e-10
0.00518411
8.52524e-10
0.00518411
1.49014e-09
0.00518411
9.96499e-10
0.00518411
1.14039e-09
0.00518411
2.04547e-10
0.00518411
-1.08398e-10
0.00518411
-1.58004e-09
0.00518411
-2.68351e-09
0.00518411
-4.02295e-09
0.00518411
-4.78186e-09
0.00518411
-6.9847e-09
0.00518411
-9.12112e-09
0.00518411
-1.33078e-08
0.0051841
-1.7852e-08
0.0051841
-2.47166e-08
0.0051841
-3.41472e-08
0.00518409
-4.71293e-08
0.00518408
-6.62828e-08
0.00518407
-9.2697e-08
0.00518405
-1.28756e-07
0.00518402
-1.76031e-07
0.00518398
-2.40227e-07
0.00518392
-3.09488e-07
0.0051838
-4.3003e-07
0.00518359
-6.48591e-07
0.00518302
-2.04306e-06
0.00518164
-6.86785e-06
0.0051766
-2.51735e-05
-5.0946e-05
0.0052334
-0.00231572
0.00519429
-0.000592166
0.00517363
-0.000100887
0.00517332
-9.6396e-06
0.00517395
8.64983e-06
0.00517344
-4.77143e-06
0.00517227
-5.85081e-06
0.0051709
-7.58844e-06
0.00516969
-6.29725e-06
0.00516864
-5.53261e-06
0.00516776
-4.52622e-06
0.00516702
-3.81013e-06
0.0051664
-3.16718e-06
0.00516587
-2.67023e-06
0.00516543
-2.25432e-06
0.00516504
-1.91794e-06
0.00516471
-1.63785e-06
0.00516442
-1.40435e-06
0.00516418
-1.20294e-06
0.00516396
-1.03119e-06
0.00516377
-8.81166e-07
0.00516361
-7.5129e-07
0.00516347
-6.38587e-07
0.00516335
-5.40345e-07
0.00516325
-4.54279e-07
0.00516316
-3.81185e-07
0.00516309
-3.17948e-07
0.00516302
-2.64624e-07
0.00516297
-2.18443e-07
0.00516293
-1.7986e-07
0.00516289
-1.46318e-07
0.00516286
-1.19883e-07
0.00516284
-9.69089e-08
0.00516282
-7.87613e-08
0.0051628
-6.26854e-08
0.00516279
-5.05665e-08
0.00516278
-3.95977e-08
0.00516277
-3.16758e-08
0.00516276
-2.42713e-08
0.00516276
-1.94747e-08
0.00516275
-1.4811e-08
0.00516275
-1.18612e-08
0.00516275
-8.78254e-09
0.00516274
-7.05755e-09
0.00516274
-4.72609e-09
0.00516274
-4.85276e-09
0.00516274
-3.50033e-09
0.00516274
-2.87051e-09
0.00516274
-1.54132e-09
0.00516274
-7.72968e-10
0.00516274
-1.99777e-10
0.00516274
-9.12199e-10
0.00516274
3.17156e-10
0.00516274
-4.94175e-10
0.00516274
9.81552e-12
0.00516274
-4.34509e-10
0.00516274
1.30398e-10
0.00516274
1.57673e-10
0.00516274
6.0232e-10
0.00516274
5.49652e-10
0.00516274
8.10699e-10
0.00516274
3.21839e-10
0.00516274
9.46522e-10
0.00516274
5.98924e-11
0.00516274
2.43057e-10
0.00516274
-9.10923e-10
0.00516274
-3.74423e-10
0.00516274
-6.38428e-10
0.00516274
-1.38275e-11
0.00516274
-5.9616e-11
0.00516274
6.73667e-10
0.00516274
7.3936e-10
0.00516274
1.31354e-09
0.00516274
1.02397e-09
0.00516274
9.76537e-10
0.00516274
-2.28167e-11
0.00516274
-1.69894e-10
0.00516274
-1.24979e-09
0.00516274
-2.19149e-09
0.00516273
-3.34467e-09
0.00516273
-3.86727e-09
0.00516273
-5.66788e-09
0.00516273
-7.38009e-09
0.00516273
-1.06995e-08
0.00516272
-1.43862e-08
0.00516272
-2.00038e-08
0.00516271
-2.80147e-08
0.00516271
-3.8777e-08
0.00516269
-5.46161e-08
0.00516268
-7.65892e-08
0.00516266
-1.0601e-07
0.00516262
-1.44081e-07
0.00516258
-1.93507e-07
0.00516251
-2.41089e-07
0.00516239
-3.11962e-07
0.00516218
-4.41568e-07
0.0051616
-1.45903e-06
0.00516003
-5.3011e-06
0.00515415
-1.92899e-05
-3.78153e-05
0.00521003
-0.00252575
0.00513971
-0.000521843
0.00511263
-7.38107e-05
0.00511151
-8.51515e-06
0.0051126
7.55371e-06
0.00511178
-3.95112e-06
0.00511032
-4.39538e-06
0.00510859
-5.85278e-06
0.00510707
-4.78263e-06
0.00510576
-4.21715e-06
0.00510467
-3.43436e-06
0.00510375
-2.89302e-06
0.00510298
-2.40127e-06
0.00510234
-2.02362e-06
0.00510179
-1.70612e-06
0.00510132
-1.44989e-06
0.00510092
-1.23578e-06
0.00510057
-1.05748e-06
0.00510027
-9.03692e-07
0.00510001
-7.72629e-07
0.00509979
-6.58451e-07
0.0050996
-5.59807e-07
0.00509943
-4.74411e-07
0.00509929
-4.00339e-07
0.00509918
-3.35577e-07
0.00509907
-2.80789e-07
0.00509899
-2.33469e-07
0.00509892
-1.9374e-07
0.00509886
-1.59492e-07
0.00509881
-1.30868e-07
0.00509877
-1.06042e-07
0.00509874
-8.67491e-08
0.00509871
-6.99135e-08
0.00509869
-5.65365e-08
0.00509867
-4.47035e-08
0.00509866
-3.59868e-08
0.00509864
-2.81623e-08
0.00509864
-2.25444e-08
0.00509863
-1.72354e-08
0.00509862
-1.38402e-08
0.00509862
-1.04852e-08
0.00509862
-8.35703e-09
0.00509861
-6.23387e-09
0.00509861
-5.11511e-09
0.00509861
-3.2511e-09
0.00509861
-3.33332e-09
0.00509861
-2.25735e-09
0.00509861
-1.74881e-09
0.00509861
-8.56228e-10
0.0050986
-3.12037e-10
0.0050986
7.23701e-11
0.0050986
-8.07775e-10
0.0050986
3.33405e-11
0.0050986
-5.96938e-10
0.0050986
-1.80475e-10
0.0050986
-3.56616e-10
0.0050986
1.24753e-10
0.0050986
1.80607e-10
0.0050986
5.74171e-10
0.0050986
5.85066e-10
0.0050986
8.62727e-10
0.0050986
4.2408e-10
0.0050986
8.85155e-10
0.0050986
2.83061e-11
0.0050986
7.59019e-11
0.0050986
-7.91336e-10
0.0050986
-4.29212e-10
0.0050986
-5.76681e-10
0.0050986
9.06865e-11
0.0050986
1.08247e-10
0.0050986
5.27182e-10
0.0050986
4.92888e-10
0.0050986
1.04787e-09
0.0050986
9.59551e-10
0.0050986
8.0001e-10
0.0050986
-1.33007e-10
0.0050986
-2.1468e-10
0.0050986
-1.00233e-09
0.0050986
-1.66753e-09
0.0050986
-2.45165e-09
0.0050986
-2.76986e-09
0.0050986
-4.14798e-09
0.0050986
-5.31899e-09
0.00509859
-7.73027e-09
0.00509859
-1.04421e-08
0.00509858
-1.45486e-08
0.00509858
-2.07442e-08
0.00509857
-2.89383e-08
0.00509855
-4.07169e-08
0.00509853
-5.74349e-08
0.00509851
-7.93108e-08
0.00509847
-1.06947e-07
0.00509842
-1.41372e-07
0.00509835
-1.70102e-07
0.00509824
-2.00875e-07
0.00509805
-2.56753e-07
0.00509748
-8.91392e-07
0.00509583
-3.64789e-06
0.00508957
-1.30261e-05
-2.27397e-05
0.00507214
-0.00259789
0.00495559
-0.000405287
0.00492292
-4.11412e-05
0.00492067
-6.26515e-06
0.00492251
5.71548e-06
0.00492136
-2.80745e-06
0.0049197
-2.73169e-06
0.00491763
-3.7839e-06
0.00491587
-3.02436e-06
0.00491434
-2.68261e-06
0.00491307
-2.17112e-06
0.00491201
-1.83115e-06
0.00491113
-1.51695e-06
0.00491038
-1.27849e-06
0.00490975
-1.07604e-06
0.00490922
-9.13221e-07
0.00490876
-7.76663e-07
0.00490836
-6.63167e-07
0.00490803
-5.65248e-07
0.00490773
-4.82017e-07
0.00490749
-4.09652e-07
0.00490727
-3.47149e-07
0.00490709
-2.93189e-07
0.00490694
-2.46699e-07
0.00490681
-2.06107e-07
0.0049067
-1.71917e-07
0.00490661
-1.42315e-07
0.00490653
-1.17749e-07
0.00490647
-9.67497e-08
0.00490642
-7.912e-08
0.00490638
-6.38161e-08
0.00490634
-5.21289e-08
0.00490631
-4.18098e-08
0.00490629
-3.36859e-08
0.00490627
-2.65267e-08
0.00490626
-2.13714e-08
0.00490624
-1.6711e-08
0.00490624
-1.32379e-08
0.00490623
-1.0083e-08
0.00490622
-8.19778e-09
0.00490622
-6.14504e-09
0.00490621
-4.84836e-09
0.00490621
-3.73747e-09
0.00490621
-3.22468e-09
0.00490621
-1.84284e-09
0.00490621
-1.87185e-09
0.00490621
-1.25942e-09
0.00490621
-9.85259e-10
0.00490621
-3.98143e-10
0.0049062
3.14905e-12
0.0049062
2.92646e-10
0.0049062
-6.30573e-10
0.0049062
-2.45965e-10
0.0049062
-5.98738e-10
0.0049062
-3.10178e-10
0.0049062
-3.99051e-10
0.0049062
6.36703e-12
0.0049062
-1.40621e-11
0.0049062
2.85451e-10
0.0049062
4.49445e-10
0.0049062
7.40139e-10
0.0049062
3.187e-10
0.0049062
5.89039e-10
0.0049062
-1.233e-10
0.0049062
-6.94947e-11
0.0049062
-4.87628e-10
0.0049062
-2.79516e-10
0.0049062
-5.08631e-10
0.0049062
-1.69676e-11
0.0049062
6.63328e-11
0.0049062
2.17849e-10
0.0049062
1.7477e-10
0.0049062
7.63363e-10
0.0049062
7.64313e-10
0.0049062
5.0201e-10
0.0049062
-1.98543e-10
0.0049062
-2.06426e-10
0.0049062
-6.78044e-10
0.0049062
-8.7656e-10
0.0049062
-1.35319e-09
0.0049062
-1.56963e-09
0.0049062
-2.46586e-09
0.0049062
-3.2486e-09
0.00490619
-4.61604e-09
0.00490619
-6.10876e-09
0.00490618
-8.6647e-09
0.00490618
-1.27344e-08
0.00490616
-1.80911e-08
0.00490615
-2.53335e-08
0.00490613
-3.58764e-08
0.0049061
-4.94842e-08
0.00490606
-6.62382e-08
0.004906
-8.62098e-08
0.00490593
-1.00158e-07
0.00490584
-1.05003e-07
0.00490569
-1.1132e-07
0.00490522
-4.17253e-07
0.0049036
-2.02801e-06
0.00489775
-7.18314e-06
-7.91091e-06
0.00456774
-0.00216563
0.00437551
-0.000213058
0.00434671
-1.23442e-05
0.00434295
-2.50243e-06
0.00434595
2.70998e-06
0.00434442
-1.27689e-06
0.0043428
-1.10432e-06
0.00434059
-1.57565e-06
0.00433879
-1.22874e-06
0.0043372
-1.09501e-06
0.00433591
-8.79736e-07
0.00433482
-7.42403e-07
0.00433392
-6.13442e-07
0.00433316
-5.16365e-07
0.00433252
-4.34189e-07
0.00433197
-3.67787e-07
0.00433151
-3.11758e-07
0.00433111
-2.65249e-07
0.00433077
-2.25373e-07
0.00433048
-1.92039e-07
0.00433023
-1.62604e-07
0.00433002
-1.37081e-07
0.00432985
-1.15201e-07
0.0043297
-9.66224e-08
0.00432957
-8.0561e-08
0.00432947
-6.70751e-08
0.00432938
-5.4951e-08
0.00432931
-4.5149e-08
0.00432925
-3.7318e-08
0.0043292
-3.04573e-08
0.00432916
-2.44082e-08
0.00432913
-1.99281e-08
0.0043291
-1.58568e-08
0.00432908
-1.29487e-08
0.00432906
-1.03018e-08
0.00432905
-8.0775e-09
0.00432904
-6.28801e-09
0.00432903
-4.8807e-09
0.00432902
-3.65551e-09
0.00432902
-3.18778e-09
0.00432902
-2.28395e-09
0.00432901
-1.71055e-09
0.00432901
-1.5682e-09
0.00432901
-1.67528e-09
0.00432901
-9.534e-10
0.00432901
-7.21616e-10
0.00432901
-4.25461e-10
0.004329
-4.34447e-10
0.004329
-4.98724e-11
0.004329
3.28574e-10
0.004329
3.41161e-10
0.004329
-4.22275e-10
0.004329
-5.00822e-10
0.004329
-6.37812e-10
0.004329
-3.40944e-10
0.004329
-3.73453e-10
0.004329
-2.04563e-10
0.004329
-2.25092e-10
0.004329
-1.37838e-10
0.004329
2.20116e-10
0.004329
5.6462e-10
0.004329
1.02209e-10
0.004329
1.33844e-10
0.004329
-2.91189e-10
0.004329
-1.9571e-10
0.004329
-1.98088e-10
0.004329
-2.43726e-10
0.004329
-5.40382e-10
0.004329
-2.97298e-10
0.004329
8.68922e-12
0.004329
8.20866e-11
0.004329
-8.98084e-11
0.004329
3.24558e-10
0.004329
4.58182e-10
0.004329
1.86745e-10
0.004329
-1.65617e-10
0.004329
6.36771e-11
0.004329
-2.43284e-10
0.004329
-2.52696e-10
0.004329
-3.76595e-10
0.004329
-5.60634e-10
0.004329
-9.49714e-10
0.004329
-1.23332e-09
0.00432899
-1.512e-09
0.00432899
-1.83791e-09
0.00432898
-3.15721e-09
0.00432898
-5.19046e-09
0.00432897
-7.36741e-09
0.00432895
-1.0052e-08
0.00432893
-1.42579e-08
0.0043289
-1.97612e-08
0.00432886
-2.65401e-08
0.00432881
-3.38756e-08
0.00432874
-3.76646e-08
0.00432867
-3.36693e-08
0.00432858
-2.26595e-08
0.00432827
-1.01453e-07
0.00432694
-6.9587e-07
0.00432236
-2.60301e-06
1.18969e-06
0.00283437
0.00262131
0.00260897
0.00260647
0.00260918
0.0026079
0.0026068
0.00260522
0.00260399
0.0026029
0.00260202
0.00260127
0.00260066
0.00260014
0.00259971
0.00259934
0.00259903
0.00259876
0.00259854
0.00259835
0.00259818
0.00259805
0.00259793
0.00259783
0.00259775
0.00259769
0.00259763
0.00259759
0.00259755
0.00259752
0.00259749
0.00259747
0.00259746
0.00259745
0.00259744
0.00259743
0.00259742
0.00259742
0.00259741
0.00259741
0.00259741
0.00259741
0.00259741
0.0025974
0.0025974
0.0025974
0.0025974
0.0025974
0.0025974
0.0025974
0.0025974
0.0025974
0.0025974
0.0025974
0.0025974
0.0025974
0.0025974
0.0025974
0.0025974
0.0025974
0.0025974
0.0025974
0.0025974
0.0025974
0.0025974
0.0025974
0.0025974
0.0025974
0.0025974
0.0025974
0.0025974
0.0025974
0.0025974
0.0025974
0.0025974
0.0025974
0.0025974
0.0025974
0.0025974
0.0025974
0.0025974
0.0025974
0.0025974
0.0025974
0.00259739
0.00259739
0.00259738
0.00259738
0.00259737
0.00259735
0.00259733
0.00259731
0.00259727
0.00259724
0.0025972
0.00259718
0.00259708
0.00259638
0.00259378
)
;

boundaryField
{
    inlet
    {
        type            calculated;
        value           nonuniform List<scalar> 
40
(
-0.005
-0.005
-0.005
-0.005
-0.005
-0.005
-0.005
-0.005
-0.005
-0.005
-0.005
-0.005
-0.005
-0.005
-0.005
-0.005
-0.005
-0.005
-0.005
-0.005
-0.005
-0.005
-0.005
-0.005
-0.005
-0.005
-0.005
-0.005
-0.005
-0.005
-0.005
-0.005
-0.005
-0.005
-0.005
-0.005
-0.005
-0.005
-0.005
-0.005
)
;
    }
    outlet
    {
        type            calculated;
        value           nonuniform List<scalar> 
40
(
0.00259497
0.00431326
0.00488293
0.00507449
0.00514102
0.00516597
0.00517709
0.00518361
0.00518854
0.00519281
0.00519671
0.0052003
0.00520356
0.00520649
0.00520904
0.0052112
0.00521295
0.00521427
0.00521516
0.00521561
0.00521561
0.00521516
0.00521427
0.00521295
0.0052112
0.00520904
0.00520649
0.00520356
0.0052003
0.00519671
0.00519281
0.00518853
0.00518361
0.00517709
0.00516597
0.00514102
0.00507449
0.00488292
0.00431325
0.00259497
)
;
    }
    lowerWall
    {
        type            calculated;
        value           uniform 0;
    }
    upperWall
    {
        type            calculated;
        value           uniform 0;
    }
    frontAndBack
    {
        type            empty;
        value           nonuniform 0();
    }
}


// ************************************************************************* //
