/*--------------------------------*- C++ -*----------------------------------*\
| =========                 |                                                 |
| \\      /  F ield         | OpenFOAM: The Open Source CFD Toolbox           |
|  \\    /   O peration     | Version:  2.3.0                                 |
|   \\  /    A nd           | Web:      www.OpenFOAM.org                      |
|    \\/     M anipulation  |                                                 |
\*---------------------------------------------------------------------------*/
FoamFile
{
    version     2.0;
    format      ascii;
    class       surfaceScalarField;
    location    "1.5";
    object      phiB;
}
// * * * * * * * * * * * * * * * * * * * * * * * * * * * * * * * * * * * * * //

dimensions      [1 2 -2 0 0 -1 0];

internalField   nonuniform List<scalar> 
7860
(
0.00185725
0.399565
0.00216491
0.399692
0.00234753
0.399817
0.00247867
0.399869
0.00255746
0.399921
0.00259828
0.399959
0.00261457
0.399984
0.00261575
0.399999
0.00260829
0.400007
0.00259622
0.400012
0.00258215
0.400014
0.00256765
0.400014
0.0025537
0.400014
0.00254081
0.400013
0.00252924
0.400012
0.00251908
0.40001
0.00251028
0.400009
0.00250277
0.400008
0.00249642
0.400006
0.0024911
0.400005
0.00248667
0.400004
0.00248301
0.400004
0.00248
0.400003
0.00247753
0.400002
0.00247553
0.400002
0.00247391
0.400002
0.0024726
0.400001
0.00247154
0.400001
0.0024707
0.400001
0.00247003
0.400001
0.00246949
0.400001
0.00246907
0.4
0.00246873
0.4
0.00246847
0.4
0.00246826
0.4
0.0024681
0.4
0.00246797
0.4
0.00246787
0.4
0.00246779
0.4
0.00246773
0.4
0.00246769
0.4
0.00246765
0.4
0.00246762
0.4
0.0024676
0.4
0.00246758
0.4
0.00246757
0.4
0.00246756
0.4
0.00246755
0.4
0.00246755
0.4
0.00246754
0.4
0.00246754
0.4
0.00246754
0.4
0.00246754
0.4
0.00246754
0.4
0.00246753
0.4
0.00246753
0.4
0.00246753
0.4
0.00246753
0.4
0.00246753
0.4
0.00246753
0.4
0.00246753
0.4
0.00246753
0.4
0.00246753
0.4
0.00246753
0.4
0.00246753
0.4
0.00246753
0.4
0.00246753
0.4
0.00246753
0.4
0.00246753
0.4
0.00246753
0.4
0.00246753
0.4
0.00246752
0.4
0.00246752
0.4
0.00246752
0.4
0.00246751
0.4
0.00246751
0.4
0.0024675
0.4
0.00246749
0.4
0.00246748
0.4
0.00246746
0.4
0.00246743
0.4
0.0024674
0.4
0.00246736
0.4
0.00246731
0.4
0.00246725
0.4
0.00246717
0.4
0.00246707
0.4
0.00246695
0.4
0.00246682
0.4
0.00246668
0.4
0.00246655
0.4
0.00246645
0.4
0.00246644
0.4
0.00246661
0.4
0.0024671
0.4
0.00246804
0.399999
0.00246926
0.399999
0.00246981
0.399999
0.00246582
0.400004
0.400014
0.00293868
0.398791
0.00342631
0.399205
0.00372745
0.399516
0.00392797
0.399668
0.00404815
0.399801
0.00411197
0.399895
0.00413923
0.399956
0.00414388
0.399994
0.00413538
0.400016
0.0041197
0.400028
0.00410072
0.400033
0.00408083
0.400034
0.00406147
0.400033
0.00404346
0.400031
0.00402721
0.400028
0.00401287
0.400025
0.00400043
0.400021
0.00398978
0.400018
0.00398075
0.400015
0.00397317
0.400013
0.00396685
0.400011
0.00396162
0.400009
0.00395731
0.400007
0.00395378
0.400006
0.00395091
0.400005
0.00394858
0.400004
0.0039467
0.400003
0.00394518
0.400003
0.00394397
0.400002
0.003943
0.400002
0.00394223
0.400001
0.00394161
0.400001
0.00394113
0.400001
0.00394075
0.400001
0.00394045
0.400001
0.00394021
0.4
0.00394003
0.4
0.00393988
0.4
0.00393977
0.4
0.00393968
0.4
0.00393962
0.4
0.00393956
0.4
0.00393952
0.4
0.00393949
0.4
0.00393947
0.4
0.00393945
0.4
0.00393944
0.4
0.00393943
0.4
0.00393942
0.4
0.00393941
0.4
0.00393941
0.4
0.0039394
0.4
0.0039394
0.4
0.0039394
0.4
0.0039394
0.4
0.0039394
0.4
0.0039394
0.4
0.00393939
0.4
0.00393939
0.4
0.00393939
0.4
0.00393939
0.4
0.00393939
0.4
0.00393939
0.4
0.00393939
0.4
0.00393939
0.4
0.00393939
0.4
0.00393939
0.4
0.00393939
0.4
0.00393939
0.4
0.00393939
0.4
0.00393938
0.4
0.00393938
0.4
0.00393938
0.4
0.00393937
0.4
0.00393937
0.4
0.00393936
0.4
0.00393935
0.4
0.00393933
0.4
0.00393931
0.4
0.00393929
0.4
0.00393925
0.4
0.00393921
0.4
0.00393915
0.4
0.00393908
0.4
0.00393899
0.4
0.00393887
0.4
0.00393874
0.4
0.00393858
0.4
0.0039384
0.4
0.00393822
0.4
0.00393805
0.4
0.00393796
0.4
0.00393803
0.4
0.0039384
0.399999
0.00393926
0.399999
0.00394085
0.399997
0.00394296
0.399997
0.00394433
0.399998
0.00393944
0.400009
0.400031
0.00314937
0.397919
0.00367178
0.398682
0.00400198
0.399186
0.00421266
0.399458
0.00433804
0.399676
0.00440647
0.399827
0.00443758
0.399925
0.00444562
0.399986
0.00443991
0.400022
0.00442659
0.400041
0.00440955
0.40005
0.00439127
0.400053
0.00437324
0.400051
0.00435633
0.400048
0.00434098
0.400043
0.00432738
0.400038
0.00431554
0.400033
0.00430537
0.400028
0.00429673
0.400024
0.00428946
0.40002
0.00428339
0.400017
0.00427835
0.400014
0.00427421
0.400011
0.0042708
0.400009
0.00426803
0.400008
0.00426578
0.400006
0.00426396
0.400005
0.00426249
0.400004
0.00426131
0.400003
0.00426037
0.400003
0.00425962
0.400002
0.00425902
0.400002
0.00425855
0.400001
0.00425818
0.400001
0.00425788
0.400001
0.00425765
0.400001
0.00425747
0.4
0.00425733
0.4
0.00425722
0.4
0.00425714
0.4
0.00425707
0.4
0.00425702
0.4
0.00425698
0.4
0.00425695
0.4
0.00425693
0.4
0.00425691
0.4
0.0042569
0.4
0.00425689
0.4
0.00425688
0.4
0.00425687
0.4
0.00425687
0.4
0.00425686
0.4
0.00425686
0.4
0.00425686
0.4
0.00425686
0.4
0.00425686
0.4
0.00425686
0.4
0.00425685
0.4
0.00425685
0.4
0.00425685
0.4
0.00425685
0.4
0.00425685
0.4
0.00425685
0.4
0.00425685
0.4
0.00425685
0.4
0.00425685
0.4
0.00425685
0.4
0.00425685
0.4
0.00425685
0.4
0.00425685
0.4
0.00425685
0.4
0.00425684
0.4
0.00425684
0.4
0.00425683
0.4
0.00425683
0.4
0.00425682
0.4
0.00425681
0.4
0.00425679
0.4
0.00425677
0.4
0.00425675
0.4
0.00425672
0.4
0.00425667
0.4
0.00425662
0.4
0.00425655
0.4
0.00425646
0.4
0.00425636
0.4
0.00425623
0.4
0.00425608
0.4
0.00425593
0.4
0.00425577
0.4
0.00425566
0.4
0.00425563
0.4
0.00425579
0.4
0.0042563
0.399999
0.00425737
0.399998
0.00425926
0.399996
0.00426193
0.399994
0.00426448
0.399996
0.00426272
0.400011
0.40004
0.00301465
0.397047
0.00355196
0.398145
0.00389855
0.398839
0.00411536
0.399241
0.00424444
0.399547
0.00431635
0.399755
0.00435076
0.399891
0.00436185
0.399975
0.00435883
0.400025
0.00434783
0.400052
0.00433277
0.400065
0.00431617
0.400069
0.00429955
0.400068
0.00428381
0.400064
0.00426944
0.400058
0.00425664
0.400051
0.00424546
0.400044
0.00423583
0.400038
0.00422763
0.400032
0.00422072
0.400027
0.00421494
0.400023
0.00421014
0.400019
0.00420617
0.400015
0.00420292
0.400013
0.00420026
0.40001
0.0041981
0.400008
0.00419636
0.400007
0.00419495
0.400005
0.00419381
0.400004
0.00419291
0.400003
0.00419218
0.400003
0.00419161
0.400002
0.00419116
0.400002
0.0041908
0.400001
0.00419051
0.400001
0.00419029
0.400001
0.00419012
0.400001
0.00418998
0.400001
0.00418987
0.4
0.00418979
0.4
0.00418973
0.4
0.00418968
0.4
0.00418964
0.4
0.00418961
0.4
0.00418959
0.4
0.00418957
0.4
0.00418956
0.4
0.00418955
0.4
0.00418954
0.4
0.00418953
0.4
0.00418953
0.4
0.00418952
0.4
0.00418952
0.4
0.00418952
0.4
0.00418952
0.4
0.00418952
0.4
0.00418952
0.4
0.00418951
0.4
0.00418951
0.4
0.00418951
0.4
0.00418951
0.4
0.00418951
0.4
0.00418951
0.4
0.00418951
0.4
0.00418951
0.4
0.00418951
0.4
0.00418951
0.4
0.00418951
0.4
0.00418951
0.4
0.00418951
0.4
0.00418951
0.4
0.0041895
0.4
0.0041895
0.4
0.0041895
0.4
0.00418949
0.4
0.00418948
0.4
0.00418947
0.4
0.00418946
0.4
0.00418944
0.4
0.00418941
0.4
0.00418938
0.4
0.00418934
0.4
0.00418929
0.4
0.00418922
0.4
0.00418914
0.4
0.00418904
0.4
0.00418892
0.4
0.00418879
0.400001
0.00418866
0.400001
0.00418853
0.400001
0.00418846
0.4
0.0041885
0.4
0.00418875
0.4
0.00418939
0.399998
0.00419066
0.399996
0.00419287
0.399993
0.00419618
0.399991
0.00420027
0.399991
0.00420299
0.400008
0.40004
0.00278332
0.396224
0.00332199
0.397606
0.00367486
0.398487
0.00389413
0.399022
0.00402526
0.399415
0.00409952
0.399681
0.00413652
0.399854
0.0041502
0.399961
0.00414958
0.400025
0.00414072
0.400061
0.00412755
0.400078
0.00411257
0.400084
0.00409735
0.400083
0.00408279
0.400078
0.0040694
0.400071
0.00405743
0.400063
0.00404693
0.400055
0.00403787
0.400047
0.00403013
0.40004
0.00402359
0.400034
0.00401812
0.400028
0.00401357
0.400023
0.0040098
0.400019
0.00400671
0.400016
0.00400418
0.400013
0.00400212
0.40001
0.00400046
0.400008
0.00399911
0.400007
0.00399803
0.400005
0.00399716
0.400004
0.00399647
0.400003
0.00399592
0.400003
0.00399549
0.400002
0.00399514
0.400002
0.00399487
0.400001
0.00399465
0.400001
0.00399449
0.400001
0.00399436
0.400001
0.00399425
0.400001
0.00399417
0.4
0.00399411
0.4
0.00399407
0.4
0.00399403
0.4
0.003994
0.4
0.00399398
0.4
0.00399396
0.4
0.00399395
0.4
0.00399394
0.4
0.00399393
0.4
0.00399392
0.4
0.00399392
0.4
0.00399392
0.4
0.00399391
0.4
0.00399391
0.4
0.00399391
0.4
0.00399391
0.4
0.00399391
0.4
0.00399391
0.4
0.00399391
0.4
0.00399391
0.4
0.00399391
0.4
0.00399391
0.4
0.00399391
0.4
0.00399391
0.4
0.00399391
0.4
0.0039939
0.4
0.0039939
0.4
0.0039939
0.4
0.0039939
0.4
0.0039939
0.4
0.0039939
0.4
0.0039939
0.4
0.00399389
0.4
0.00399389
0.4
0.00399388
0.4
0.00399388
0.4
0.00399387
0.4
0.00399385
0.4
0.00399383
0.4
0.00399381
0.4
0.00399378
0.4
0.00399374
0.4
0.00399369
0.4
0.00399363
0.4
0.00399355
0.4
0.00399346
0.4
0.00399335
0.400001
0.00399324
0.400001
0.00399312
0.400001
0.00399303
0.400001
0.00399299
0.400001
0.00399309
0.4
0.00399343
0.399999
0.00399419
0.399998
0.00399564
0.399995
0.00399816
0.399991
0.00400213
0.399987
0.00400786
0.399986
0.00401511
0.400001
0.400032
0.00253647
0.395472
0.00306505
0.397078
0.0034166
0.398135
0.00363503
0.398803
0.00376646
0.399284
0.00384193
0.399605
0.00388077
0.399815
0.00389653
0.399946
0.00389797
0.400024
0.00389104
0.400068
0.00387962
0.40009
0.00386619
0.400098
0.0038523
0.400097
0.0038389
0.400092
0.0038265
0.400083
0.00381535
0.400074
0.00380554
0.400065
0.00379705
0.400056
0.00378978
0.400047
0.00378363
0.40004
0.00377848
0.400033
0.00377418
0.400028
0.00377063
0.400023
0.0037677
0.400019
0.00376531
0.400015
0.00376336
0.400012
0.00376178
0.40001
0.0037605
0.400008
0.00375947
0.400006
0.00375865
0.400005
0.00375799
0.400004
0.00375747
0.400003
0.00375705
0.400003
0.00375672
0.400002
0.00375647
0.400002
0.00375626
0.400001
0.0037561
0.400001
0.00375598
0.400001
0.00375588
0.400001
0.0037558
0.4
0.00375574
0.4
0.0037557
0.4
0.00375566
0.4
0.00375563
0.4
0.00375561
0.4
0.0037556
0.4
0.00375558
0.4
0.00375557
0.4
0.00375557
0.4
0.00375556
0.4
0.00375556
0.4
0.00375555
0.4
0.00375555
0.4
0.00375555
0.4
0.00375555
0.4
0.00375555
0.4
0.00375555
0.4
0.00375555
0.4
0.00375555
0.4
0.00375554
0.4
0.00375554
0.4
0.00375554
0.4
0.00375554
0.4
0.00375554
0.4
0.00375554
0.4
0.00375554
0.4
0.00375554
0.4
0.00375554
0.4
0.00375554
0.4
0.00375554
0.4
0.00375554
0.4
0.00375553
0.4
0.00375553
0.4
0.00375553
0.4
0.00375552
0.4
0.00375551
0.4
0.0037555
0.4
0.00375549
0.4
0.00375547
0.4
0.00375545
0.4
0.00375542
0.4
0.00375539
0.4
0.00375534
0.4
0.00375528
0.4
0.00375521
0.4
0.00375512
0.400001
0.00375503
0.400001
0.00375493
0.400001
0.00375483
0.400001
0.00375476
0.400001
0.00375477
0.400001
0.00375491
0.4
0.00375532
0.399999
0.00375619
0.399997
0.00375781
0.399993
0.00376061
0.399988
0.00376522
0.399982
0.00377249
0.399978
0.00378375
0.399989
0.400017
0.00229868
0.394795
0.00280777
0.396569
0.00315201
0.397791
0.00336665
0.398589
0.00349669
0.399154
0.00357223
0.39953
0.00361215
0.399775
0.00362945
0.399928
0.0036326
0.400021
0.00362737
0.400073
0.00361755
0.4001
0.00360556
0.40011
0.00359297
0.40011
0.00358069
0.400104
0.00356925
0.400095
0.00355893
0.400084
0.00354981
0.400074
0.00354189
0.400063
0.00353511
0.400054
0.00352936
0.400046
0.00352452
0.400038
0.00352049
0.400032
0.00351716
0.400026
0.00351441
0.400021
0.00351215
0.400017
0.00351032
0.400014
0.00350883
0.400011
0.00350762
0.400009
0.00350665
0.400007
0.00350587
0.400006
0.00350525
0.400005
0.00350476
0.400004
0.00350436
0.400003
0.00350405
0.400002
0.00350381
0.400002
0.00350361
0.400001
0.00350346
0.400001
0.00350334
0.400001
0.00350325
0.400001
0.00350318
0.400001
0.00350312
0.4
0.00350308
0.4
0.00350304
0.4
0.00350302
0.4
0.003503
0.4
0.00350298
0.4
0.00350297
0.4
0.00350296
0.4
0.00350295
0.4
0.00350295
0.4
0.00350294
0.4
0.00350294
0.4
0.00350294
0.4
0.00350294
0.4
0.00350293
0.4
0.00350293
0.4
0.00350293
0.4
0.00350293
0.4
0.00350293
0.4
0.00350293
0.4
0.00350293
0.4
0.00350293
0.4
0.00350293
0.4
0.00350293
0.4
0.00350293
0.4
0.00350293
0.4
0.00350293
0.4
0.00350293
0.4
0.00350293
0.4
0.00350292
0.4
0.00350292
0.4
0.00350292
0.4
0.00350292
0.4
0.00350291
0.4
0.00350291
0.4
0.0035029
0.4
0.00350289
0.4
0.00350288
0.4
0.00350286
0.4
0.00350284
0.4
0.00350281
0.4
0.00350278
0.4
0.00350274
0.4
0.00350268
0.4
0.00350262
0.400001
0.00350254
0.400001
0.00350245
0.400001
0.00350236
0.400001
0.00350228
0.400001
0.00350224
0.400001
0.00350228
0.4
0.00350247
0.4
0.00350294
0.399998
0.00350389
0.399996
0.00350565
0.399991
0.00350869
0.399985
0.00351386
0.399977
0.00352247
0.39997
0.00353706
0.399975
0.399996
0.00207575
0.394191
0.00255809
0.396086
0.0028902
0.397459
0.00309841
0.39838
0.00322541
0.399027
0.00329993
0.399455
0.00334017
0.399735
0.00335849
0.39991
0.003363
0.400016
0.00335925
0.400077
0.00335086
0.400108
0.00334024
0.40012
0.00332887
0.400121
0.00331767
0.400115
0.00330719
0.400105
0.00329768
0.400094
0.00328925
0.400082
0.00328191
0.400071
0.00327562
0.40006
0.00327027
0.400051
0.00326577
0.400043
0.00326201
0.400035
0.0032589
0.400029
0.00325633
0.400024
0.00325422
0.40002
0.0032525
0.400016
0.00325111
0.400013
0.00324998
0.40001
0.00324907
0.400008
0.00324834
0.400007
0.00324775
0.400005
0.00324729
0.400004
0.00324692
0.400003
0.00324662
0.400003
0.00324639
0.400002
0.00324621
0.400002
0.00324607
0.400001
0.00324595
0.400001
0.00324587
0.400001
0.0032458
0.400001
0.00324574
0.4
0.0032457
0.4
0.00324567
0.4
0.00324565
0.4
0.00324563
0.4
0.00324561
0.4
0.0032456
0.4
0.00324559
0.4
0.00324559
0.4
0.00324558
0.4
0.00324558
0.4
0.00324557
0.4
0.00324557
0.4
0.00324557
0.4
0.00324557
0.4
0.00324557
0.4
0.00324557
0.4
0.00324557
0.4
0.00324557
0.4
0.00324557
0.4
0.00324557
0.4
0.00324556
0.4
0.00324556
0.4
0.00324556
0.4
0.00324556
0.4
0.00324556
0.4
0.00324556
0.4
0.00324556
0.4
0.00324556
0.4
0.00324556
0.4
0.00324556
0.4
0.00324556
0.4
0.00324555
0.4
0.00324555
0.4
0.00324554
0.4
0.00324554
0.4
0.00324553
0.4
0.00324552
0.4
0.0032455
0.4
0.00324548
0.4
0.00324546
0.4
0.00324542
0.4
0.00324538
0.4
0.00324533
0.4
0.00324527
0.400001
0.0032452
0.400001
0.00324512
0.400001
0.00324505
0.400001
0.00324498
0.400001
0.00324496
0.400001
0.00324502
0.4
0.00324525
0.4
0.00324577
0.399998
0.00324679
0.399995
0.00324865
0.39999
0.00325188
0.399982
0.00325751
0.399971
0.00326719
0.39996
0.00328435
0.399958
0.39997
0.00186755
0.393656
0.00231782
0.395636
0.00263382
0.397143
0.00283325
0.398181
0.00295567
0.398905
0.00302813
0.399383
0.00306797
0.399695
0.00308683
0.399891
0.00309236
0.400011
0.00308984
0.400079
0.00308275
0.400115
0.00307338
0.40013
0.00306318
0.400131
0.00305304
0.400125
0.00304348
0.400115
0.00303478
0.400103
0.00302704
0.40009
0.00302029
0.400078
0.00301448
0.400066
0.00300954
0.400056
0.00300538
0.400047
0.0030019
0.400039
0.00299901
0.400032
0.00299663
0.400026
0.00299468
0.400022
0.00299308
0.400018
0.00299178
0.400014
0.00299073
0.400011
0.00298988
0.400009
0.0029892
0.400007
0.00298866
0.400006
0.00298823
0.400005
0.00298788
0.400004
0.00298761
0.400003
0.00298739
0.400002
0.00298722
0.400002
0.00298709
0.400001
0.00298698
0.400001
0.0029869
0.400001
0.00298683
0.400001
0.00298678
0.400001
0.00298675
0.4
0.00298672
0.4
0.00298669
0.4
0.00298668
0.4
0.00298666
0.4
0.00298665
0.4
0.00298664
0.4
0.00298664
0.4
0.00298663
0.4
0.00298663
0.4
0.00298662
0.4
0.00298662
0.4
0.00298662
0.4
0.00298662
0.4
0.00298662
0.4
0.00298662
0.4
0.00298662
0.4
0.00298662
0.4
0.00298662
0.4
0.00298662
0.4
0.00298662
0.4
0.00298662
0.4
0.00298662
0.4
0.00298662
0.4
0.00298661
0.4
0.00298661
0.4
0.00298661
0.4
0.00298661
0.4
0.00298661
0.4
0.00298661
0.4
0.00298661
0.4
0.00298661
0.4
0.0029866
0.4
0.0029866
0.4
0.00298659
0.4
0.00298658
0.4
0.00298657
0.4
0.00298656
0.4
0.00298654
0.4
0.00298651
0.4
0.00298648
0.4
0.00298645
0.4
0.0029864
0.400001
0.00298635
0.400001
0.00298628
0.400001
0.00298621
0.400001
0.00298615
0.400001
0.0029861
0.400001
0.00298609
0.400001
0.00298618
0.4
0.00298643
0.399999
0.00298698
0.399997
0.00298804
0.399994
0.00298997
0.399988
0.00299334
0.399978
0.00299928
0.399965
0.00300974
0.39995
0.00302872
0.399939
0.399941
0.00167227
0.393186
0.0020868
0.395222
0.00238339
0.396846
0.00257195
0.397992
0.00268838
0.398788
0.0027578
0.399313
0.00279657
0.399656
0.00281547
0.399872
0.0028217
0.400004
0.0028202
0.400081
0.00281427
0.400121
0.00280606
0.400138
0.00279697
0.40014
0.00278785
0.400134
0.0027792
0.400123
0.00277129
0.40011
0.00276424
0.400097
0.00275808
0.400084
0.00275276
0.400071
0.00274824
0.40006
0.00274442
0.400051
0.00274123
0.400042
0.00273857
0.400035
0.00273638
0.400029
0.00273458
0.400023
0.00273311
0.400019
0.00273191
0.400015
0.00273095
0.400012
0.00273016
0.40001
0.00272954
0.400008
0.00272903
0.400006
0.00272863
0.400005
0.00272831
0.400004
0.00272806
0.400003
0.00272786
0.400003
0.0027277
0.400002
0.00272758
0.400002
0.00272748
0.400001
0.0027274
0.400001
0.00272734
0.400001
0.0027273
0.400001
0.00272726
0.4
0.00272723
0.4
0.00272721
0.4
0.0027272
0.4
0.00272718
0.4
0.00272717
0.4
0.00272716
0.4
0.00272716
0.4
0.00272715
0.4
0.00272715
0.4
0.00272715
0.4
0.00272715
0.4
0.00272714
0.4
0.00272714
0.4
0.00272714
0.4
0.00272714
0.4
0.00272714
0.4
0.00272714
0.4
0.00272714
0.4
0.00272714
0.4
0.00272714
0.4
0.00272714
0.4
0.00272714
0.4
0.00272714
0.4
0.00272714
0.4
0.00272714
0.4
0.00272714
0.4
0.00272714
0.4
0.00272714
0.4
0.00272713
0.4
0.00272713
0.4
0.00272713
0.4
0.00272713
0.4
0.00272712
0.4
0.00272712
0.4
0.00272711
0.4
0.0027271
0.4
0.00272709
0.4
0.00272707
0.4
0.00272705
0.4
0.00272702
0.4
0.00272698
0.4
0.00272694
0.400001
0.00272689
0.400001
0.00272683
0.400001
0.00272677
0.400001
0.00272672
0.400001
0.00272668
0.400001
0.00272669
0.400001
0.00272679
0.4
0.00272706
0.399999
0.00272763
0.399997
0.00272871
0.399993
0.00273066
0.399986
0.00273409
0.399975
0.0027402
0.399959
0.00275112
0.399939
0.00277119
0.399919
0.39991
0.00148782
0.392774
0.00186424
0.394845
0.00213869
0.396572
0.00231453
0.397816
0.00242369
0.398679
0.00248919
0.399248
0.00252624
0.399619
0.00254475
0.399854
0.00255137
0.399998
0.00255068
0.400082
0.00254576
0.400126
0.00253863
0.400145
0.0025306
0.400148
0.00252246
0.400142
0.0025147
0.400131
0.00250758
0.400118
0.00250121
0.400103
0.00249563
0.400089
0.00249082
0.400076
0.00248671
0.400064
0.00248325
0.400054
0.00248034
0.400045
0.00247793
0.400037
0.00247593
0.400031
0.00247429
0.400025
0.00247295
0.40002
0.00247186
0.400016
0.00247097
0.400013
0.00247026
0.400011
0.00246968
0.400009
0.00246922
0.400007
0.00246886
0.400005
0.00246856
0.400004
0.00246833
0.400003
0.00246815
0.400003
0.002468
0.400002
0.00246789
0.400002
0.0024678
0.400001
0.00246773
0.400001
0.00246767
0.400001
0.00246763
0.400001
0.0024676
0.4
0.00246757
0.4
0.00246755
0.4
0.00246754
0.4
0.00246753
0.4
0.00246752
0.4
0.00246751
0.4
0.00246751
0.4
0.0024675
0.4
0.0024675
0.4
0.00246749
0.4
0.00246749
0.4
0.00246749
0.4
0.00246749
0.4
0.00246749
0.4
0.00246749
0.4
0.00246749
0.4
0.00246749
0.4
0.00246749
0.4
0.00246749
0.4
0.00246749
0.4
0.00246749
0.4
0.00246749
0.4
0.00246749
0.4
0.00246749
0.4
0.00246749
0.4
0.00246749
0.4
0.00246749
0.4
0.00246748
0.4
0.00246748
0.4
0.00246748
0.4
0.00246748
0.4
0.00246748
0.4
0.00246747
0.4
0.00246747
0.4
0.00246746
0.4
0.00246745
0.4
0.00246744
0.4
0.00246742
0.4
0.0024674
0.4
0.00246738
0.4
0.00246734
0.4
0.00246731
0.400001
0.00246726
0.400001
0.00246721
0.400001
0.00246716
0.400001
0.00246711
0.400001
0.00246709
0.400001
0.0024671
0.400001
0.00246722
0.4
0.00246749
0.399999
0.00246807
0.399996
0.00246914
0.399991
0.00247108
0.399984
0.00247448
0.399972
0.00248062
0.399953
0.00249168
0.399928
0.00251212
0.399898
0.399878
0.00131225
0.392416
0.00164921
0.394508
0.0018993
0.396322
0.00206077
0.397655
0.0021615
0.398578
0.00222227
0.399187
0.00225701
0.399585
0.00227472
0.399836
0.00228145
0.399991
0.00228138
0.400082
0.00227735
0.40013
0.00227121
0.400151
0.00226418
0.400155
0.00225699
0.40015
0.0022501
0.400138
0.00224376
0.400124
0.00223808
0.400109
0.00223309
0.400094
0.00222877
0.400081
0.00222509
0.400068
0.00222197
0.400057
0.00221936
0.400048
0.00221719
0.400039
0.00221539
0.400032
0.00221392
0.400026
0.00221271
0.400022
0.00221172
0.400017
0.00221093
0.400014
0.00221028
0.400011
0.00220976
0.400009
0.00220935
0.400007
0.00220902
0.400006
0.00220875
0.400005
0.00220854
0.400004
0.00220838
0.400003
0.00220824
0.400002
0.00220814
0.400002
0.00220806
0.400001
0.002208
0.400001
0.00220795
0.400001
0.00220791
0.400001
0.00220788
0.400001
0.00220785
0.4
0.00220784
0.4
0.00220782
0.4
0.00220781
0.4
0.0022078
0.4
0.0022078
0.4
0.00220779
0.4
0.00220779
0.4
0.00220779
0.4
0.00220778
0.4
0.00220778
0.4
0.00220778
0.4
0.00220778
0.4
0.00220778
0.4
0.00220778
0.4
0.00220778
0.4
0.00220778
0.4
0.00220778
0.4
0.00220778
0.4
0.00220778
0.4
0.00220778
0.4
0.00220778
0.4
0.00220778
0.4
0.00220778
0.4
0.00220778
0.4
0.00220777
0.4
0.00220777
0.4
0.00220777
0.4
0.00220777
0.4
0.00220777
0.4
0.00220777
0.4
0.00220777
0.4
0.00220776
0.4
0.00220776
0.4
0.00220775
0.4
0.00220774
0.4
0.00220773
0.4
0.00220772
0.4
0.0022077
0.4
0.00220768
0.4
0.00220765
0.400001
0.00220761
0.400001
0.00220757
0.400001
0.00220753
0.400001
0.00220749
0.400001
0.00220745
0.400001
0.00220743
0.400001
0.00220746
0.400001
0.00220757
0.4
0.00220785
0.399998
0.00220841
0.399996
0.00220945
0.39999
0.00221133
0.399982
0.00221464
0.399968
0.00222064
0.399947
0.00223152
0.399917
0.00225169
0.399878
0.399846
0.00114389
0.392109
0.00144074
0.394211
0.00166466
0.396098
0.00181034
0.397509
0.00190161
0.398487
0.00195693
0.399132
0.00198884
0.399553
0.00200537
0.399819
0.00201194
0.399985
0.00201233
0.400081
0.00200906
0.400133
0.00200384
0.400156
0.00199775
0.400162
0.00199149
0.400156
0.00198546
0.400144
0.00197988
0.400129
0.00197488
0.400114
0.00197048
0.400099
0.00196666
0.400084
0.00196341
0.400071
0.00196065
0.40006
0.00195834
0.40005
0.00195641
0.400041
0.00195482
0.400034
0.00195351
0.400028
0.00195243
0.400023
0.00195156
0.400018
0.00195085
0.400015
0.00195028
0.400012
0.00194982
0.40001
0.00194945
0.400008
0.00194915
0.400006
0.00194892
0.400005
0.00194873
0.400004
0.00194858
0.400003
0.00194846
0.400002
0.00194837
0.400002
0.0019483
0.400001
0.00194824
0.400001
0.0019482
0.400001
0.00194816
0.400001
0.00194814
0.400001
0.00194812
0.4
0.0019481
0.4
0.00194809
0.4
0.00194808
0.4
0.00194807
0.4
0.00194806
0.4
0.00194806
0.4
0.00194806
0.4
0.00194805
0.4
0.00194805
0.4
0.00194805
0.4
0.00194805
0.4
0.00194805
0.4
0.00194805
0.4
0.00194805
0.4
0.00194805
0.4
0.00194805
0.4
0.00194805
0.4
0.00194805
0.4
0.00194805
0.4
0.00194805
0.4
0.00194805
0.4
0.00194805
0.4
0.00194805
0.4
0.00194805
0.4
0.00194804
0.4
0.00194804
0.4
0.00194804
0.4
0.00194804
0.4
0.00194804
0.4
0.00194804
0.4
0.00194804
0.4
0.00194803
0.4
0.00194803
0.4
0.00194802
0.4
0.00194802
0.4
0.00194801
0.4
0.00194799
0.4
0.00194798
0.4
0.00194796
0.4
0.00194793
0.400001
0.0019479
0.400001
0.00194787
0.400001
0.00194783
0.400001
0.00194779
0.400001
0.00194776
0.400001
0.00194775
0.400001
0.00194778
0.400001
0.0019479
0.4
0.00194816
0.399998
0.0019487
0.399995
0.00194969
0.399989
0.00195146
0.39998
0.0019546
0.399965
0.0019603
0.399941
0.00197071
0.399906
0.00199
0.399859
0.399816
0.000981353
0.391848
0.00123789
0.393955
0.00143424
0.395901
0.00156289
0.397381
0.00164379
0.398406
0.00169302
0.399083
0.00172164
0.399524
0.00173665
0.399804
0.00174283
0.399978
0.0017435
0.400081
0.0017409
0.400136
0.00173652
0.400161
0.00173134
0.400167
0.00172597
0.400161
0.00172078
0.400149
0.00171597
0.400134
0.00171164
0.400118
0.00170782
0.400102
0.00170452
0.400088
0.00170169
0.400074
0.00169929
0.400062
0.00169728
0.400052
0.0016956
0.400043
0.00169422
0.400035
0.00169307
0.400029
0.00169214
0.400024
0.00169138
0.400019
0.00169076
0.400015
0.00169026
0.400012
0.00168986
0.40001
0.00168953
0.400008
0.00168928
0.400006
0.00168907
0.400005
0.00168891
0.400004
0.00168878
0.400003
0.00168867
0.400002
0.00168859
0.400002
0.00168853
0.400002
0.00168848
0.400001
0.00168844
0.400001
0.00168841
0.400001
0.00168839
0.400001
0.00168837
0.4
0.00168836
0.4
0.00168835
0.4
0.00168834
0.4
0.00168833
0.4
0.00168833
0.4
0.00168832
0.4
0.00168832
0.4
0.00168832
0.4
0.00168831
0.4
0.00168831
0.4
0.00168831
0.4
0.00168831
0.4
0.00168831
0.4
0.00168831
0.4
0.00168831
0.4
0.00168831
0.4
0.00168831
0.4
0.00168831
0.4
0.00168831
0.4
0.00168831
0.4
0.00168831
0.4
0.00168831
0.4
0.00168831
0.4
0.00168831
0.4
0.00168831
0.4
0.00168831
0.4
0.00168831
0.4
0.00168831
0.4
0.0016883
0.4
0.0016883
0.4
0.0016883
0.4
0.0016883
0.4
0.00168829
0.4
0.00168829
0.4
0.00168828
0.4
0.00168827
0.4
0.00168826
0.4
0.00168825
0.4
0.00168823
0.4
0.00168821
0.400001
0.00168818
0.400001
0.00168815
0.400001
0.00168812
0.400001
0.00168809
0.400001
0.00168806
0.400001
0.00168806
0.400001
0.00168809
0.400001
0.0016882
0.4
0.00168845
0.399998
0.00168895
0.399994
0.00168986
0.399989
0.00169149
0.399979
0.00169438
0.399962
0.00169965
0.399936
0.00170929
0.399897
0.00172715
0.399841
0.399789
0.000823452
0.391632
0.00103979
0.393738
0.00120745
0.395734
0.00131802
0.39727
0.00138778
0.398336
0.00143037
0.39904
0.00145528
0.399499
0.00146849
0.399791
0.00147408
0.399973
0.00147489
0.40008
0.00147285
0.400138
0.00146926
0.400164
0.00146495
0.400171
0.00146045
0.400166
0.00145608
0.400154
0.00145202
0.400138
0.00144836
0.400122
0.00144513
0.400106
0.00144233
0.40009
0.00143994
0.400077
0.0014379
0.400064
0.0014362
0.400054
0.00143477
0.400044
0.0014336
0.400036
0.00143263
0.40003
0.00143183
0.400024
0.00143118
0.40002
0.00143066
0.400016
0.00143023
0.400013
0.00142989
0.40001
0.00142961
0.400008
0.00142939
0.400007
0.00142922
0.400005
0.00142908
0.400004
0.00142897
0.400003
0.00142888
0.400003
0.00142881
0.400002
0.00142876
0.400002
0.00142872
0.400001
0.00142868
0.400001
0.00142866
0.400001
0.00142864
0.400001
0.00142862
0.4
0.00142861
0.4
0.0014286
0.4
0.00142859
0.4
0.00142859
0.4
0.00142858
0.4
0.00142858
0.4
0.00142858
0.4
0.00142858
0.4
0.00142857
0.4
0.00142857
0.4
0.00142857
0.4
0.00142857
0.4
0.00142857
0.4
0.00142857
0.4
0.00142857
0.4
0.00142857
0.4
0.00142857
0.4
0.00142857
0.4
0.00142857
0.4
0.00142857
0.4
0.00142857
0.4
0.00142857
0.4
0.00142857
0.4
0.00142857
0.4
0.00142857
0.4
0.00142857
0.4
0.00142857
0.4
0.00142857
0.4
0.00142857
0.4
0.00142856
0.4
0.00142856
0.4
0.00142856
0.4
0.00142856
0.4
0.00142855
0.4
0.00142855
0.4
0.00142854
0.4
0.00142853
0.4
0.00142852
0.4
0.0014285
0.4
0.00142849
0.400001
0.00142846
0.400001
0.00142844
0.400001
0.00142841
0.400001
0.00142838
0.400001
0.00142836
0.400001
0.00142836
0.400001
0.0014284
0.400001
0.0014285
0.4
0.00142872
0.399998
0.00142917
0.399994
0.00142998
0.399988
0.00143143
0.399977
0.001434
0.39996
0.0014387
0.399931
0.00144732
0.399888
0.00146327
0.399825
0.399764
0.000669203
0.391458
0.000845595
0.393562
0.000983744
0.395595
0.00107536
0.397178
0.00113332
0.398278
0.00116881
0.399004
0.00118966
0.399478
0.00120081
0.39978
0.00120563
0.399968
0.00120646
0.400079
0.00120491
0.400139
0.00120204
0.400167
0.00119857
0.400174
0.00119491
0.400169
0.00119136
0.400157
0.00118805
0.400142
0.00118506
0.400125
0.00118242
0.400108
0.00118013
0.400093
0.00117816
0.400079
0.0011765
0.400066
0.0011751
0.400055
0.00117393
0.400046
0.00117296
0.400037
0.00117216
0.400031
0.00117151
0.400025
0.00117098
0.40002
0.00117055
0.400016
0.0011702
0.400013
0.00116992
0.400011
0.00116969
0.400008
0.00116951
0.400007
0.00116937
0.400005
0.00116925
0.400004
0.00116916
0.400003
0.00116909
0.400003
0.00116903
0.400002
0.00116899
0.400002
0.00116895
0.400001
0.00116892
0.400001
0.0011689
0.400001
0.00116889
0.400001
0.00116887
0.4
0.00116886
0.4
0.00116886
0.4
0.00116885
0.4
0.00116885
0.4
0.00116884
0.4
0.00116884
0.4
0.00116884
0.4
0.00116884
0.4
0.00116883
0.4
0.00116883
0.4
0.00116883
0.4
0.00116883
0.4
0.00116883
0.4
0.00116883
0.4
0.00116883
0.4
0.00116883
0.4
0.00116883
0.4
0.00116883
0.4
0.00116883
0.4
0.00116883
0.4
0.00116883
0.4
0.00116883
0.4
0.00116883
0.4
0.00116883
0.4
0.00116883
0.4
0.00116883
0.4
0.00116883
0.4
0.00116883
0.4
0.00116883
0.4
0.00116883
0.4
0.00116882
0.4
0.00116882
0.4
0.00116882
0.4
0.00116882
0.4
0.00116881
0.4
0.00116881
0.4
0.0011688
0.4
0.00116879
0.4
0.00116878
0.4
0.00116876
0.400001
0.00116874
0.400001
0.00116872
0.400001
0.0011687
0.400001
0.00116868
0.400001
0.00116866
0.400001
0.00116866
0.400001
0.00116869
0.400001
0.00116878
0.4
0.00116898
0.399998
0.00116936
0.399994
0.00117005
0.399987
0.00117128
0.399976
0.00117348
0.399957
0.0011775
0.399927
0.00118487
0.399881
0.0011985
0.399811
0.399742
0.000517767
0.391324
0.000654528
0.393425
0.000762543
0.395487
0.000834512
0.397107
0.000880142
0.398233
0.000908137
0.398976
0.000924653
0.399462
0.000933538
0.399771
0.000937441
0.399964
0.000938196
0.400078
0.000937058
0.400141
0.000934876
0.400169
0.000932201
0.400177
0.000929379
0.400172
0.000926624
0.40016
0.000924055
0.400144
0.000921733
0.400127
0.00091968
0.40011
0.000917897
0.400095
0.000916367
0.40008
0.00091507
0.400067
0.000913979
0.400056
0.00091307
0.400046
0.000912315
0.400038
0.000911694
0.400031
0.000911184
0.400026
0.000910769
0.400021
0.000910432
0.400017
0.000910159
0.400013
0.000909939
0.400011
0.000909762
0.400009
0.000909621
0.400007
0.000909509
0.400005
0.000909418
0.400004
0.000909348
0.400003
0.000909291
0.400003
0.000909247
0.400002
0.000909212
0.400002
0.000909185
0.400001
0.000909163
0.400001
0.000909147
0.400001
0.000909134
0.400001
0.000909124
0.4
0.000909116
0.4
0.00090911
0.4
0.000909105
0.4
0.000909102
0.4
0.000909099
0.4
0.000909097
0.4
0.000909095
0.4
0.000909094
0.4
0.000909093
0.4
0.000909092
0.4
0.000909091
0.4
0.000909091
0.4
0.000909091
0.4
0.000909091
0.4
0.00090909
0.4
0.000909091
0.4
0.00090909
0.4
0.000909091
0.4
0.00090909
0.4
0.00090909
0.4
0.00090909
0.4
0.00090909
0.4
0.00090909
0.4
0.00090909
0.4
0.000909089
0.4
0.000909089
0.4
0.000909088
0.4
0.000909088
0.4
0.000909087
0.4
0.000909087
0.4
0.000909085
0.4
0.000909084
0.4
0.000909081
0.4
0.000909079
0.4
0.000909075
0.4
0.000909071
0.4
0.000909065
0.4
0.000909057
0.4
0.000909047
0.4
0.000909036
0.400001
0.000909022
0.400001
0.000909006
0.400001
0.000908989
0.400001
0.000908973
0.400001
0.000908962
0.400001
0.000908963
0.400001
0.000908989
0.400001
0.000909062
0.4
0.000909219
0.399997
0.000909523
0.399993
0.000910078
0.399986
0.000911072
0.399975
0.000912835
0.399956
0.000916069
0.399924
0.000922008
0.399875
0.000932965
0.3998
0.399725
0.000368413
0.391229
0.000465847
0.393328
0.000543289
0.39541
0.000595071
0.397055
0.000627958
0.3982
0.000648167
0.398956
0.000660122
0.39945
0.000666583
0.399765
0.000669454
0.399961
0.000670051
0.400078
0.000669276
0.400141
0.000667742
0.400171
0.000665848
0.400179
0.000663843
0.400174
0.000661881
0.400162
0.000660049
0.400146
0.000658392
0.400129
0.000656926
0.400112
0.000655652
0.400096
0.000654558
0.400081
0.000653631
0.400068
0.00065285
0.400057
0.0006522
0.400047
0.000651659
0.400039
0.000651215
0.400032
0.00065085
0.400026
0.000650553
0.400021
0.000650311
0.400017
0.000650116
0.400014
0.000649958
0.400011
0.000649832
0.400009
0.00064973
0.400007
0.00064965
0.400006
0.000649585
0.400004
0.000649535
0.400003
0.000649494
0.400003
0.000649463
0.400002
0.000649437
0.400002
0.000649418
0.400001
0.000649402
0.400001
0.000649391
0.400001
0.000649381
0.400001
0.000649374
0.4
0.000649368
0.4
0.000649365
0.4
0.000649361
0.4
0.000649359
0.4
0.000649356
0.4
0.000649355
0.4
0.000649353
0.4
0.000649353
0.4
0.000649352
0.4
0.000649352
0.4
0.000649351
0.4
0.000649351
0.4
0.00064935
0.4
0.000649351
0.4
0.00064935
0.4
0.00064935
0.4
0.00064935
0.4
0.00064935
0.4
0.00064935
0.4
0.00064935
0.4
0.00064935
0.4
0.00064935
0.4
0.00064935
0.4
0.00064935
0.4
0.000649349
0.4
0.000649349
0.4
0.000649349
0.4
0.000649349
0.4
0.000649348
0.4
0.000649347
0.4
0.000649346
0.4
0.000649345
0.4
0.000649344
0.4
0.000649342
0.4
0.000649339
0.4
0.000649336
0.4
0.000649332
0.4
0.000649326
0.4
0.000649319
0.4
0.000649311
0.400001
0.000649301
0.400001
0.00064929
0.400001
0.000649278
0.400001
0.000649267
0.400001
0.000649259
0.400001
0.00064926
0.400001
0.00064928
0.400001
0.000649334
0.399999
0.00064945
0.399997
0.000649673
0.399993
0.000650079
0.399986
0.000650806
0.399974
0.000652096
0.399954
0.000654465
0.399922
0.000658817
0.39987
0.000666837
0.399792
0.399713
0.000220492
0.391172
0.000278846
0.393269
0.000325421
0.395363
0.00035664
0.397024
0.000376489
0.39818
0.000388699
0.398944
0.000395936
0.399443
0.000399858
0.399761
0.000401614
0.399959
0.000401995
0.400077
0.000401546
0.400142
0.000400635
0.400172
0.000399505
0.40018
0.000398306
0.400175
0.000397132
0.400163
0.000396034
0.400147
0.00039504
0.40013
0.00039416
0.400113
0.000393396
0.400097
0.000392739
0.400082
0.000392182
0.400069
0.000391713
0.400057
0.000391322
0.400047
0.000390998
0.400039
0.000390731
0.400032
0.000390512
0.400026
0.000390333
0.400021
0.000390188
0.400017
0.000390071
0.400014
0.000389976
0.400011
0.0003899
0.400009
0.000389839
0.400007
0.00038979
0.400006
0.000389751
0.400004
0.000389721
0.400003
0.000389696
0.400003
0.000389678
0.400002
0.000389662
0.400002
0.000389651
0.400001
0.000389641
0.400001
0.000389634
0.400001
0.000389628
0.400001
0.000389625
0.4
0.000389621
0.4
0.000389619
0.4
0.000389616
0.4
0.000389615
0.4
0.000389613
0.4
0.000389613
0.4
0.000389612
0.4
0.000389612
0.4
0.000389611
0.4
0.000389611
0.4
0.00038961
0.4
0.00038961
0.4
0.00038961
0.4
0.00038961
0.4
0.00038961
0.4
0.00038961
0.4
0.00038961
0.4
0.00038961
0.4
0.00038961
0.4
0.00038961
0.4
0.00038961
0.4
0.00038961
0.4
0.00038961
0.4
0.00038961
0.4
0.000389609
0.4
0.000389609
0.4
0.000389609
0.4
0.000389609
0.4
0.000389608
0.4
0.000389608
0.4
0.000389607
0.4
0.000389607
0.4
0.000389606
0.4
0.000389605
0.4
0.000389603
0.4
0.000389602
0.4
0.000389599
0.4
0.000389596
0.4
0.000389591
0.4
0.000389587
0.400001
0.00038958
0.400001
0.000389574
0.400001
0.000389566
0.400001
0.00038956
0.400001
0.000389555
0.400001
0.000389556
0.400001
0.000389569
0.400001
0.000389602
0.399999
0.000389673
0.399997
0.000389809
0.399993
0.000390057
0.399986
0.0003905
0.399974
0.000391286
0.399954
0.000392731
0.39992
0.000395387
0.399868
0.000400277
0.399787
0.399705
7.341e-05
0.391153
9.28422e-05
0.39325
0.000108384
0.395348
0.000118815
0.397013
0.00012545
0.398173
0.000129535
0.39894
0.000131957
0.39944
0.000133271
0.39976
0.000133863
0.399959
0.000133995
0.400077
0.000133847
0.400142
0.000133543
0.400172
0.000133168
0.400181
0.000132768
0.400176
0.000132378
0.400164
0.000132012
0.400148
0.000131681
0.40013
0.000131387
0.400113
0.000131132
0.400097
0.000130913
0.400082
0.000130727
0.400069
0.000130571
0.400057
0.000130441
0.400048
0.000130332
0.400039
0.000130244
0.400032
0.00013017
0.400026
0.000130111
0.400021
0.000130062
0.400017
0.000130024
0.400014
0.000129992
0.400011
0.000129967
0.400009
0.000129946
0.400007
0.00012993
0.400006
0.000129917
0.400004
0.000129907
0.400003
0.000129898
0.400003
0.000129892
0.400002
0.000129887
0.400002
0.000129883
0.400001
0.00012988
0.400001
0.000129878
0.400001
0.000129876
0.400001
0.000129874
0.4
0.000129873
0.4
0.000129873
0.4
0.000129872
0.4
0.000129871
0.4
0.000129871
0.4
0.000129871
0.4
0.00012987
0.4
0.00012987
0.4
0.00012987
0.4
0.00012987
0.4
0.000129869
0.4
0.00012987
0.4
0.000129869
0.4
0.00012987
0.4
0.000129869
0.4
0.00012987
0.4
0.000129869
0.4
0.00012987
0.4
0.00012987
0.4
0.00012987
0.4
0.00012987
0.4
0.00012987
0.4
0.000129869
0.4
0.00012987
0.4
0.000129869
0.4
0.000129869
0.4
0.000129869
0.4
0.000129869
0.4
0.000129869
0.4
0.000129869
0.4
0.000129869
0.4
0.000129869
0.4
0.000129868
0.4
0.000129868
0.4
0.000129867
0.4
0.000129867
0.4
0.000129866
0.4
0.000129865
0.4
0.000129863
0.4
0.000129862
0.400001
0.00012986
0.400001
0.000129857
0.400001
0.000129855
0.400001
0.000129853
0.400001
0.000129851
0.400001
0.000129852
0.400001
0.000129856
0.400001
0.000129867
0.399999
0.000129891
0.399997
0.000129937
0.399993
0.00013002
0.399986
0.000130169
0.399974
0.000130433
0.399953
0.000130919
0.39992
0.000131812
0.399867
0.000133454
0.399786
0.399703
-7.33958e-05
0.391172
-9.28306e-05
0.393269
-0.000108376
0.395363
-0.000118807
0.397024
-0.000125445
0.39818
-0.000129529
0.398944
-0.000131952
0.399443
-0.00013327
0.399761
-0.000133859
0.399959
-0.000133988
0.400077
-0.000133842
0.400142
-0.000133543
0.400172
-0.000133167
0.40018
-0.000132769
0.400175
-0.000132378
0.400163
-0.000132012
0.400147
-0.000131681
0.40013
-0.000131388
0.400113
-0.000131133
0.400097
-0.000130915
0.400082
-0.000130729
0.400069
-0.000130573
0.400057
-0.000130442
0.400047
-0.000130335
0.400039
-0.000130245
0.400032
-0.000130172
0.400026
-0.000130112
0.400021
-0.000130064
0.400017
-0.000130024
0.400014
-0.000129993
0.400011
-0.000129967
0.400009
-0.000129947
0.400007
-0.000129931
0.400006
-0.000129918
0.400004
-0.000129908
0.400003
-0.0001299
0.400003
-0.000129893
0.400002
-0.000129889
0.400002
-0.000129884
0.400001
-0.000129882
0.400001
-0.000129879
0.400001
-0.000129877
0.400001
-0.000129876
0.4
-0.000129875
0.4
-0.000129874
0.4
-0.000129873
0.4
-0.000129872
0.4
-0.000129872
0.4
-0.000129872
0.4
-0.000129872
0.4
-0.000129871
0.4
-0.000129872
0.4
-0.000129871
0.4
-0.000129871
0.4
-0.000129871
0.4
-0.000129871
0.4
-0.000129871
0.4
-0.000129871
0.4
-0.000129871
0.4
-0.000129871
0.4
-0.00012987
0.4
-0.000129871
0.4
-0.00012987
0.4
-0.000129871
0.4
-0.00012987
0.4
-0.000129871
0.4
-0.00012987
0.4
-0.000129871
0.4
-0.000129871
0.4
-0.000129871
0.4
-0.000129871
0.4
-0.000129871
0.4
-0.00012987
0.4
-0.00012987
0.4
-0.00012987
0.4
-0.00012987
0.4
-0.000129869
0.4
-0.000129869
0.4
-0.000129868
0.4
-0.000129867
0.4
-0.000129866
0.4
-0.000129865
0.4
-0.000129863
0.400001
-0.000129861
0.400001
-0.000129859
0.400001
-0.000129857
0.400001
-0.000129854
0.400001
-0.000129853
0.400001
-0.000129853
0.400001
-0.000129857
0.400001
-0.000129869
0.399999
-0.000129892
0.399997
-0.000129938
0.399993
-0.000130021
0.399986
-0.00013017
0.399974
-0.000130434
0.399954
-0.00013092
0.39992
-0.000131813
0.399868
-0.000133455
0.399787
0.399705
-0.000220478
0.391229
-0.000278834
0.393328
-0.000325413
0.39541
-0.000356632
0.397055
-0.000376484
0.3982
-0.000388693
0.398956
-0.000395931
0.39945
-0.000399857
0.399765
-0.000401611
0.399961
-0.000401989
0.400078
-0.000401541
0.400141
-0.000400635
0.400171
-0.000399504
0.400179
-0.000398307
0.400174
-0.000397131
0.400162
-0.000396034
0.400146
-0.00039504
0.400129
-0.000394161
0.400112
-0.000393397
0.400096
-0.000392741
0.400081
-0.000392184
0.400068
-0.000391716
0.400057
-0.000391324
0.400047
-0.000391
0.400039
-0.000390732
0.400032
-0.000390513
0.400026
-0.000390334
0.400021
-0.000390189
0.400017
-0.000390071
0.400014
-0.000389977
0.400011
-0.0003899
0.400009
-0.00038984
0.400007
-0.000389791
0.400006
-0.000389753
0.400004
-0.000389722
0.400003
-0.000389698
0.400003
-0.000389679
0.400002
-0.000389664
0.400002
-0.000389652
0.400001
-0.000389643
0.400001
-0.000389636
0.400001
-0.00038963
0.400001
-0.000389626
0.4
-0.000389623
0.4
-0.00038962
0.4
-0.000389618
0.4
-0.000389616
0.4
-0.000389615
0.4
-0.000389614
0.4
-0.000389614
0.4
-0.000389613
0.4
-0.000389613
0.4
-0.000389612
0.4
-0.000389612
0.4
-0.000389612
0.4
-0.000389612
0.4
-0.000389611
0.4
-0.000389611
0.4
-0.000389611
0.4
-0.000389611
0.4
-0.000389611
0.4
-0.000389611
0.4
-0.000389611
0.4
-0.000389611
0.4
-0.000389611
0.4
-0.000389611
0.4
-0.000389611
0.4
-0.000389611
0.4
-0.000389611
0.4
-0.000389611
0.4
-0.00038961
0.4
-0.00038961
0.4
-0.00038961
0.4
-0.000389609
0.4
-0.000389608
0.4
-0.000389607
0.4
-0.000389606
0.4
-0.000389604
0.4
-0.000389602
0.4
-0.0003896
0.4
-0.000389596
0.4
-0.000389592
0.4
-0.000389587
0.400001
-0.000389582
0.400001
-0.000389575
0.400001
-0.000389568
0.400001
-0.000389561
0.400001
-0.000389557
0.400001
-0.000389558
0.400001
-0.00038957
0.400001
-0.000389603
0.399999
-0.000389674
0.399997
-0.00038981
0.399993
-0.000390058
0.399986
-0.000390501
0.399974
-0.000391287
0.399954
-0.000392732
0.399922
-0.000395388
0.39987
-0.000400278
0.399792
0.399713
-0.000368399
0.391324
-0.000465836
0.393425
-0.000543281
0.395487
-0.000595063
0.397107
-0.000627953
0.398233
-0.000648161
0.398976
-0.000660117
0.399462
-0.000666583
0.399771
-0.000669451
0.399964
-0.000670044
0.400078
-0.000669271
0.400141
-0.000667742
0.400169
-0.000665847
0.400177
-0.000663844
0.400172
-0.000661881
0.40016
-0.00066005
0.400144
-0.000658392
0.400127
-0.000656927
0.40011
-0.000655653
0.400095
-0.00065456
0.40008
-0.000653632
0.400067
-0.000652853
0.400056
-0.000652201
0.400046
-0.000651662
0.400038
-0.000651217
0.400031
-0.000650852
0.400026
-0.000650554
0.400021
-0.000650313
0.400017
-0.000650117
0.400013
-0.000649959
0.400011
-0.000649832
0.400009
-0.000649732
0.400007
-0.000649651
0.400005
-0.000649587
0.400004
-0.000649536
0.400003
-0.000649496
0.400003
-0.000649464
0.400002
-0.000649439
0.400002
-0.000649419
0.400001
-0.000649404
0.400001
-0.000649392
0.400001
-0.000649383
0.400001
-0.000649375
0.4
-0.00064937
0.4
-0.000649366
0.4
-0.000649362
0.4
-0.00064936
0.4
-0.000649358
0.4
-0.000649356
0.4
-0.000649355
0.4
-0.000649354
0.4
-0.000649354
0.4
-0.000649353
0.4
-0.000649353
0.4
-0.000649352
0.4
-0.000649352
0.4
-0.000649352
0.4
-0.000649352
0.4
-0.000649351
0.4
-0.000649351
0.4
-0.000649351
0.4
-0.000649351
0.4
-0.000649351
0.4
-0.000649351
0.4
-0.000649351
0.4
-0.000649351
0.4
-0.000649351
0.4
-0.000649351
0.4
-0.00064935
0.4
-0.000649351
0.4
-0.00064935
0.4
-0.00064935
0.4
-0.000649349
0.4
-0.000649348
0.4
-0.000649347
0.4
-0.000649345
0.4
-0.000649343
0.4
-0.00064934
0.4
-0.000649337
0.4
-0.000649333
0.4
-0.000649327
0.4
-0.000649321
0.4
-0.000649312
0.400001
-0.000649302
0.400001
-0.000649291
0.400001
-0.000649279
0.400001
-0.000649268
0.400001
-0.000649261
0.400001
-0.000649262
0.400001
-0.000649282
0.400001
-0.000649336
0.4
-0.000649451
0.399997
-0.000649674
0.399993
-0.00065008
0.399986
-0.000650807
0.399975
-0.000652097
0.399956
-0.000654466
0.399924
-0.000658818
0.399875
-0.000666838
0.3998
0.399725
-0.000517754
0.391458
-0.000654517
0.393562
-0.000762536
0.395595
-0.000834504
0.397178
-0.000880138
0.398278
-0.000908131
0.399004
-0.000924648
0.399478
-0.000933538
0.39978
-0.000937438
0.399968
-0.000938189
0.400079
-0.000937053
0.400139
-0.000934875
0.400167
-0.0009322
0.400174
-0.00092938
0.400169
-0.000926624
0.400157
-0.000924055
0.400142
-0.000921733
0.400125
-0.000919681
0.400108
-0.000917898
0.400093
-0.000916369
0.400079
-0.000915072
0.400066
-0.000913981
0.400055
-0.000913071
0.400046
-0.000912317
0.400037
-0.000911695
0.400031
-0.000911186
0.400025
-0.00091077
0.40002
-0.000910433
0.400016
-0.000910159
0.400013
-0.00090994
0.400011
-0.000909763
0.400008
-0.000909622
0.400007
-0.000909509
0.400005
-0.00090942
0.400004
-0.000909349
0.400003
-0.000909293
0.400003
-0.000909248
0.400002
-0.000909214
0.400002
-0.000909186
0.400001
-0.000909165
0.400001
-0.000909148
0.400001
-0.000909136
0.400001
-0.000909125
0.4
-0.000909118
0.4
-0.000909111
0.4
-0.000909107
0.4
-0.000909103
0.4
-0.000909101
0.4
-0.000909098
0.4
-0.000909097
0.4
-0.000909095
0.4
-0.000909095
0.4
-0.000909094
0.4
-0.000909094
0.4
-0.000909093
0.4
-0.000909093
0.4
-0.000909092
0.4
-0.000909092
0.4
-0.000909092
0.4
-0.000909092
0.4
-0.000909091
0.4
-0.000909091
0.4
-0.000909091
0.4
-0.000909091
0.4
-0.000909091
0.4
-0.000909091
0.4
-0.000909091
0.4
-0.000909091
0.4
-0.00090909
0.4
-0.00090909
0.4
-0.00090909
0.4
-0.000909089
0.4
-0.000909088
0.4
-0.000909087
0.4
-0.000909085
0.4
-0.000909083
0.4
-0.00090908
0.4
-0.000909076
0.4
-0.000909071
0.4
-0.000909066
0.4
-0.000909058
0.4
-0.000909049
0.4
-0.000909037
0.400001
-0.000909023
0.400001
-0.000909007
0.400001
-0.000908991
0.400001
-0.000908975
0.400001
-0.000908964
0.400001
-0.000908965
0.400001
-0.000908991
0.400001
-0.000909063
0.4
-0.00090922
0.399998
-0.000909524
0.399994
-0.000910079
0.399987
-0.000911073
0.399976
-0.000912835
0.399957
-0.00091607
0.399927
-0.000922009
0.399881
-0.000932966
0.399811
0.399742
-0.000669191
0.391632
-0.000845585
0.393738
-0.000983736
0.395734
-0.00107536
0.39727
-0.00113332
0.398336
-0.0011688
0.39904
-0.00118966
0.399499
-0.00120081
0.399791
-0.00120563
0.399973
-0.00120646
0.40008
-0.00120491
0.400138
-0.00120204
0.400164
-0.00119856
0.400171
-0.00119491
0.400166
-0.00119136
0.400154
-0.00118805
0.400138
-0.00118506
0.400122
-0.00118242
0.400106
-0.00118013
0.40009
-0.00117816
0.400077
-0.0011765
0.400064
-0.0011751
0.400054
-0.00117393
0.400044
-0.00117296
0.400036
-0.00117217
0.40003
-0.00117151
0.400024
-0.00117098
0.40002
-0.00117055
0.400016
-0.0011702
0.400013
-0.00116992
0.40001
-0.00116969
0.400008
-0.00116951
0.400007
-0.00116937
0.400005
-0.00116925
0.400004
-0.00116916
0.400003
-0.00116909
0.400003
-0.00116903
0.400002
-0.00116899
0.400002
-0.00116895
0.400001
-0.00116893
0.400001
-0.0011689
0.400001
-0.00116889
0.400001
-0.00116887
0.4
-0.00116887
0.4
-0.00116886
0.4
-0.00116885
0.4
-0.00116885
0.4
-0.00116884
0.4
-0.00116884
0.4
-0.00116884
0.4
-0.00116884
0.4
-0.00116884
0.4
-0.00116883
0.4
-0.00116883
0.4
-0.00116883
0.4
-0.00116883
0.4
-0.00116883
0.4
-0.00116883
0.4
-0.00116883
0.4
-0.00116883
0.4
-0.00116883
0.4
-0.00116883
0.4
-0.00116883
0.4
-0.00116883
0.4
-0.00116883
0.4
-0.00116883
0.4
-0.00116883
0.4
-0.00116883
0.4
-0.00116883
0.4
-0.00116883
0.4
-0.00116883
0.4
-0.00116883
0.4
-0.00116883
0.4
-0.00116883
0.4
-0.00116882
0.4
-0.00116882
0.4
-0.00116882
0.4
-0.00116881
0.4
-0.00116881
0.4
-0.0011688
0.4
-0.00116879
0.4
-0.00116878
0.4
-0.00116876
0.400001
-0.00116874
0.400001
-0.00116872
0.400001
-0.0011687
0.400001
-0.00116868
0.400001
-0.00116867
0.400001
-0.00116867
0.400001
-0.0011687
0.400001
-0.00116879
0.4
-0.00116898
0.399998
-0.00116936
0.399994
-0.00117005
0.399988
-0.00117128
0.399977
-0.00117348
0.39996
-0.0011775
0.399931
-0.00118487
0.399888
-0.0011985
0.399825
0.399764
-0.00082344
0.391848
-0.00103978
0.393955
-0.00120745
0.395901
-0.00131802
0.397381
-0.00138778
0.398406
-0.00143037
0.399083
-0.00145528
0.399524
-0.00146849
0.399804
-0.00147408
0.399978
-0.00147488
0.400081
-0.00147285
0.400136
-0.00146926
0.400161
-0.00146494
0.400167
-0.00146045
0.400161
-0.00145608
0.400149
-0.00145202
0.400134
-0.00144836
0.400118
-0.00144513
0.400102
-0.00144233
0.400088
-0.00143994
0.400074
-0.00143791
0.400062
-0.0014362
0.400052
-0.00143478
0.400043
-0.0014336
0.400035
-0.00143263
0.400029
-0.00143183
0.400024
-0.00143118
0.400019
-0.00143066
0.400015
-0.00143023
0.400012
-0.00142989
0.40001
-0.00142961
0.400008
-0.0014294
0.400006
-0.00142922
0.400005
-0.00142908
0.400004
-0.00142897
0.400003
-0.00142888
0.400002
-0.00142881
0.400002
-0.00142876
0.400002
-0.00142872
0.400001
-0.00142869
0.400001
-0.00142866
0.400001
-0.00142864
0.400001
-0.00142862
0.4
-0.00142861
0.4
-0.0014286
0.4
-0.0014286
0.4
-0.00142859
0.4
-0.00142859
0.4
-0.00142858
0.4
-0.00142858
0.4
-0.00142858
0.4
-0.00142858
0.4
-0.00142857
0.4
-0.00142857
0.4
-0.00142857
0.4
-0.00142857
0.4
-0.00142857
0.4
-0.00142857
0.4
-0.00142857
0.4
-0.00142857
0.4
-0.00142857
0.4
-0.00142857
0.4
-0.00142857
0.4
-0.00142857
0.4
-0.00142857
0.4
-0.00142857
0.4
-0.00142857
0.4
-0.00142857
0.4
-0.00142857
0.4
-0.00142857
0.4
-0.00142857
0.4
-0.00142857
0.4
-0.00142857
0.4
-0.00142856
0.4
-0.00142856
0.4
-0.00142856
0.4
-0.00142855
0.4
-0.00142855
0.4
-0.00142854
0.4
-0.00142853
0.4
-0.00142852
0.4
-0.0014285
0.4
-0.00142849
0.400001
-0.00142846
0.400001
-0.00142844
0.400001
-0.00142841
0.400001
-0.00142839
0.400001
-0.00142837
0.400001
-0.00142836
0.400001
-0.0014284
0.400001
-0.0014285
0.4
-0.00142872
0.399998
-0.00142917
0.399994
-0.00142998
0.399989
-0.00143143
0.399979
-0.001434
0.399962
-0.0014387
0.399936
-0.00144732
0.399897
-0.00146327
0.399841
0.399789
-0.000981342
0.392109
-0.00123789
0.394211
-0.00143423
0.396098
-0.00156288
0.397509
-0.00164378
0.398487
-0.00169301
0.399132
-0.00172163
0.399553
-0.00173665
0.399819
-0.00174283
0.399985
-0.0017435
0.400081
-0.00174089
0.400133
-0.00173652
0.400156
-0.00173134
0.400162
-0.00172597
0.400156
-0.00172078
0.400144
-0.00171597
0.400129
-0.00171164
0.400114
-0.00170782
0.400099
-0.00170452
0.400084
-0.00170169
0.400071
-0.00169929
0.40006
-0.00169728
0.40005
-0.0016956
0.400041
-0.00169422
0.400034
-0.00169308
0.400028
-0.00169214
0.400023
-0.00169138
0.400018
-0.00169076
0.400015
-0.00169026
0.400012
-0.00168986
0.40001
-0.00168953
0.400008
-0.00168928
0.400006
-0.00168907
0.400005
-0.00168891
0.400004
-0.00168878
0.400003
-0.00168868
0.400002
-0.0016886
0.400002
-0.00168853
0.400001
-0.00168848
0.400001
-0.00168844
0.400001
-0.00168841
0.400001
-0.00168839
0.400001
-0.00168837
0.4
-0.00168836
0.4
-0.00168835
0.4
-0.00168834
0.4
-0.00168833
0.4
-0.00168833
0.4
-0.00168832
0.4
-0.00168832
0.4
-0.00168832
0.4
-0.00168832
0.4
-0.00168831
0.4
-0.00168831
0.4
-0.00168831
0.4
-0.00168831
0.4
-0.00168831
0.4
-0.00168831
0.4
-0.00168831
0.4
-0.00168831
0.4
-0.00168831
0.4
-0.00168831
0.4
-0.00168831
0.4
-0.00168831
0.4
-0.00168831
0.4
-0.00168831
0.4
-0.00168831
0.4
-0.00168831
0.4
-0.00168831
0.4
-0.00168831
0.4
-0.00168831
0.4
-0.00168831
0.4
-0.0016883
0.4
-0.0016883
0.4
-0.0016883
0.4
-0.0016883
0.4
-0.00168829
0.4
-0.00168828
0.4
-0.00168827
0.4
-0.00168826
0.4
-0.00168825
0.4
-0.00168823
0.4
-0.00168821
0.400001
-0.00168819
0.400001
-0.00168816
0.400001
-0.00168812
0.400001
-0.00168809
0.400001
-0.00168807
0.400001
-0.00168806
0.400001
-0.00168809
0.400001
-0.0016882
0.4
-0.00168845
0.399998
-0.00168895
0.399995
-0.00168986
0.399989
-0.00169149
0.39998
-0.00169438
0.399965
-0.00169965
0.399941
-0.00170929
0.399906
-0.00172715
0.399859
0.399816
-0.00114388
0.392416
-0.00144073
0.394508
-0.00166465
0.396322
-0.00181034
0.397655
-0.0019016
0.398578
-0.00195692
0.399187
-0.00198884
0.399585
-0.00200537
0.399836
-0.00201194
0.399991
-0.00201232
0.400082
-0.00200906
0.40013
-0.00200384
0.400151
-0.00199775
0.400155
-0.00199149
0.40015
-0.00198546
0.400138
-0.00197988
0.400124
-0.00197488
0.400109
-0.00197048
0.400094
-0.00196666
0.400081
-0.00196341
0.400068
-0.00196065
0.400057
-0.00195834
0.400048
-0.00195641
0.400039
-0.00195482
0.400032
-0.00195351
0.400026
-0.00195244
0.400022
-0.00195156
0.400017
-0.00195085
0.400014
-0.00195028
0.400011
-0.00194982
0.400009
-0.00194945
0.400007
-0.00194915
0.400006
-0.00194892
0.400005
-0.00194873
0.400004
-0.00194858
0.400003
-0.00194846
0.400002
-0.00194837
0.400002
-0.0019483
0.400001
-0.00194824
0.400001
-0.0019482
0.400001
-0.00194816
0.400001
-0.00194814
0.400001
-0.00194812
0.4
-0.0019481
0.4
-0.00194809
0.4
-0.00194808
0.4
-0.00194807
0.4
-0.00194807
0.4
-0.00194806
0.4
-0.00194806
0.4
-0.00194806
0.4
-0.00194805
0.4
-0.00194805
0.4
-0.00194805
0.4
-0.00194805
0.4
-0.00194805
0.4
-0.00194805
0.4
-0.00194805
0.4
-0.00194805
0.4
-0.00194805
0.4
-0.00194805
0.4
-0.00194805
0.4
-0.00194805
0.4
-0.00194805
0.4
-0.00194805
0.4
-0.00194805
0.4
-0.00194805
0.4
-0.00194805
0.4
-0.00194805
0.4
-0.00194804
0.4
-0.00194804
0.4
-0.00194804
0.4
-0.00194804
0.4
-0.00194804
0.4
-0.00194803
0.4
-0.00194803
0.4
-0.00194802
0.4
-0.00194802
0.4
-0.00194801
0.4
-0.00194799
0.4
-0.00194798
0.4
-0.00194796
0.4
-0.00194793
0.400001
-0.0019479
0.400001
-0.00194787
0.400001
-0.00194783
0.400001
-0.00194779
0.400001
-0.00194776
0.400001
-0.00194775
0.400001
-0.00194778
0.400001
-0.0019479
0.4
-0.00194816
0.399998
-0.0019487
0.399996
-0.00194969
0.39999
-0.00195146
0.399982
-0.0019546
0.399968
-0.00196031
0.399947
-0.00197071
0.399917
-0.00199
0.399878
0.399846
-0.00131224
0.392774
-0.00164921
0.394845
-0.00189929
0.396572
-0.00206076
0.397816
-0.00216149
0.398679
-0.00222226
0.399248
-0.00225701
0.399619
-0.00227472
0.399854
-0.00228144
0.399998
-0.00228138
0.400082
-0.00227735
0.400126
-0.00227121
0.400145
-0.00226418
0.400148
-0.00225699
0.400142
-0.0022501
0.400131
-0.00224376
0.400118
-0.00223808
0.400103
-0.00223309
0.400089
-0.00222877
0.400076
-0.00222509
0.400064
-0.00222197
0.400054
-0.00221936
0.400045
-0.00221719
0.400037
-0.0022154
0.400031
-0.00221392
0.400025
-0.00221271
0.40002
-0.00221172
0.400016
-0.00221093
0.400013
-0.00221028
0.400011
-0.00220976
0.400009
-0.00220935
0.400007
-0.00220902
0.400005
-0.00220875
0.400004
-0.00220854
0.400003
-0.00220838
0.400003
-0.00220825
0.400002
-0.00220814
0.400002
-0.00220806
0.400001
-0.002208
0.400001
-0.00220795
0.400001
-0.00220791
0.400001
-0.00220788
0.4
-0.00220786
0.4
-0.00220784
0.4
-0.00220782
0.4
-0.00220781
0.4
-0.0022078
0.4
-0.0022078
0.4
-0.00220779
0.4
-0.00220779
0.4
-0.00220779
0.4
-0.00220779
0.4
-0.00220778
0.4
-0.00220778
0.4
-0.00220778
0.4
-0.00220778
0.4
-0.00220778
0.4
-0.00220778
0.4
-0.00220778
0.4
-0.00220778
0.4
-0.00220778
0.4
-0.00220778
0.4
-0.00220778
0.4
-0.00220778
0.4
-0.00220778
0.4
-0.00220778
0.4
-0.00220778
0.4
-0.00220778
0.4
-0.00220778
0.4
-0.00220778
0.4
-0.00220777
0.4
-0.00220777
0.4
-0.00220777
0.4
-0.00220777
0.4
-0.00220776
0.4
-0.00220776
0.4
-0.00220775
0.4
-0.00220774
0.4
-0.00220773
0.4
-0.00220772
0.4
-0.0022077
0.4
-0.00220768
0.4
-0.00220765
0.4
-0.00220762
0.400001
-0.00220758
0.400001
-0.00220753
0.400001
-0.00220749
0.400001
-0.00220745
0.400001
-0.00220743
0.400001
-0.00220746
0.400001
-0.00220757
0.4
-0.00220785
0.399999
-0.00220841
0.399996
-0.00220945
0.399991
-0.00221133
0.399984
-0.00221464
0.399972
-0.00222064
0.399953
-0.00223152
0.399928
-0.00225169
0.399898
0.399878
-0.00148781
0.393186
-0.00186424
0.395222
-0.00213869
0.396846
-0.00231453
0.397992
-0.00242368
0.398788
-0.00248918
0.399313
-0.00252623
0.399656
-0.00254474
0.399872
-0.00255136
0.400004
-0.00255068
0.400081
-0.00254576
0.400121
-0.00253863
0.400138
-0.0025306
0.40014
-0.00252246
0.400134
-0.0025147
0.400123
-0.00250758
0.40011
-0.00250121
0.400097
-0.00249563
0.400084
-0.00249082
0.400071
-0.00248671
0.40006
-0.00248325
0.400051
-0.00248034
0.400042
-0.00247793
0.400035
-0.00247593
0.400029
-0.00247429
0.400023
-0.00247295
0.400019
-0.00247186
0.400015
-0.00247097
0.400012
-0.00247026
0.40001
-0.00246968
0.400008
-0.00246922
0.400006
-0.00246886
0.400005
-0.00246856
0.400004
-0.00246833
0.400003
-0.00246815
0.400003
-0.002468
0.400002
-0.00246789
0.400002
-0.0024678
0.400001
-0.00246773
0.400001
-0.00246768
0.400001
-0.00246763
0.400001
-0.0024676
0.4
-0.00246757
0.4
-0.00246755
0.4
-0.00246754
0.4
-0.00246753
0.4
-0.00246752
0.4
-0.00246751
0.4
-0.00246751
0.4
-0.0024675
0.4
-0.0024675
0.4
-0.0024675
0.4
-0.00246749
0.4
-0.00246749
0.4
-0.00246749
0.4
-0.00246749
0.4
-0.00246749
0.4
-0.00246749
0.4
-0.00246749
0.4
-0.00246749
0.4
-0.00246749
0.4
-0.00246749
0.4
-0.00246749
0.4
-0.00246749
0.4
-0.00246749
0.4
-0.00246749
0.4
-0.00246749
0.4
-0.00246749
0.4
-0.00246749
0.4
-0.00246749
0.4
-0.00246748
0.4
-0.00246748
0.4
-0.00246748
0.4
-0.00246748
0.4
-0.00246747
0.4
-0.00246747
0.4
-0.00246746
0.4
-0.00246745
0.4
-0.00246744
0.4
-0.00246742
0.4
-0.0024674
0.4
-0.00246738
0.4
-0.00246735
0.4
-0.00246731
0.400001
-0.00246726
0.400001
-0.00246721
0.400001
-0.00246716
0.400001
-0.00246711
0.400001
-0.00246709
0.400001
-0.00246711
0.400001
-0.00246722
0.4
-0.00246749
0.399999
-0.00246807
0.399997
-0.00246914
0.399993
-0.00247108
0.399986
-0.00247449
0.399975
-0.00248062
0.399959
-0.00249168
0.399939
-0.00251213
0.399919
0.39991
-0.00167227
0.393656
-0.00208679
0.395636
-0.00238338
0.397143
-0.00257194
0.398181
-0.00268838
0.398905
-0.0027578
0.399383
-0.00279656
0.399695
-0.00281547
0.399891
-0.0028217
0.400011
-0.0028202
0.400079
-0.00281426
0.400115
-0.00280606
0.40013
-0.00279697
0.400131
-0.00278785
0.400125
-0.0027792
0.400115
-0.00277129
0.400103
-0.00276424
0.40009
-0.00275808
0.400078
-0.00275276
0.400066
-0.00274824
0.400056
-0.00274442
0.400047
-0.00274123
0.400039
-0.00273857
0.400032
-0.00273638
0.400026
-0.00273458
0.400022
-0.00273311
0.400018
-0.00273192
0.400014
-0.00273095
0.400011
-0.00273017
0.400009
-0.00272954
0.400007
-0.00272903
0.400006
-0.00272863
0.400005
-0.00272831
0.400004
-0.00272806
0.400003
-0.00272786
0.400002
-0.0027277
0.400002
-0.00272758
0.400001
-0.00272748
0.400001
-0.0027274
0.400001
-0.00272734
0.400001
-0.0027273
0.400001
-0.00272726
0.4
-0.00272723
0.4
-0.00272721
0.4
-0.0027272
0.4
-0.00272718
0.4
-0.00272717
0.4
-0.00272717
0.4
-0.00272716
0.4
-0.00272716
0.4
-0.00272715
0.4
-0.00272715
0.4
-0.00272715
0.4
-0.00272715
0.4
-0.00272714
0.4
-0.00272714
0.4
-0.00272714
0.4
-0.00272714
0.4
-0.00272714
0.4
-0.00272714
0.4
-0.00272714
0.4
-0.00272714
0.4
-0.00272714
0.4
-0.00272714
0.4
-0.00272714
0.4
-0.00272714
0.4
-0.00272714
0.4
-0.00272714
0.4
-0.00272714
0.4
-0.00272714
0.4
-0.00272714
0.4
-0.00272713
0.4
-0.00272713
0.4
-0.00272713
0.4
-0.00272712
0.4
-0.00272712
0.4
-0.00272711
0.4
-0.0027271
0.4
-0.00272709
0.4
-0.00272707
0.4
-0.00272705
0.4
-0.00272702
0.4
-0.00272698
0.4
-0.00272694
0.400001
-0.00272689
0.400001
-0.00272684
0.400001
-0.00272678
0.400001
-0.00272672
0.400001
-0.00272668
0.400001
-0.00272669
0.400001
-0.00272679
0.4
-0.00272706
0.399999
-0.00272763
0.399997
-0.00272871
0.399994
-0.00273066
0.399988
-0.00273409
0.399978
-0.0027402
0.399965
-0.00275113
0.39995
-0.00277119
0.399939
0.399941
-0.00186755
0.394191
-0.00231781
0.396086
-0.00263382
0.397459
-0.00283324
0.39838
-0.00295567
0.399027
-0.00302812
0.399455
-0.00306797
0.399735
-0.00308682
0.39991
-0.00309235
0.400016
-0.00308984
0.400077
-0.00308275
0.400108
-0.00307338
0.40012
-0.00306318
0.400121
-0.00305304
0.400115
-0.00304348
0.400105
-0.00303478
0.400094
-0.00302704
0.400082
-0.00302029
0.400071
-0.00301448
0.40006
-0.00300954
0.400051
-0.00300538
0.400043
-0.0030019
0.400035
-0.00299901
0.400029
-0.00299663
0.400024
-0.00299468
0.40002
-0.00299308
0.400016
-0.00299178
0.400013
-0.00299073
0.40001
-0.00298989
0.400008
-0.00298921
0.400007
-0.00298866
0.400005
-0.00298823
0.400004
-0.00298788
0.400003
-0.00298761
0.400003
-0.00298739
0.400002
-0.00298722
0.400002
-0.00298709
0.400001
-0.00298698
0.400001
-0.0029869
0.400001
-0.00298684
0.400001
-0.00298679
0.4
-0.00298675
0.4
-0.00298672
0.4
-0.00298669
0.4
-0.00298668
0.4
-0.00298666
0.4
-0.00298665
0.4
-0.00298664
0.4
-0.00298664
0.4
-0.00298663
0.4
-0.00298663
0.4
-0.00298663
0.4
-0.00298662
0.4
-0.00298662
0.4
-0.00298662
0.4
-0.00298662
0.4
-0.00298662
0.4
-0.00298662
0.4
-0.00298662
0.4
-0.00298662
0.4
-0.00298662
0.4
-0.00298662
0.4
-0.00298662
0.4
-0.00298662
0.4
-0.00298662
0.4
-0.00298662
0.4
-0.00298662
0.4
-0.00298662
0.4
-0.00298661
0.4
-0.00298661
0.4
-0.00298661
0.4
-0.00298661
0.4
-0.00298661
0.4
-0.0029866
0.4
-0.0029866
0.4
-0.00298659
0.4
-0.00298658
0.4
-0.00298657
0.4
-0.00298656
0.4
-0.00298654
0.4
-0.00298652
0.4
-0.00298649
0.4
-0.00298645
0.4
-0.0029864
0.4
-0.00298635
0.400001
-0.00298628
0.400001
-0.00298622
0.400001
-0.00298615
0.400001
-0.0029861
0.400001
-0.00298609
0.400001
-0.00298618
0.4
-0.00298643
0.4
-0.00298698
0.399998
-0.00298804
0.399995
-0.00298997
0.39999
-0.00299334
0.399982
-0.00299928
0.399971
-0.00300974
0.39996
-0.00302872
0.399958
0.39997
-0.00207575
0.394795
-0.00255808
0.396569
-0.0028902
0.397791
-0.0030984
0.398589
-0.0032254
0.399154
-0.00329992
0.39953
-0.00334016
0.399775
-0.00335849
0.399928
-0.003363
0.400021
-0.00335924
0.400073
-0.00335086
0.4001
-0.00334024
0.40011
-0.00332887
0.40011
-0.00331767
0.400104
-0.00330719
0.400095
-0.00329767
0.400084
-0.00328925
0.400074
-0.00328191
0.400063
-0.00327562
0.400054
-0.00327027
0.400046
-0.00326577
0.400038
-0.00326201
0.400032
-0.00325889
0.400026
-0.00325633
0.400021
-0.00325422
0.400017
-0.0032525
0.400014
-0.00325111
0.400011
-0.00324998
0.400009
-0.00324907
0.400007
-0.00324834
0.400006
-0.00324775
0.400005
-0.00324729
0.400004
-0.00324692
0.400003
-0.00324662
0.400002
-0.00324639
0.400002
-0.00324621
0.400001
-0.00324607
0.400001
-0.00324595
0.400001
-0.00324587
0.400001
-0.0032458
0.400001
-0.00324575
0.4
-0.0032457
0.4
-0.00324567
0.4
-0.00324565
0.4
-0.00324563
0.4
-0.00324561
0.4
-0.0032456
0.4
-0.00324559
0.4
-0.00324559
0.4
-0.00324558
0.4
-0.00324558
0.4
-0.00324558
0.4
-0.00324557
0.4
-0.00324557
0.4
-0.00324557
0.4
-0.00324557
0.4
-0.00324557
0.4
-0.00324557
0.4
-0.00324557
0.4
-0.00324557
0.4
-0.00324557
0.4
-0.00324557
0.4
-0.00324557
0.4
-0.00324557
0.4
-0.00324557
0.4
-0.00324556
0.4
-0.00324556
0.4
-0.00324556
0.4
-0.00324556
0.4
-0.00324556
0.4
-0.00324556
0.4
-0.00324556
0.4
-0.00324555
0.4
-0.00324555
0.4
-0.00324555
0.4
-0.00324554
0.4
-0.00324553
0.4
-0.00324552
0.4
-0.0032455
0.4
-0.00324548
0.4
-0.00324546
0.4
-0.00324542
0.4
-0.00324538
0.4
-0.00324533
0.4
-0.00324527
0.400001
-0.0032452
0.400001
-0.00324513
0.400001
-0.00324505
0.400001
-0.00324499
0.400001
-0.00324496
0.400001
-0.00324502
0.4
-0.00324525
0.4
-0.00324577
0.399998
-0.00324679
0.399996
-0.00324865
0.399991
-0.00325189
0.399985
-0.00325751
0.399977
-0.00326719
0.39997
-0.00328435
0.399975
0.399996
-0.00229868
0.395472
-0.00280777
0.397078
-0.00315201
0.398135
-0.00336665
0.398803
-0.00349668
0.399284
-0.00357223
0.399605
-0.00361214
0.399815
-0.00362944
0.399946
-0.00363259
0.400024
-0.00362737
0.400068
-0.00361754
0.40009
-0.00360556
0.400098
-0.00359296
0.400097
-0.00358068
0.400092
-0.00356925
0.400083
-0.00355892
0.400074
-0.00354981
0.400065
-0.00354189
0.400056
-0.00353511
0.400047
-0.00352936
0.40004
-0.00352452
0.400033
-0.00352049
0.400028
-0.00351715
0.400023
-0.00351441
0.400019
-0.00351215
0.400015
-0.00351032
0.400012
-0.00350883
0.40001
-0.00350762
0.400008
-0.00350665
0.400006
-0.00350588
0.400005
-0.00350525
0.400004
-0.00350476
0.400003
-0.00350436
0.400003
-0.00350405
0.400002
-0.00350381
0.400002
-0.00350361
0.400001
-0.00350346
0.400001
-0.00350334
0.400001
-0.00350325
0.400001
-0.00350318
0.4
-0.00350312
0.4
-0.00350308
0.4
-0.00350304
0.4
-0.00350302
0.4
-0.003503
0.4
-0.00350298
0.4
-0.00350297
0.4
-0.00350296
0.4
-0.00350295
0.4
-0.00350295
0.4
-0.00350294
0.4
-0.00350294
0.4
-0.00350294
0.4
-0.00350294
0.4
-0.00350293
0.4
-0.00350293
0.4
-0.00350293
0.4
-0.00350293
0.4
-0.00350293
0.4
-0.00350293
0.4
-0.00350293
0.4
-0.00350293
0.4
-0.00350293
0.4
-0.00350293
0.4
-0.00350293
0.4
-0.00350293
0.4
-0.00350293
0.4
-0.00350293
0.4
-0.00350293
0.4
-0.00350293
0.4
-0.00350292
0.4
-0.00350292
0.4
-0.00350292
0.4
-0.00350292
0.4
-0.00350291
0.4
-0.0035029
0.4
-0.00350289
0.4
-0.00350288
0.4
-0.00350286
0.4
-0.00350284
0.4
-0.00350282
0.4
-0.00350278
0.4
-0.00350274
0.4
-0.00350268
0.4
-0.00350262
0.4
-0.00350254
0.400001
-0.00350245
0.400001
-0.00350236
0.400001
-0.00350228
0.400001
-0.00350224
0.400001
-0.00350228
0.400001
-0.00350247
0.4
-0.00350294
0.399999
-0.00350389
0.399997
-0.00350565
0.399993
-0.00350869
0.399988
-0.00351386
0.399982
-0.00352247
0.399978
-0.00353706
0.399989
0.400017
-0.00253647
0.396224
-0.00306505
0.397606
-0.00341659
0.398487
-0.00363502
0.399022
-0.00376646
0.399415
-0.00384193
0.399681
-0.00388077
0.399854
-0.00389652
0.399961
-0.00389796
0.400025
-0.00389104
0.400061
-0.00387962
0.400078
-0.00386618
0.400084
-0.0038523
0.400083
-0.0038389
0.400078
-0.00382649
0.400071
-0.00381535
0.400063
-0.00380554
0.400055
-0.00379705
0.400047
-0.00378978
0.40004
-0.00378363
0.400034
-0.00377848
0.400028
-0.00377418
0.400023
-0.00377063
0.400019
-0.0037677
0.400016
-0.00376531
0.400013
-0.00376336
0.40001
-0.00376178
0.400008
-0.0037605
0.400007
-0.00375947
0.400005
-0.00375865
0.400004
-0.00375799
0.400003
-0.00375747
0.400003
-0.00375705
0.400002
-0.00375673
0.400002
-0.00375647
0.400001
-0.00375626
0.400001
-0.0037561
0.400001
-0.00375598
0.400001
-0.00375588
0.400001
-0.0037558
0.4
-0.00375574
0.4
-0.0037557
0.4
-0.00375566
0.4
-0.00375564
0.4
-0.00375561
0.4
-0.0037556
0.4
-0.00375559
0.4
-0.00375558
0.4
-0.00375557
0.4
-0.00375556
0.4
-0.00375556
0.4
-0.00375556
0.4
-0.00375555
0.4
-0.00375555
0.4
-0.00375555
0.4
-0.00375555
0.4
-0.00375555
0.4
-0.00375555
0.4
-0.00375555
0.4
-0.00375555
0.4
-0.00375555
0.4
-0.00375555
0.4
-0.00375555
0.4
-0.00375554
0.4
-0.00375554
0.4
-0.00375554
0.4
-0.00375554
0.4
-0.00375554
0.4
-0.00375554
0.4
-0.00375554
0.4
-0.00375554
0.4
-0.00375554
0.4
-0.00375553
0.4
-0.00375553
0.4
-0.00375552
0.4
-0.00375552
0.4
-0.00375551
0.4
-0.00375549
0.4
-0.00375548
0.4
-0.00375545
0.4
-0.00375542
0.4
-0.00375539
0.4
-0.00375534
0.4
-0.00375528
0.4
-0.00375521
0.4
-0.00375513
0.4
-0.00375503
0.400001
-0.00375493
0.400001
-0.00375483
0.400001
-0.00375476
0.400001
-0.00375477
0.400001
-0.00375491
0.4
-0.00375533
0.399999
-0.00375619
0.399998
-0.00375781
0.399995
-0.00376061
0.399991
-0.00376522
0.399987
-0.00377249
0.399986
-0.00378376
0.400001
0.400032
-0.00278332
0.397047
-0.00332199
0.398145
-0.00367486
0.398839
-0.00389413
0.399241
-0.00402525
0.399547
-0.00409951
0.399755
-0.00413651
0.399891
-0.0041502
0.399975
-0.00414957
0.400025
-0.00414072
0.400052
-0.00412755
0.400065
-0.00411257
0.400069
-0.00409734
0.400068
-0.00408278
0.400064
-0.0040694
0.400058
-0.00405743
0.400051
-0.00404693
0.400044
-0.00403787
0.400038
-0.00403013
0.400032
-0.00402359
0.400027
-0.00401812
0.400023
-0.00401357
0.400019
-0.0040098
0.400015
-0.00400671
0.400013
-0.00400418
0.40001
-0.00400212
0.400008
-0.00400046
0.400007
-0.00399911
0.400005
-0.00399803
0.400004
-0.00399716
0.400003
-0.00399647
0.400003
-0.00399592
0.400002
-0.00399549
0.400002
-0.00399514
0.400001
-0.00399487
0.400001
-0.00399466
0.400001
-0.00399449
0.400001
-0.00399436
0.400001
-0.00399426
0.4
-0.00399418
0.4
-0.00399411
0.4
-0.00399407
0.4
-0.00399403
0.4
-0.003994
0.4
-0.00399398
0.4
-0.00399396
0.4
-0.00399395
0.4
-0.00399394
0.4
-0.00399393
0.4
-0.00399393
0.4
-0.00399392
0.4
-0.00399392
0.4
-0.00399392
0.4
-0.00399391
0.4
-0.00399391
0.4
-0.00399391
0.4
-0.00399391
0.4
-0.00399391
0.4
-0.00399391
0.4
-0.00399391
0.4
-0.00399391
0.4
-0.00399391
0.4
-0.00399391
0.4
-0.00399391
0.4
-0.00399391
0.4
-0.00399391
0.4
-0.00399391
0.4
-0.0039939
0.4
-0.0039939
0.4
-0.0039939
0.4
-0.0039939
0.4
-0.0039939
0.4
-0.00399389
0.4
-0.00399389
0.4
-0.00399388
0.4
-0.00399388
0.4
-0.00399387
0.4
-0.00399385
0.4
-0.00399383
0.4
-0.00399381
0.4
-0.00399378
0.4
-0.00399374
0.4
-0.00399369
0.4
-0.00399363
0.4
-0.00399355
0.4
-0.00399346
0.4
-0.00399335
0.4
-0.00399324
0.400001
-0.00399312
0.400001
-0.00399303
0.400001
-0.003993
0.4
-0.00399309
0.4
-0.00399343
0.4
-0.00399419
0.399998
-0.00399565
0.399996
-0.00399816
0.399993
-0.00400214
0.399991
-0.00400787
0.399991
-0.00401511
0.400008
0.40004
-0.00301465
0.397919
-0.00355196
0.398682
-0.00389855
0.399186
-0.00411536
0.399458
-0.00424444
0.399676
-0.00431635
0.399827
-0.00435076
0.399925
-0.00436185
0.399986
-0.00435883
0.400022
-0.00434783
0.400041
-0.00433277
0.40005
-0.00431616
0.400053
-0.00429954
0.400051
-0.00428381
0.400048
-0.00426944
0.400043
-0.00425664
0.400038
-0.00424546
0.400033
-0.00423583
0.400028
-0.00422763
0.400024
-0.00422072
0.40002
-0.00421494
0.400017
-0.00421013
0.400014
-0.00420617
0.400011
-0.00420292
0.400009
-0.00420026
0.400008
-0.0041981
0.400006
-0.00419636
0.400005
-0.00419495
0.400004
-0.00419381
0.400003
-0.00419291
0.400003
-0.00419219
0.400002
-0.00419161
0.400002
-0.00419116
0.400001
-0.0041908
0.400001
-0.00419051
0.400001
-0.00419029
0.400001
-0.00419012
0.4
-0.00418998
0.4
-0.00418987
0.4
-0.00418979
0.4
-0.00418973
0.4
-0.00418968
0.4
-0.00418964
0.4
-0.00418961
0.4
-0.00418959
0.4
-0.00418957
0.4
-0.00418956
0.4
-0.00418955
0.4
-0.00418954
0.4
-0.00418953
0.4
-0.00418953
0.4
-0.00418952
0.4
-0.00418952
0.4
-0.00418952
0.4
-0.00418952
0.4
-0.00418952
0.4
-0.00418952
0.4
-0.00418952
0.4
-0.00418952
0.4
-0.00418952
0.4
-0.00418951
0.4
-0.00418951
0.4
-0.00418951
0.4
-0.00418951
0.4
-0.00418951
0.4
-0.00418951
0.4
-0.00418951
0.4
-0.00418951
0.4
-0.00418951
0.4
-0.00418951
0.4
-0.00418951
0.4
-0.0041895
0.4
-0.0041895
0.4
-0.0041895
0.4
-0.00418949
0.4
-0.00418948
0.4
-0.00418947
0.4
-0.00418946
0.4
-0.00418944
0.4
-0.00418941
0.4
-0.00418938
0.4
-0.00418934
0.4
-0.00418929
0.4
-0.00418922
0.4
-0.00418914
0.4
-0.00418904
0.4
-0.00418893
0.4
-0.00418879
0.4
-0.00418866
0.4
-0.00418854
0.4
-0.00418846
0.4
-0.0041885
0.4
-0.00418875
0.4
-0.0041894
0.399999
-0.00419066
0.399998
-0.00419287
0.399996
-0.00419618
0.399994
-0.00420028
0.399996
-0.00420299
0.400011
0.40004
-0.00314937
0.398791
-0.00367178
0.399205
-0.00400198
0.399516
-0.00421266
0.399668
-0.00433804
0.399801
-0.00440646
0.399895
-0.00443758
0.399956
-0.00444561
0.399994
-0.00443991
0.400016
-0.00442659
0.400028
-0.00440955
0.400033
-0.00439127
0.400034
-0.00437324
0.400033
-0.00435633
0.400031
-0.00434098
0.400028
-0.00432738
0.400025
-0.00431554
0.400021
-0.00430536
0.400018
-0.00429673
0.400015
-0.00428946
0.400013
-0.00428339
0.400011
-0.00427835
0.400009
-0.00427421
0.400007
-0.0042708
0.400006
-0.00426803
0.400005
-0.00426578
0.400004
-0.00426396
0.400003
-0.00426249
0.400003
-0.00426131
0.400002
-0.00426037
0.400002
-0.00425962
0.400001
-0.00425902
0.400001
-0.00425855
0.400001
-0.00425818
0.400001
-0.00425789
0.400001
-0.00425766
0.4
-0.00425748
0.4
-0.00425733
0.4
-0.00425722
0.4
-0.00425714
0.4
-0.00425707
0.4
-0.00425702
0.4
-0.00425698
0.4
-0.00425695
0.4
-0.00425693
0.4
-0.00425691
0.4
-0.0042569
0.4
-0.00425689
0.4
-0.00425688
0.4
-0.00425687
0.4
-0.00425687
0.4
-0.00425686
0.4
-0.00425686
0.4
-0.00425686
0.4
-0.00425686
0.4
-0.00425686
0.4
-0.00425686
0.4
-0.00425686
0.4
-0.00425686
0.4
-0.00425686
0.4
-0.00425685
0.4
-0.00425685
0.4
-0.00425685
0.4
-0.00425685
0.4
-0.00425685
0.4
-0.00425685
0.4
-0.00425685
0.4
-0.00425685
0.4
-0.00425685
0.4
-0.00425685
0.4
-0.00425685
0.4
-0.00425684
0.4
-0.00425684
0.4
-0.00425684
0.4
-0.00425683
0.4
-0.00425682
0.4
-0.00425681
0.4
-0.0042568
0.4
-0.00425678
0.4
-0.00425675
0.4
-0.00425672
0.4
-0.00425667
0.4
-0.00425662
0.4
-0.00425655
0.4
-0.00425646
0.4
-0.00425636
0.4
-0.00425623
0.4
-0.00425608
0.4
-0.00425593
0.4
-0.00425577
0.4
-0.00425566
0.4
-0.00425563
0.4
-0.00425579
0.4
-0.0042563
0.399999
-0.00425737
0.399999
-0.00425926
0.399997
-0.00426193
0.399997
-0.00426448
0.399998
-0.00426272
0.400009
0.400031
-0.00293868
0.399565
-0.00342631
0.399692
-0.00372745
0.399817
-0.00392797
0.399869
-0.00404814
0.399921
-0.00411197
0.399959
-0.00413922
0.399984
-0.00414388
0.399999
-0.00413538
0.400007
-0.00411971
0.400012
-0.00410073
0.400014
-0.00408083
0.400014
-0.00406147
0.400014
-0.00404346
0.400013
-0.00402721
0.400012
-0.00401287
0.40001
-0.00400043
0.400009
-0.00398978
0.400008
-0.00398075
0.400006
-0.00397317
0.400005
-0.00396685
0.400004
-0.00396162
0.400004
-0.00395731
0.400003
-0.00395378
0.400002
-0.00395091
0.400002
-0.00394858
0.400002
-0.0039467
0.400001
-0.00394518
0.400001
-0.00394397
0.400001
-0.003943
0.400001
-0.00394223
0.400001
-0.00394162
0.4
-0.00394113
0.4
-0.00394075
0.4
-0.00394045
0.4
-0.00394021
0.4
-0.00394003
0.4
-0.00393988
0.4
-0.00393977
0.4
-0.00393969
0.4
-0.00393962
0.4
-0.00393957
0.4
-0.00393953
0.4
-0.00393949
0.4
-0.00393947
0.4
-0.00393945
0.4
-0.00393944
0.4
-0.00393943
0.4
-0.00393942
0.4
-0.00393941
0.4
-0.00393941
0.4
-0.0039394
0.4
-0.0039394
0.4
-0.0039394
0.4
-0.0039394
0.4
-0.0039394
0.4
-0.0039394
0.4
-0.0039394
0.4
-0.00393939
0.4
-0.00393939
0.4
-0.00393939
0.4
-0.00393939
0.4
-0.00393939
0.4
-0.00393939
0.4
-0.00393939
0.4
-0.00393939
0.4
-0.00393939
0.4
-0.00393939
0.4
-0.00393939
0.4
-0.00393939
0.4
-0.00393939
0.4
-0.00393938
0.4
-0.00393938
0.4
-0.00393937
0.4
-0.00393937
0.4
-0.00393936
0.4
-0.00393935
0.4
-0.00393933
0.4
-0.00393931
0.4
-0.00393929
0.4
-0.00393925
0.4
-0.00393921
0.4
-0.00393915
0.4
-0.00393908
0.4
-0.00393899
0.4
-0.00393888
0.4
-0.00393874
0.4
-0.00393858
0.4
-0.0039384
0.4
-0.00393822
0.4
-0.00393806
0.4
-0.00393796
0.4
-0.00393803
0.4
-0.0039384
0.4
-0.00393927
0.4
-0.00394085
0.399999
-0.00394297
0.399999
-0.00394433
0.399999
-0.00393944
0.400004
0.400014
-0.00185725
-0.00216491
-0.00234753
-0.00247867
-0.00255746
-0.00259828
-0.00261457
-0.00261574
-0.00260829
-0.00259622
-0.00258215
-0.00256765
-0.0025537
-0.00254081
-0.00252924
-0.00251908
-0.00251028
-0.00250277
-0.00249642
-0.0024911
-0.00248667
-0.002483
-0.00247999
-0.00247753
-0.00247553
-0.00247391
-0.0024726
-0.00247154
-0.0024707
-0.00247003
-0.00246949
-0.00246907
-0.00246873
-0.00246847
-0.00246826
-0.0024681
-0.00246797
-0.00246787
-0.00246779
-0.00246773
-0.00246769
-0.00246765
-0.00246762
-0.0024676
-0.00246759
-0.00246757
-0.00246756
-0.00246756
-0.00246755
-0.00246755
-0.00246754
-0.00246754
-0.00246754
-0.00246754
-0.00246754
-0.00246753
-0.00246753
-0.00246753
-0.00246753
-0.00246753
-0.00246753
-0.00246753
-0.00246753
-0.00246753
-0.00246753
-0.00246753
-0.00246753
-0.00246753
-0.00246753
-0.00246753
-0.00246753
-0.00246752
-0.00246752
-0.00246752
-0.00246751
-0.00246751
-0.0024675
-0.00246749
-0.00246748
-0.00246746
-0.00246744
-0.0024674
-0.00246736
-0.00246731
-0.00246725
-0.00246717
-0.00246707
-0.00246696
-0.00246682
-0.00246668
-0.00246655
-0.00246645
-0.00246644
-0.00246662
-0.0024671
-0.00246804
-0.00246926
-0.00246981
-0.00246583
)
;

boundaryField
{
    inlet
    {
        type            calculated;
        value           nonuniform List<scalar> 
40
(
-0.00142244
-0.00216487
-0.00227739
-0.00214212
-0.00196082
-0.001784
-0.00162132
-0.00147194
-0.00133295
-0.00120165
-0.00107603
-0.000954652
-0.0008365
-0.000720834
-0.000607099
-0.000494866
-0.000383782
-0.00027355
-0.000163904
-5.46035e-05
5.45838e-05
0.000163885
0.000273531
0.000383764
0.000494849
0.000607084
0.00072082
0.000836488
0.000954642
0.00107602
0.00120164
0.00133294
0.00147194
0.00162132
0.001784
0.00196083
0.00214213
0.0022774
0.00216489
0.00142244
)
;
    }
    outlet
    {
        type            calculated;
        value           nonuniform List<scalar> 
40
(
0.00245179
0.00392274
0.00425349
0.00420256
0.00402303
0.00379897
0.0035583
0.00331025
0.00305789
0.00280232
0.00254399
0.00228318
0.0020201
0.001755
0.00148811
0.00121968
0.000949976
0.000679274
0.000407853
0.000135999
-0.000136
-0.000407854
-0.000679275
-0.000949978
-0.00121968
-0.00148811
-0.001755
-0.00202011
-0.00228318
-0.00254399
-0.00280232
-0.00305789
-0.00331025
-0.0035583
-0.00379897
-0.00402303
-0.00420257
-0.00425349
-0.00392274
-0.00245179
)
;
    }
    lowerWall
    {
        type            calculated;
        value           nonuniform List<scalar> 
100
(
-0.4
-0.4
-0.4
-0.4
-0.4
-0.4
-0.4
-0.4
-0.4
-0.4
-0.4
-0.4
-0.4
-0.4
-0.4
-0.4
-0.4
-0.4
-0.4
-0.4
-0.4
-0.4
-0.4
-0.4
-0.4
-0.4
-0.4
-0.4
-0.4
-0.4
-0.4
-0.4
-0.4
-0.4
-0.4
-0.4
-0.4
-0.4
-0.4
-0.4
-0.4
-0.4
-0.4
-0.4
-0.4
-0.4
-0.4
-0.4
-0.4
-0.4
-0.4
-0.4
-0.4
-0.4
-0.4
-0.4
-0.4
-0.4
-0.4
-0.4
-0.4
-0.4
-0.4
-0.4
-0.4
-0.4
-0.4
-0.4
-0.4
-0.4
-0.4
-0.4
-0.4
-0.4
-0.4
-0.4
-0.4
-0.4
-0.4
-0.4
-0.4
-0.4
-0.4
-0.4
-0.4
-0.4
-0.4
-0.4
-0.4
-0.4
-0.4
-0.4
-0.4
-0.4
-0.4
-0.4
-0.4
-0.4
-0.4
-0.4
)
;
    }
    upperWall
    {
        type            calculated;
        value           nonuniform List<scalar> 
100
(
0.4
0.4
0.4
0.4
0.4
0.4
0.4
0.4
0.4
0.4
0.4
0.4
0.4
0.4
0.4
0.4
0.4
0.4
0.4
0.4
0.4
0.4
0.4
0.4
0.4
0.4
0.4
0.4
0.4
0.4
0.4
0.4
0.4
0.4
0.4
0.4
0.4
0.4
0.4
0.4
0.4
0.4
0.4
0.4
0.4
0.4
0.4
0.4
0.4
0.4
0.4
0.4
0.4
0.4
0.4
0.4
0.4
0.4
0.4
0.4
0.4
0.4
0.4
0.4
0.4
0.4
0.4
0.4
0.4
0.4
0.4
0.4
0.4
0.4
0.4
0.4
0.4
0.4
0.4
0.4
0.4
0.4
0.4
0.4
0.4
0.4
0.4
0.4
0.4
0.4
0.4
0.4
0.4
0.4
0.4
0.4
0.4
0.4
0.4
0.4
)
;
    }
    frontAndBack
    {
        type            empty;
        value           nonuniform 0();
    }
}


// ************************************************************************* //
