/*--------------------------------*- C++ -*----------------------------------*\
| =========                 |                                                 |
| \\      /  F ield         | OpenFOAM: The Open Source CFD Toolbox           |
|  \\    /   O peration     | Version:  2.3.0                                 |
|   \\  /    A nd           | Web:      www.OpenFOAM.org                      |
|    \\/     M anipulation  |                                                 |
\*---------------------------------------------------------------------------*/
FoamFile
{
    version     2.0;
    format      ascii;
    class       volVectorField;
    location    "1.5";
    object      U;
}
// * * * * * * * * * * * * * * * * * * * * * * * * * * * * * * * * * * * * * //

dimensions      [0 1 -1 0 0 0 0];

internalField   nonuniform List<vector> 
4000
(
(0.537554 0.0563955 0)
(0.552189 0.00359565 0)
(0.517071 -0.00176462 0)
(0.522896 -0.00200121 0)
(0.52108 -0.00213076 0)
(0.522011 -0.00203768 0)
(0.521403 -0.00204467 0)
(0.521251 -0.00203478 0)
(0.520906 -0.00204434 0)
(0.520696 -0.00204822 0)
(0.520487 -0.00205384 0)
(0.520329 -0.00205748 0)
(0.520192 -0.00206086 0)
(0.52008 -0.0020634 0)
(0.519985 -0.00206547 0)
(0.519905 -0.0020671 0)
(0.519837 -0.00206842 0)
(0.519779 -0.00206952 0)
(0.51973 -0.00207042 0)
(0.519688 -0.00207117 0)
(0.519653 -0.00207179 0)
(0.519623 -0.00207233 0)
(0.519598 -0.00207279 0)
(0.519576 -0.00207319 0)
(0.519559 -0.0020735 0)
(0.519544 -0.00207376 0)
(0.519532 -0.00207399 0)
(0.519522 -0.00207421 0)
(0.519513 -0.00207438 0)
(0.519506 -0.00207451 0)
(0.519501 -0.00207461 0)
(0.519497 -0.00207472 0)
(0.519493 -0.00207479 0)
(0.51949 -0.00207486 0)
(0.519488 -0.00207491 0)
(0.519486 -0.00207496 0)
(0.519485 -0.00207498 0)
(0.519484 -0.00207501 0)
(0.519483 -0.00207502 0)
(0.519482 -0.00207505 0)
(0.519482 -0.00207505 0)
(0.519481 -0.00207506 0)
(0.519481 -0.00207507 0)
(0.519481 -0.00207507 0)
(0.519481 -0.00207505 0)
(0.519481 -0.00207506 0)
(0.519481 -0.00207507 0)
(0.519481 -0.00207509 0)
(0.51948 -0.00207508 0)
(0.51948 -0.00207509 0)
(0.51948 -0.00207509 0)
(0.51948 -0.00207511 0)
(0.51948 -0.0020751 0)
(0.51948 -0.0020751 0)
(0.51948 -0.00207508 0)
(0.51948 -0.00207509 0)
(0.51948 -0.00207509 0)
(0.51948 -0.00207509 0)
(0.51948 -0.00207508 0)
(0.51948 -0.00207509 0)
(0.51948 -0.00207509 0)
(0.51948 -0.00207511 0)
(0.51948 -0.0020751 0)
(0.51948 -0.0020751 0)
(0.51948 -0.00207508 0)
(0.51948 -0.0020751 0)
(0.51948 -0.00207509 0)
(0.51948 -0.00207509 0)
(0.51948 -0.00207508 0)
(0.51948 -0.00207508 0)
(0.51948 -0.00207508 0)
(0.51948 -0.00207508 0)
(0.51948 -0.00207508 0)
(0.51948 -0.00207509 0)
(0.51948 -0.00207509 0)
(0.51948 -0.00207509 0)
(0.51948 -0.00207508 0)
(0.51948 -0.00207508 0)
(0.51948 -0.00207507 0)
(0.51948 -0.00207508 0)
(0.51948 -0.00207507 0)
(0.51948 -0.00207507 0)
(0.51948 -0.00207505 0)
(0.519479 -0.00207504 0)
(0.519479 -0.00207503 0)
(0.519478 -0.00207501 0)
(0.519478 -0.00207496 0)
(0.519476 -0.00207492 0)
(0.519475 -0.00207485 0)
(0.519472 -0.00207476 0)
(0.519469 -0.00207463 0)
(0.519464 -0.00207448 0)
(0.519458 -0.00207434 0)
(0.51945 -0.00207433 0)
(0.519443 -0.00207464 0)
(0.519436 -0.00207529 0)
(0.519442 -0.00207439 0)
(0.51936 -0.00206119 0)
(0.519228 -0.00202118 0)
(0.518638 -0.00215159 0)
(0.864915 0.12845 0)
(0.91158 0.0160015 0)
(0.861967 0.00098589 0)
(0.871357 -7.10087e-05 0)
(0.867969 -0.000505101 0)
(0.869556 -0.000190262 0)
(0.868596 -0.000201586 0)
(0.868427 -0.000163612 0)
(0.867912 -0.000193166 0)
(0.867614 -0.00020572 0)
(0.867306 -0.000224894 0)
(0.867076 -0.000237668 0)
(0.866873 -0.00024969 0)
(0.866708 -0.000258935 0)
(0.866567 -0.000266232 0)
(0.866449 -0.000272082 0)
(0.866347 -0.000276884 0)
(0.866261 -0.000280953 0)
(0.866188 -0.000284391 0)
(0.866125 -0.000287343 0)
(0.866071 -0.000289818 0)
(0.866025 -0.000292002 0)
(0.865987 -0.000293865 0)
(0.865954 -0.000295504 0)
(0.865926 -0.000296857 0)
(0.865903 -0.000298008 0)
(0.865884 -0.000298994 0)
(0.865868 -0.000299902 0)
(0.865855 -0.000300612 0)
(0.865844 -0.000301218 0)
(0.865835 -0.000301686 0)
(0.865828 -0.000302132 0)
(0.865822 -0.00030246 0)
(0.865818 -0.000302776 0)
(0.865814 -0.000302995 0)
(0.865811 -0.000303199 0)
(0.865809 -0.000303315 0)
(0.865807 -0.000303445 0)
(0.865805 -0.000303518 0)
(0.865804 -0.000303622 0)
(0.865803 -0.000303639 0)
(0.865803 -0.000303702 0)
(0.865802 -0.000303715 0)
(0.865802 -0.000303746 0)
(0.865801 -0.000303721 0)
(0.865801 -0.000303749 0)
(0.865801 -0.000303778 0)
(0.865801 -0.000303825 0)
(0.865801 -0.0003038 0)
(0.865801 -0.000303837 0)
(0.865801 -0.000303834 0)
(0.865801 -0.000303872 0)
(0.865801 -0.00030386 0)
(0.865801 -0.00030387 0)
(0.865801 -0.000303829 0)
(0.865801 -0.000303847 0)
(0.865801 -0.000303833 0)
(0.8658 -0.000303849 0)
(0.8658 -0.000303828 0)
(0.8658 -0.000303845 0)
(0.8658 -0.000303828 0)
(0.8658 -0.000303869 0)
(0.8658 -0.000303872 0)
(0.8658 -0.000303858 0)
(0.8658 -0.000303824 0)
(0.8658 -0.000303864 0)
(0.8658 -0.000303851 0)
(0.8658 -0.00030385 0)
(0.865801 -0.000303824 0)
(0.865801 -0.000303825 0)
(0.865801 -0.000303823 0)
(0.865801 -0.000303847 0)
(0.865801 -0.000303814 0)
(0.865801 -0.000303833 0)
(0.865801 -0.000303822 0)
(0.865801 -0.000303851 0)
(0.8658 -0.000303821 0)
(0.8658 -0.000303818 0)
(0.8658 -0.000303798 0)
(0.8658 -0.000303796 0)
(0.8658 -0.000303785 0)
(0.8658 -0.000303771 0)
(0.8658 -0.00030372 0)
(0.865799 -0.000303691 0)
(0.865798 -0.000303647 0)
(0.865798 -0.000303575 0)
(0.865796 -0.000303415 0)
(0.865794 -0.000303238 0)
(0.865792 -0.000302979 0)
(0.865788 -0.000302642 0)
(0.865783 -0.000302179 0)
(0.865776 -0.00030161 0)
(0.865766 -0.000300979 0)
(0.865754 -0.00030065 0)
(0.865742 -0.000300886 0)
(0.865723 -0.000301469 0)
(0.865718 -0.000293353 0)
(0.865545 -0.000239578 0)
(0.865252 -7.34539e-05 0)
(0.863186 -0.000219184 0)
(0.960328 0.135898 0)
(1.02535 0.0244285 0)
(0.976328 0.00334245 0)
(0.987419 0.000824477 0)
(0.983107 0.00010311 0)
(0.98501 0.000608118 0)
(0.983936 0.000613845 0)
(0.983842 0.000677983 0)
(0.983318 0.000630265 0)
(0.983039 0.00060683 0)
(0.982735 0.000573037 0)
(0.982512 0.000549809 0)
(0.982313 0.000528358 0)
(0.982152 0.00051178 0)
(0.982013 0.000498417 0)
(0.981897 0.000487646 0)
(0.981797 0.000478771 0)
(0.981712 0.000471278 0)
(0.981638 0.000464932 0)
(0.981575 0.000459438 0)
(0.981521 0.000454794 0)
(0.981475 0.00045071 0)
(0.981436 0.000447218 0)
(0.981402 0.000444163 0)
(0.981374 0.000441573 0)
(0.98135 0.000439346 0)
(0.98133 0.000437446 0)
(0.981313 0.000435777 0)
(0.981299 0.000434416 0)
(0.981288 0.000433212 0)
(0.981279 0.000432272 0)
(0.981271 0.000431398 0)
(0.981265 0.000430755 0)
(0.98126 0.000430153 0)
(0.981256 0.000429712 0)
(0.981253 0.000429307 0)
(0.98125 0.000429064 0)
(0.981248 0.000428801 0)
(0.981246 0.000428638 0)
(0.981245 0.000428429 0)
(0.981244 0.000428378 0)
(0.981243 0.000428275 0)
(0.981243 0.000428248 0)
(0.981242 0.00042817 0)
(0.981242 0.000428164 0)
(0.981241 0.000428095 0)
(0.981241 0.000428071 0)
(0.981241 0.000427998 0)
(0.981241 0.000428033 0)
(0.981241 0.00042797 0)
(0.981241 0.000427979 0)
(0.981241 0.000427945 0)
(0.981241 0.000427977 0)
(0.981241 0.000427918 0)
(0.981241 0.000427963 0)
(0.981241 0.000427939 0)
(0.981241 0.00042798 0)
(0.981241 0.00042794 0)
(0.981241 0.000427969 0)
(0.981241 0.000427937 0)
(0.981241 0.000427976 0)
(0.981241 0.000427946 0)
(0.981241 0.000427954 0)
(0.981241 0.000427937 0)
(0.981241 0.000427985 0)
(0.981241 0.000427941 0)
(0.981241 0.000427958 0)
(0.981241 0.000427932 0)
(0.981241 0.000427964 0)
(0.981241 0.000427942 0)
(0.981241 0.000427969 0)
(0.981241 0.000427924 0)
(0.981241 0.000427971 0)
(0.981241 0.000427957 0)
(0.981241 0.000427989 0)
(0.981241 0.000427956 0)
(0.981241 0.000427993 0)
(0.98124 0.000427985 0)
(0.98124 0.000428027 0)
(0.98124 0.000428046 0)
(0.98124 0.000428073 0)
(0.98124 0.000428083 0)
(0.98124 0.000428155 0)
(0.981239 0.000428216 0)
(0.981238 0.000428339 0)
(0.981237 0.000428491 0)
(0.981236 0.00042877 0)
(0.981234 0.000429112 0)
(0.981231 0.000429618 0)
(0.981228 0.000430277 0)
(0.981222 0.000431185 0)
(0.981215 0.000432274 0)
(0.981206 0.0004336 0)
(0.981193 0.000434562 0)
(0.981178 0.000435207 0)
(0.981152 0.000436336 0)
(0.981132 0.000458756 0)
(0.980909 0.000569036 0)
(0.980542 0.000943075 0)
(0.977594 0.00117801 0)
(0.984981 0.123283 0)
(1.05951 0.0286549 0)
(1.01376 0.00469067 0)
(1.02592 0.000700288 0)
(1.02101 -0.000185393 0)
(1.02312 0.000442463 0)
(1.02201 0.000480674 0)
(1.02202 0.000563283 0)
(1.02153 0.00050228 0)
(1.02131 0.000467914 0)
(1.02104 0.000420983 0)
(1.02085 0.000387621 0)
(1.02067 0.000357097 0)
(1.02053 0.000333145 0)
(1.02041 0.000313833 0)
(1.02031 0.000298666 0)
(1.02022 0.000286144 0)
(1.02015 0.000275594 0)
(1.02008 0.000266672 0)
(1.02003 0.000258929 0)
(1.01998 0.000252351 0)
(1.01994 0.000246545 0)
(1.0199 0.000241559 0)
(1.01987 0.000237213 0)
(1.01985 0.000233462 0)
(1.01982 0.000230213 0)
(1.01981 0.000227434 0)
(1.01979 0.000225012 0)
(1.01978 0.000223037 0)
(1.01977 0.000221261 0)
(1.01976 0.000219862 0)
(1.01975 0.000218584 0)
(1.01974 0.000217635 0)
(1.01974 0.000216772 0)
(1.01974 0.000216119 0)
(1.01973 0.000215512 0)
(1.01973 0.000215123 0)
(1.01973 0.000214728 0)
(1.01973 0.000214484 0)
(1.01973 0.000214188 0)
(1.01972 0.000214097 0)
(1.01972 0.000213945 0)
(1.01972 0.000213896 0)
(1.01972 0.000213772 0)
(1.01972 0.000213737 0)
(1.01972 0.000213633 0)
(1.01972 0.000213614 0)
(1.01972 0.000213518 0)
(1.01972 0.000213551 0)
(1.01972 0.000213469 0)
(1.01972 0.000213484 0)
(1.01972 0.000213433 0)
(1.01972 0.000213476 0)
(1.01972 0.000213392 0)
(1.01972 0.000213445 0)
(1.01972 0.000213414 0)
(1.01972 0.00021347 0)
(1.01972 0.000213412 0)
(1.01972 0.000213455 0)
(1.01972 0.00021342 0)
(1.01972 0.000213464 0)
(1.01972 0.000213438 0)
(1.01972 0.000213467 0)
(1.01972 0.000213421 0)
(1.01972 0.000213473 0)
(1.01972 0.000213425 0)
(1.01972 0.000213448 0)
(1.01972 0.000213403 0)
(1.01972 0.00021344 0)
(1.01972 0.000213398 0)
(1.01972 0.000213446 0)
(1.01972 0.000213394 0)
(1.01972 0.000213461 0)
(1.01972 0.000213442 0)
(1.01972 0.000213481 0)
(1.01972 0.00021345 0)
(1.01972 0.000213497 0)
(1.01972 0.000213487 0)
(1.01972 0.000213545 0)
(1.01972 0.000213573 0)
(1.01972 0.000213611 0)
(1.01972 0.000213622 0)
(1.01972 0.000213721 0)
(1.01972 0.000213809 0)
(1.01972 0.000214009 0)
(1.01972 0.000214242 0)
(1.01972 0.000214636 0)
(1.01971 0.000215138 0)
(1.01971 0.000215876 0)
(1.01971 0.000216842 0)
(1.0197 0.000218172 0)
(1.0197 0.000219786 0)
(1.01969 0.000221878 0)
(1.01968 0.000223711 0)
(1.01966 0.000226098 0)
(1.01963 0.000230488 0)
(1.0196 0.000271476 0)
(1.01935 0.000444054 0)
(1.01899 0.0010496 0)
(1.01589 0.00176926 0)
(0.988584 0.109957 0)
(1.06797 0.0309626 0)
(1.0256 0.00569647 0)
(1.03852 0.000547009 0)
(1.03319 -0.000407726 0)
(1.03547 0.000296815 0)
(1.03434 0.000369044 0)
(1.03445 0.000463111 0)
(1.03402 0.000393262 0)
(1.03386 0.000349886 0)
(1.03363 0.000292974 0)
(1.03348 0.000251729 0)
(1.03334 0.000214415 0)
(1.03323 0.000185031 0)
(1.03313 0.000161278 0)
(1.03305 0.000142497 0)
(1.03298 0.000126937 0)
(1.03291 0.000113825 0)
(1.03286 0.000102736 0)
(1.03281 9.30587e-05 0)
(1.03277 8.47878e-05 0)
(1.03274 7.74677e-05 0)
(1.03271 7.11303e-05 0)
(1.03268 6.55484e-05 0)
(1.03266 6.06348e-05 0)
(1.03264 5.6322e-05 0)
(1.03262 5.25844e-05 0)
(1.03261 4.9353e-05 0)
(1.0326 4.68146e-05 0)
(1.03259 4.45371e-05 0)
(1.03258 4.27443e-05 0)
(1.03257 4.11208e-05 0)
(1.03257 3.98987e-05 0)
(1.03256 3.87937e-05 0)
(1.03256 3.79428e-05 0)
(1.03256 3.71533e-05 0)
(1.03256 3.66262e-05 0)
(1.03255 3.61134e-05 0)
(1.03255 3.58004e-05 0)
(1.03255 3.54287e-05 0)
(1.03255 3.52881e-05 0)
(1.03255 3.50803e-05 0)
(1.03255 3.50118e-05 0)
(1.03255 3.48505e-05 0)
(1.03255 3.47984e-05 0)
(1.03255 3.46681e-05 0)
(1.03255 3.46471e-05 0)
(1.03255 3.45188e-05 0)
(1.03255 3.45373e-05 0)
(1.03255 3.44411e-05 0)
(1.03255 3.44649e-05 0)
(1.03255 3.43938e-05 0)
(1.03255 3.44412e-05 0)
(1.03255 3.43506e-05 0)
(1.03255 3.44219e-05 0)
(1.03255 3.43796e-05 0)
(1.03255 3.44386e-05 0)
(1.03255 3.43676e-05 0)
(1.03255 3.44252e-05 0)
(1.03255 3.43892e-05 0)
(1.03255 3.44349e-05 0)
(1.03255 3.4406e-05 0)
(1.03255 3.44515e-05 0)
(1.03255 3.43858e-05 0)
(1.03255 3.44445e-05 0)
(1.03255 3.43907e-05 0)
(1.03255 3.44166e-05 0)
(1.03255 3.43614e-05 0)
(1.03255 3.44096e-05 0)
(1.03255 3.43499e-05 0)
(1.03255 3.44056e-05 0)
(1.03255 3.43525e-05 0)
(1.03255 3.44357e-05 0)
(1.03255 3.4411e-05 0)
(1.03255 3.44537e-05 0)
(1.03255 3.44276e-05 0)
(1.03255 3.44899e-05 0)
(1.03255 3.44824e-05 0)
(1.03255 3.45466e-05 0)
(1.03255 3.45721e-05 0)
(1.03255 3.46199e-05 0)
(1.03255 3.46332e-05 0)
(1.03255 3.4759e-05 0)
(1.03255 3.48803e-05 0)
(1.03255 3.5143e-05 0)
(1.03254 3.5441e-05 0)
(1.03254 3.59389e-05 0)
(1.03254 3.65804e-05 0)
(1.03254 3.75144e-05 0)
(1.03254 3.87348e-05 0)
(1.03253 4.04268e-05 0)
(1.03253 4.25151e-05 0)
(1.03252 4.53591e-05 0)
(1.03251 4.82225e-05 0)
(1.03249 5.32136e-05 0)
(1.03246 6.2288e-05 0)
(1.03242 0.000123512 0)
(1.03218 0.000349156 0)
(1.03186 0.00116813 0)
(1.02902 0.002297 0)
(0.986405 0.0982744 0)
(1.06825 0.0321888 0)
(1.02898 0.00652205 0)
(1.04245 0.000501479 0)
(1.03682 -0.000473076 0)
(1.03924 0.000275905 0)
(1.03811 0.000379692 0)
(1.03832 0.000479732 0)
(1.03795 0.000405236 0)
(1.03785 0.000355624 0)
(1.03767 0.000292588 0)
(1.03756 0.000246582 0)
(1.03745 0.000205672 0)
(1.03736 0.000173725 0)
(1.03729 0.000147337 0)
(1.03722 0.000125845 0)
(1.03717 0.000108004 0)
(1.03712 9.2963e-05 0)
(1.03708 8.02426e-05 0)
(1.03704 6.91182e-05 0)
(1.03701 5.95982e-05 0)
(1.03698 5.11841e-05 0)
(1.03696 4.38779e-05 0)
(1.03694 3.74058e-05 0)
(1.03692 3.16995e-05 0)
(1.0369 2.66877e-05 0)
(1.03689 2.23378e-05 0)
(1.03688 1.85537e-05 0)
(1.03687 1.55463e-05 0)
(1.03686 1.28551e-05 0)
(1.03685 1.07385e-05 0)
(1.03685 8.81214e-06 0)
(1.03684 7.34122e-06 0)
(1.03684 6.0099e-06 0)
(1.03684 4.97639e-06 0)
(1.03683 4.01596e-06 0)
(1.03683 3.35824e-06 0)
(1.03683 2.72331e-06 0)
(1.03683 2.33147e-06 0)
(1.03683 1.86153e-06 0)
(1.03683 1.6636e-06 0)
(1.03683 1.40638e-06 0)
(1.03682 1.32223e-06 0)
(1.03682 1.12822e-06 0)
(1.03682 1.06152e-06 0)
(1.03682 9.07407e-07 0)
(1.03682 8.84773e-07 0)
(1.03682 7.25091e-07 0)
(1.03682 7.27524e-07 0)
(1.03682 6.17526e-07 0)
(1.03682 6.46921e-07 0)
(1.03682 5.56925e-07 0)
(1.03682 6.13787e-07 0)
(1.03682 5.23464e-07 0)
(1.03682 6.07216e-07 0)
(1.03682 5.5298e-07 0)
(1.03682 6.19526e-07 0)
(1.03682 5.44631e-07 0)
(1.03682 6.08432e-07 0)
(1.03682 5.6561e-07 0)
(1.03682 6.16079e-07 0)
(1.03682 5.83984e-07 0)
(1.03682 6.42954e-07 0)
(1.03682 5.61094e-07 0)
(1.03682 6.22884e-07 0)
(1.03682 5.63006e-07 0)
(1.03682 5.95035e-07 0)
(1.03682 5.30919e-07 0)
(1.03682 5.91912e-07 0)
(1.03682 5.1792e-07 0)
(1.03682 5.78983e-07 0)
(1.03682 5.27755e-07 0)
(1.03682 6.19823e-07 0)
(1.03682 5.89614e-07 0)
(1.03682 6.39015e-07 0)
(1.03682 6.18847e-07 0)
(1.03682 6.93884e-07 0)
(1.03682 6.82625e-07 0)
(1.03682 7.5073e-07 0)
(1.03682 7.7159e-07 0)
(1.03682 8.31399e-07 0)
(1.03682 8.4817e-07 0)
(1.03682 9.96507e-07 0)
(1.03682 1.14913e-06 0)
(1.03682 1.46392e-06 0)
(1.03682 1.82171e-06 0)
(1.03682 2.43672e-06 0)
(1.03682 3.21156e-06 0)
(1.03682 4.32553e-06 0)
(1.03681 5.77026e-06 0)
(1.03681 7.78252e-06 0)
(1.03681 1.0302e-05 0)
(1.0368 1.38695e-05 0)
(1.03679 1.78407e-05 0)
(1.03678 2.55204e-05 0)
(1.03674 3.92901e-05 0)
(1.0367 0.000119243 0)
(1.03647 0.000383825 0)
(1.03621 0.00139847 0)
(1.03382 0.00284679 0)
(0.983105 0.0876662 0)
(1.06612 0.0325016 0)
(1.0296 0.00711393 0)
(1.04349 0.000477744 0)
(1.03764 -0.000486487 0)
(1.04017 0.000280843 0)
(1.03905 0.000414683 0)
(1.03935 0.000518612 0)
(1.03903 0.000441695 0)
(1.03899 0.000387255 0)
(1.03886 0.000319464 0)
(1.03879 0.000269406 0)
(1.03871 0.000225156 0)
(1.03865 0.000190508 0)
(1.03859 0.000161888 0)
(1.03855 0.000138516 0)
(1.03851 0.000119128 0)
(1.03847 0.000102776 0)
(1.03844 8.89625e-05 0)
(1.03842 7.68934e-05 0)
(1.03839 6.65778e-05 0)
(1.03837 5.74801e-05 0)
(1.03835 4.95874e-05 0)
(1.03834 4.26115e-05 0)
(1.03832 3.65113e-05 0)
(1.03831 3.11915e-05 0)
(1.0383 2.66039e-05 0)
(1.03829 2.25467e-05 0)
(1.03828 1.91869e-05 0)
(1.03828 1.61746e-05 0)
(1.03827 1.37968e-05 0)
(1.03827 1.16164e-05 0)
(1.03826 9.92852e-06 0)
(1.03826 8.40324e-06 0)
(1.03826 7.21618e-06 0)
(1.03826 6.10601e-06 0)
(1.03825 5.32859e-06 0)
(1.03825 4.57052e-06 0)
(1.03825 4.10055e-06 0)
(1.03825 3.55565e-06 0)
(1.03825 3.31213e-06 0)
(1.03825 3.0087e-06 0)
(1.03825 2.90489e-06 0)
(1.03825 2.68032e-06 0)
(1.03825 2.60213e-06 0)
(1.03825 2.42797e-06 0)
(1.03825 2.40258e-06 0)
(1.03825 2.2174e-06 0)
(1.03825 2.20926e-06 0)
(1.03825 2.08685e-06 0)
(1.03825 2.12056e-06 0)
(1.03825 2.01448e-06 0)
(1.03825 2.08349e-06 0)
(1.03825 1.99447e-06 0)
(1.03825 2.08524e-06 0)
(1.03825 2.02321e-06 0)
(1.03825 2.09958e-06 0)
(1.03825 2.02118e-06 0)
(1.03825 2.0853e-06 0)
(1.03825 2.03379e-06 0)
(1.03825 2.09331e-06 0)
(1.03825 2.05685e-06 0)
(1.03825 2.12801e-06 0)
(1.03825 2.03488e-06 0)
(1.03825 2.09664e-06 0)
(1.03825 2.02953e-06 0)
(1.03825 2.06724e-06 0)
(1.03825 1.99477e-06 0)
(1.03825 2.06824e-06 0)
(1.03825 1.98411e-06 0)
(1.03825 2.0499e-06 0)
(1.03825 2.00041e-06 0)
(1.03825 2.09677e-06 0)
(1.03825 2.06229e-06 0)
(1.03825 2.11893e-06 0)
(1.03825 2.10089e-06 0)
(1.03825 2.18402e-06 0)
(1.03825 2.17019e-06 0)
(1.03825 2.24467e-06 0)
(1.03825 2.25924e-06 0)
(1.03825 2.33031e-06 0)
(1.03825 2.352e-06 0)
(1.03825 2.51717e-06 0)
(1.03825 2.69345e-06 0)
(1.03825 3.04972e-06 0)
(1.03825 3.45786e-06 0)
(1.03825 4.15568e-06 0)
(1.03824 5.04873e-06 0)
(1.03824 6.31909e-06 0)
(1.03824 7.95694e-06 0)
(1.03824 1.0243e-05 0)
(1.03824 1.31422e-05 0)
(1.03823 1.73859e-05 0)
(1.03822 2.24711e-05 0)
(1.03821 3.26494e-05 0)
(1.03818 5.06275e-05 0)
(1.03814 0.00014698 0)
(1.03794 0.000446064 0)
(1.03774 0.00162562 0)
(1.03587 0.00331287 0)
(0.980016 0.0779581 0)
(1.06351 0.0320482 0)
(1.02938 0.00745858 0)
(1.04357 0.000442117 0)
(1.03756 -0.000491082 0)
(1.04018 0.00027609 0)
(1.03906 0.000436637 0)
(1.03945 0.000542249 0)
(1.03918 0.000465152 0)
(1.0392 0.000407599 0)
(1.0391 0.000336935 0)
(1.03907 0.000284162 0)
(1.03902 0.000237625 0)
(1.03898 0.000201005 0)
(1.03895 0.000170866 0)
(1.03892 0.000146306 0)
(1.0389 0.000125944 0)
(1.03888 0.000108747 0)
(1.03886 9.42242e-05 0)
(1.03884 8.15296e-05 0)
(1.03882 7.06582e-05 0)
(1.03881 6.10571e-05 0)
(1.0388 5.27117e-05 0)
(1.03879 4.53313e-05 0)
(1.03878 3.88845e-05 0)
(1.03877 3.32386e-05 0)
(1.03876 2.83529e-05 0)
(1.03876 2.40135e-05 0)
(1.03875 2.04138e-05 0)
(1.03875 1.71735e-05 0)
(1.03874 1.46051e-05 0)
(1.03874 1.22477e-05 0)
(1.03874 1.04055e-05 0)
(1.03873 8.74978e-06 0)
(1.03873 7.46708e-06 0)
(1.03873 6.26736e-06 0)
(1.03873 5.417e-06 0)
(1.03873 4.58978e-06 0)
(1.03873 4.09077e-06 0)
(1.03873 3.51042e-06 0)
(1.03873 3.22573e-06 0)
(1.03872 2.86167e-06 0)
(1.03872 2.73382e-06 0)
(1.03872 2.48409e-06 0)
(1.03872 2.39665e-06 0)
(1.03872 2.20368e-06 0)
(1.03872 2.17376e-06 0)
(1.03872 1.9707e-06 0)
(1.03872 1.95761e-06 0)
(1.03872 1.82239e-06 0)
(1.03872 1.86063e-06 0)
(1.03872 1.74377e-06 0)
(1.03872 1.82554e-06 0)
(1.03872 1.73929e-06 0)
(1.03872 1.83312e-06 0)
(1.03872 1.76572e-06 0)
(1.03872 1.84907e-06 0)
(1.03872 1.7657e-06 0)
(1.03872 1.82907e-06 0)
(1.03872 1.77062e-06 0)
(1.03872 1.8392e-06 0)
(1.03872 1.79567e-06 0)
(1.03872 1.87707e-06 0)
(1.03872 1.778e-06 0)
(1.03872 1.839e-06 0)
(1.03872 1.76554e-06 0)
(1.03872 1.80867e-06 0)
(1.03872 1.72734e-06 0)
(1.03872 1.81065e-06 0)
(1.03872 1.72252e-06 0)
(1.03872 1.79177e-06 0)
(1.03872 1.74107e-06 0)
(1.03872 1.83751e-06 0)
(1.03872 1.80116e-06 0)
(1.03872 1.86485e-06 0)
(1.03872 1.84648e-06 0)
(1.03872 1.93634e-06 0)
(1.03872 1.9218e-06 0)
(1.03872 2.00261e-06 0)
(1.03872 2.00862e-06 0)
(1.03872 2.08923e-06 0)
(1.03872 2.11704e-06 0)
(1.03872 2.29511e-06 0)
(1.03872 2.48702e-06 0)
(1.03872 2.87652e-06 0)
(1.03872 3.34066e-06 0)
(1.03872 4.07329e-06 0)
(1.03872 5.00685e-06 0)
(1.03872 6.3496e-06 0)
(1.03872 8.09931e-06 0)
(1.03872 1.05689e-05 0)
(1.03871 1.37602e-05 0)
(1.03871 1.85885e-05 0)
(1.0387 2.4726e-05 0)
(1.03869 3.75248e-05 0)
(1.03866 5.97893e-05 0)
(1.03863 0.000170547 0)
(1.03847 0.00049596 0)
(1.03834 0.00179839 0)
(1.03701 0.00365048 0)
(0.977427 0.0691153 0)
(1.06098 0.0309898 0)
(1.02893 0.00758107 0)
(1.04334 0.000397827 0)
(1.03722 -0.000490556 0)
(1.0399 0.000262069 0)
(1.03879 0.000444438 0)
(1.03925 0.000549564 0)
(1.03903 0.000474309 0)
(1.0391 0.000415433 0)
(1.03904 0.000343922 0)
(1.03904 0.000290028 0)
(1.03902 0.000242598 0)
(1.03901 0.000205131 0)
(1.03899 0.000174351 0)
(1.03898 0.000149273 0)
(1.03897 0.000128492 0)
(1.03896 0.00011092 0)
(1.03895 9.60771e-05 0)
(1.03895 8.30863e-05 0)
(1.03894 7.19316e-05 0)
(1.03893 6.20672e-05 0)
(1.03893 5.34716e-05 0)
(1.03892 4.58575e-05 0)
(1.03891 3.91973e-05 0)
(1.03891 3.33289e-05 0)
(1.03891 2.82379e-05 0)
(1.0389 2.37039e-05 0)
(1.0389 1.99662e-05 0)
(1.0389 1.6584e-05 0)
(1.03889 1.39004e-05 0)
(1.03889 1.14478e-05 0)
(1.03889 9.51353e-06 0)
(1.03889 7.78136e-06 0)
(1.03889 6.45254e-06 0)
(1.03889 5.21771e-06 0)
(1.03888 4.3378e-06 0)
(1.03888 3.49094e-06 0)
(1.03888 3.00054e-06 0)
(1.03888 2.40892e-06 0)
(1.03888 2.09754e-06 0)
(1.03888 1.6943e-06 0)
(1.03888 1.54429e-06 0)
(1.03888 1.27506e-06 0)
(1.03888 1.17917e-06 0)
(1.03888 9.63619e-07 0)
(1.03888 9.26195e-07 0)
(1.03888 7.08483e-07 0)
(1.03888 6.949e-07 0)
(1.03888 5.47132e-07 0)
(1.03888 5.89969e-07 0)
(1.03888 4.68007e-07 0)
(1.03888 5.62055e-07 0)
(1.03888 4.79885e-07 0)
(1.03888 5.71897e-07 0)
(1.03888 4.98588e-07 0)
(1.03888 5.85827e-07 0)
(1.03888 4.99665e-07 0)
(1.03888 5.64449e-07 0)
(1.03888 5.01162e-07 0)
(1.03888 5.74757e-07 0)
(1.03888 5.21096e-07 0)
(1.03888 6.10799e-07 0)
(1.03888 5.11188e-07 0)
(1.03888 5.70571e-07 0)
(1.03888 4.91583e-07 0)
(1.03888 5.40653e-07 0)
(1.03888 4.49303e-07 0)
(1.03888 5.37344e-07 0)
(1.03888 4.52088e-07 0)
(1.03888 5.22434e-07 0)
(1.03888 4.68816e-07 0)
(1.03888 5.63064e-07 0)
(1.03888 5.29054e-07 0)
(1.03888 6.0125e-07 0)
(1.03888 5.83274e-07 0)
(1.03888 6.77329e-07 0)
(1.03888 6.59478e-07 0)
(1.03888 7.43949e-07 0)
(1.03888 7.40709e-07 0)
(1.03888 8.28668e-07 0)
(1.03888 8.66574e-07 0)
(1.03888 1.06035e-06 0)
(1.03888 1.26354e-06 0)
(1.03888 1.67646e-06 0)
(1.03888 2.16433e-06 0)
(1.03888 2.90534e-06 0)
(1.03888 3.81926e-06 0)
(1.03888 5.16457e-06 0)
(1.03888 6.95001e-06 0)
(1.03888 9.51618e-06 0)
(1.03888 1.29104e-05 0)
(1.03887 1.82092e-05 0)
(1.03887 2.52625e-05 0)
(1.03886 4.04385e-05 0)
(1.03884 6.64808e-05 0)
(1.03881 0.000188448 0)
(1.03869 0.000530242 0)
(1.03863 0.00191138 0)
(1.03784 0.00385963 0)
(0.97533 0.0610411 0)
(1.05871 0.0294537 0)
(1.02846 0.00751019 0)
(1.04304 0.000351287 0)
(1.03682 -0.000483242 0)
(1.03954 0.000242643 0)
(1.03844 0.000440979 0)
(1.03897 0.000543735 0)
(1.03879 0.000471937 0)
(1.03891 0.000413345 0)
(1.03889 0.000342773 0)
(1.03892 0.000289196 0)
(1.03892 0.000242129 0)
(1.03893 0.000204842 0)
(1.03893 0.000174225 0)
(1.03894 0.000149256 0)
(1.03894 0.000128575 0)
(1.03895 0.000111071 0)
(1.03895 9.6279e-05 0)
(1.03895 8.33123e-05 0)
(1.03895 7.216e-05 0)
(1.03895 6.2288e-05 0)
(1.03895 5.3666e-05 0)
(1.03895 4.60127e-05 0)
(1.03895 3.93088e-05 0)
(1.03894 3.33775e-05 0)
(1.03894 2.82344e-05 0)
(1.03894 2.36291e-05 0)
(1.03894 1.9843e-05 0)
(1.03894 1.6399e-05 0)
(1.03894 1.36689e-05 0)
(1.03894 1.11823e-05 0)
(1.03894 9.1991e-06 0)
(1.03894 7.42093e-06 0)
(1.03894 6.07129e-06 0)
(1.03894 4.82479e-06 0)
(1.03894 3.93032e-06 0)
(1.03894 3.06875e-06 0)
(1.03894 2.58285e-06 0)
(1.03894 1.99968e-06 0)
(1.03893 1.68538e-06 0)
(1.03893 1.27505e-06 0)
(1.03893 1.11147e-06 0)
(1.03893 8.35969e-07 0)
(1.03893 7.38499e-07 0)
(1.03893 5.12637e-07 0)
(1.03893 4.68466e-07 0)
(1.03893 2.44734e-07 0)
(1.03893 2.35308e-07 0)
(1.03893 7.47635e-08 0)
(1.03893 1.22173e-07 0)
(1.03893 -2.27136e-09 0)
(1.03893 1.02425e-07 0)
(1.03893 2.31189e-08 0)
(1.03893 1.11363e-07 0)
(1.03893 3.13639e-08 0)
(1.03893 1.2268e-07 0)
(1.03893 3.65803e-08 0)
(1.03893 1.07368e-07 0)
(1.03893 3.93211e-08 0)
(1.03893 1.13304e-07 0)
(1.03893 4.77042e-08 0)
(1.03893 1.41208e-07 0)
(1.03893 4.65692e-08 0)
(1.03893 1.00071e-07 0)
(1.03893 1.68752e-08 0)
(1.03893 7.09602e-08 0)
(1.03893 -2.88591e-08 0)
(1.03893 5.86978e-08 0)
(1.03893 -1.98925e-08 0)
(1.03893 5.19895e-08 0)
(1.03893 -3.85404e-09 0)
(1.03893 9.12789e-08 0)
(1.03893 6.18706e-08 0)
(1.03893 1.4361e-07 0)
(1.03893 1.24217e-07 0)
(1.03893 2.19417e-07 0)
(1.03893 1.94812e-07 0)
(1.03893 2.80502e-07 0)
(1.03893 2.69058e-07 0)
(1.03893 3.62588e-07 0)
(1.03893 4.0724e-07 0)
(1.03893 6.02205e-07 0)
(1.03893 8.0326e-07 0)
(1.03893 1.21951e-06 0)
(1.03893 1.69023e-06 0)
(1.03893 2.41758e-06 0)
(1.03893 3.31517e-06 0)
(1.03893 4.65312e-06 0)
(1.03893 6.44364e-06 0)
(1.03893 9.05382e-06 0)
(1.03893 1.25789e-05 0)
(1.03893 1.82269e-05 0)
(1.03893 2.60097e-05 0)
(1.03892 4.30919e-05 0)
(1.03891 7.20397e-05 0)
(1.03889 0.000201382 0)
(1.03882 0.000549885 0)
(1.03882 0.00196685 0)
(1.03856 0.00394852 0)
(0.973645 0.0536148 0)
(1.05672 0.0275333 0)
(1.02804 0.00726984 0)
(1.04273 0.000305557 0)
(1.03644 -0.000468786 0)
(1.03919 0.000219698 0)
(1.0381 0.000427492 0)
(1.03868 0.000526211 0)
(1.03854 0.00045911 0)
(1.0387 0.000402211 0)
(1.03871 0.00033411 0)
(1.03877 0.000282097 0)
(1.03879 0.000236477 0)
(1.03882 0.00020025 0)
(1.03885 0.000170499 0)
(1.03887 0.000146207 0)
(1.03888 0.000126096 0)
(1.0389 0.000109057 0)
(1.03891 9.46537e-05 0)
(1.03892 8.2003e-05 0)
(1.03892 7.11221e-05 0)
(1.03893 6.14737e-05 0)
(1.03893 5.30334e-05 0)
(1.03894 4.55215e-05 0)
(1.03894 3.89353e-05 0)
(1.03894 3.30937e-05 0)
(1.03895 2.8039e-05 0)
(1.03895 2.34815e-05 0)
(1.03895 1.97359e-05 0)
(1.03895 1.63104e-05 0)
(1.03895 1.35979e-05 0)
(1.03895 1.11292e-05 0)
(1.03895 9.1443e-06 0)
(1.03895 7.35775e-06 0)
(1.03895 6.0152e-06 0)
(1.03895 4.78099e-06 0)
(1.03895 3.89008e-06 0)
(1.03895 3.02229e-06 0)
(1.03895 2.53598e-06 0)
(1.03895 1.95619e-06 0)
(1.03895 1.63981e-06 0)
(1.03895 1.21912e-06 0)
(1.03895 1.05046e-06 0)
(1.03895 7.80796e-07 0)
(1.03895 6.89676e-07 0)
(1.03895 4.66865e-07 0)
(1.03895 4.20038e-07 0)
(1.03895 1.98291e-07 0)
(1.03895 1.97632e-07 0)
(1.03895 2.83008e-08 0)
(1.03895 7.66381e-08 0)
(1.03895 -4.80798e-08 0)
(1.03895 5.99558e-08 0)
(1.03895 -1.66594e-08 0)
(1.03895 6.79513e-08 0)
(1.03895 -1.50392e-08 0)
(1.03895 7.9862e-08 0)
(1.03895 -2.42045e-09 0)
(1.03895 7.78066e-08 0)
(1.03895 5.90619e-09 0)
(1.03895 7.58946e-08 0)
(1.03895 -3.94352e-09 0)
(1.03895 9.0174e-08 0)
(1.03895 -3.53544e-10 0)
(1.03895 4.69673e-08 0)
(1.03895 -4.17447e-08 0)
(1.03895 1.92419e-08 0)
(1.03895 -8.60532e-08 0)
(1.03895 -2.62287e-09 0)
(1.03895 -7.18044e-08 0)
(1.03895 4.97735e-09 0)
(1.03895 -5.05178e-08 0)
(1.03895 4.85162e-08 0)
(1.03895 2.39744e-08 0)
(1.03895 1.10331e-07 0)
(1.03895 8.67483e-08 0)
(1.03895 1.79159e-07 0)
(1.03895 1.47378e-07 0)
(1.03895 2.32178e-07 0)
(1.03895 2.13682e-07 0)
(1.03895 3.09871e-07 0)
(1.03895 3.55501e-07 0)
(1.03895 5.37186e-07 0)
(1.03895 7.22237e-07 0)
(1.03895 1.12649e-06 0)
(1.03895 1.58695e-06 0)
(1.03895 2.3087e-06 0)
(1.03895 3.19188e-06 0)
(1.03895 4.51158e-06 0)
(1.03895 6.27984e-06 0)
(1.03895 8.88152e-06 0)
(1.03895 1.24564e-05 0)
(1.03895 1.83087e-05 0)
(1.03895 2.65863e-05 0)
(1.03895 4.49876e-05 0)
(1.03895 7.58148e-05 0)
(1.03893 0.000208488 0)
(1.03892 0.000554582 0)
(1.03898 0.00196668 0)
(1.03921 0.00392519 0)
(0.972294 0.0467291 0)
(1.055 0.0253018 0)
(1.02767 0.00688085 0)
(1.04244 0.000262057 0)
(1.0361 -0.000447087 0)
(1.03886 0.000194565 0)
(1.03777 0.000404916 0)
(1.03841 0.000498053 0)
(1.0383 0.000436594 0)
(1.03849 0.00038262 0)
(1.03853 0.000318324 0)
(1.03862 0.000268971 0)
(1.03867 0.000225747 0)
(1.03872 0.000191353 0)
(1.03875 0.000163091 0)
(1.03879 0.000139986 0)
(1.03881 0.000120866 0)
(1.03884 0.000104649 0)
(1.03886 9.09426e-05 0)
(1.03887 7.88727e-05 0)
(1.03889 6.85062e-05 0)
(1.0389 5.92872e-05 0)
(1.03891 5.12205e-05 0)
(1.03892 4.40183e-05 0)
(1.03893 3.77009e-05 0)
(1.03893 3.20853e-05 0)
(1.03894 2.72396e-05 0)
(1.03894 2.28401e-05 0)
(1.03894 1.92232e-05 0)
(1.03895 1.58942e-05 0)
(1.03895 1.32613e-05 0)
(1.03895 1.08631e-05 0)
(1.03895 8.93371e-06 0)
(1.03895 7.18654e-06 0)
(1.03895 5.88419e-06 0)
(1.03896 4.69085e-06 0)
(1.03896 3.83207e-06 0)
(1.03896 2.9807e-06 0)
(1.03896 2.49944e-06 0)
(1.03896 1.92888e-06 0)
(1.03896 1.62008e-06 0)
(1.03896 1.19439e-06 0)
(1.03896 1.02785e-06 0)
(1.03896 7.66344e-07 0)
(1.03896 6.85326e-07 0)
(1.03896 4.62585e-07 0)
(1.03896 4.15887e-07 0)
(1.03896 1.95168e-07 0)
(1.03896 2.07303e-07 0)
(1.03896 3.39264e-08 0)
(1.03896 7.94225e-08 0)
(1.03896 -4.37706e-08 0)
(1.03896 5.99667e-08 0)
(1.03896 -1.3909e-08 0)
(1.03896 7.0195e-08 0)
(1.03896 -1.12965e-08 0)
(1.03896 8.59406e-08 0)
(1.03896 8.60658e-09 0)
(1.03896 9.94074e-08 0)
(1.03896 2.40755e-08 0)
(1.03896 8.60908e-08 0)
(1.03896 -9.12877e-09 0)
(1.03896 8.42243e-08 0)
(1.03896 -4.9019e-09 0)
(1.03896 4.05116e-08 0)
(1.03896 -5.47738e-08 0)
(1.03896 1.64234e-08 0)
(1.03896 -9.25576e-08 0)
(1.03896 -1.28683e-08 0)
(1.03896 -7.15917e-08 0)
(1.03896 1.28141e-08 0)
(1.03896 -4.1291e-08 0)
(1.03896 6.18313e-08 0)
(1.03896 4.06816e-08 0)
(1.03896 1.23247e-07 0)
(1.03896 9.43231e-08 0)
(1.03896 1.83088e-07 0)
(1.03896 1.46148e-07 0)
(1.03896 2.29123e-07 0)
(1.03896 2.03916e-07 0)
(1.03896 2.98157e-07 0)
(1.03896 3.43341e-07 0)
(1.03896 5.16784e-07 0)
(1.03896 6.83829e-07 0)
(1.03896 1.07056e-06 0)
(1.03896 1.51412e-06 0)
(1.03896 2.22164e-06 0)
(1.03896 3.07478e-06 0)
(1.03896 4.34896e-06 0)
(1.03896 6.05886e-06 0)
(1.03896 8.59207e-06 0)
(1.03896 1.2122e-05 0)
(1.03896 1.80108e-05 0)
(1.03897 2.65093e-05 0)
(1.03897 4.55665e-05 0)
(1.03897 7.71659e-05 0)
(1.03896 0.00020909 0)
(1.03901 0.000544168 0)
(1.03912 0.00191344 0)
(1.03982 0.00379824 0)
(0.971213 0.0402946 0)
(1.05353 0.022818 0)
(1.02735 0.00636234 0)
(1.04219 0.000221553 0)
(1.03579 -0.000417925 0)
(1.03856 0.000168502 0)
(1.03748 0.000374397 0)
(1.03816 0.000460494 0)
(1.03808 0.000405381 0)
(1.03831 0.000355407 0)
(1.03837 0.000296073 0)
(1.03848 0.000250337 0)
(1.03855 0.00021034 0)
(1.03861 0.000178453 0)
(1.03866 0.000152237 0)
(1.03871 0.000130776 0)
(1.03875 0.000113022 0)
(1.03878 9.79485e-05 0)
(1.03881 8.52165e-05 0)
(1.03883 7.39678e-05 0)
(1.03885 6.43305e-05 0)
(1.03887 5.57276e-05 0)
(1.03888 4.8212e-05 0)
(1.0389 4.1477e-05 0)
(1.03891 3.55685e-05 0)
(1.03892 3.02998e-05 0)
(1.03893 2.57686e-05 0)
(1.03893 2.1628e-05 0)
(1.03894 1.82246e-05 0)
(1.03894 1.50668e-05 0)
(1.03894 1.25726e-05 0)
(1.03895 1.02982e-05 0)
(1.03895 8.48236e-06 0)
(1.03895 6.82189e-06 0)
(1.03895 5.5906e-06 0)
(1.03896 4.46419e-06 0)
(1.03896 3.66653e-06 0)
(1.03896 2.85494e-06 0)
(1.03896 2.38839e-06 0)
(1.03896 1.83787e-06 0)
(1.03896 1.55104e-06 0)
(1.03896 1.13386e-06 0)
(1.03896 9.77846e-07 0)
(1.03896 7.28082e-07 0)
(1.03896 6.60642e-07 0)
(1.03896 4.39327e-07 0)
(1.03896 3.97171e-07 0)
(1.03896 1.77936e-07 0)
(1.03896 2.04336e-07 0)
(1.03896 2.89982e-08 0)
(1.03896 7.22979e-08 0)
(1.03896 -4.93724e-08 0)
(1.03896 4.67289e-08 0)
(1.03896 -2.55677e-08 0)
(1.03896 6.34972e-08 0)
(1.03896 -1.49371e-08 0)
(1.03896 8.4904e-08 0)
(1.03896 8.43808e-09 0)
(1.03896 1.08928e-07 0)
(1.03896 2.77979e-08 0)
(1.03896 8.1735e-08 0)
(1.03896 -2.62325e-08 0)
(1.03896 6.38656e-08 0)
(1.03896 -2.19507e-08 0)
(1.03896 2.54825e-08 0)
(1.03896 -7.39144e-08 0)
(1.03896 5.82236e-09 0)
(1.03896 -1.03151e-07 0)
(1.03896 -2.60368e-08 0)
(1.03896 -7.62431e-08 0)
(1.03896 1.59983e-08 0)
(1.03896 -3.84276e-08 0)
(1.03896 6.8361e-08 0)
(1.03896 4.79585e-08 0)
(1.03896 1.21873e-07 0)
(1.03896 8.60114e-08 0)
(1.03896 1.74827e-07 0)
(1.03896 1.35558e-07 0)
(1.03896 2.18111e-07 0)
(1.03896 1.85927e-07 0)
(1.03896 2.72212e-07 0)
(1.03896 3.11827e-07 0)
(1.03896 4.77904e-07 0)
(1.03896 6.25442e-07 0)
(1.03896 9.88089e-07 0)
(1.03896 1.39956e-06 0)
(1.03896 2.07649e-06 0)
(1.03896 2.88111e-06 0)
(1.03896 4.08033e-06 0)
(1.03896 5.69553e-06 0)
(1.03897 8.10146e-06 0)
(1.03897 1.14881e-05 0)
(1.03897 1.72347e-05 0)
(1.03898 2.56581e-05 0)
(1.03898 4.46636e-05 0)
(1.03899 7.58953e-05 0)
(1.03899 0.000203082 0)
(1.0391 0.000519115 0)
(1.03926 0.00181089 0)
(1.04037 0.0035772 0)
(0.970348 0.0342352 0)
(1.05229 0.0201307 0)
(1.02708 0.00573209 0)
(1.04197 0.000184326 0)
(1.03554 -0.000381215 0)
(1.0383 0.000142546 0)
(1.03722 0.00033713 0)
(1.03794 0.000414819 0)
(1.03789 0.000366562 0)
(1.03814 0.000321505 0)
(1.03823 0.000268121 0)
(1.03836 0.000226827 0)
(1.03844 0.000190777 0)
(1.03852 0.000161984 0)
(1.03858 0.000138299 0)
(1.03864 0.000118885 0)
(1.03868 0.00010283 0)
(1.03873 8.91843e-05 0)
(1.03876 7.76696e-05 0)
(1.03879 6.74592e-05 0)
(1.03882 5.87374e-05 0)
(1.03884 5.09212e-05 0)
(1.03886 4.41147e-05 0)
(1.03888 3.79903e-05 0)
(1.03889 3.26168e-05 0)
(1.0389 2.78035e-05 0)
(1.03891 2.36805e-05 0)
(1.03892 1.98893e-05 0)
(1.03893 1.67788e-05 0)
(1.03893 1.38637e-05 0)
(1.03894 1.15647e-05 0)
(1.03894 9.46547e-06 0)
(1.03895 7.81463e-06 0)
(1.03895 6.2837e-06 0)
(1.03895 5.15124e-06 0)
(1.03895 4.11452e-06 0)
(1.03896 3.40166e-06 0)
(1.03896 2.64941e-06 0)
(1.03896 2.20856e-06 0)
(1.03896 1.68962e-06 0)
(1.03896 1.43894e-06 0)
(1.03896 1.04469e-06 0)
(1.03896 9.06736e-07 0)
(1.03896 6.73016e-07 0)
(1.03896 6.20192e-07 0)
(1.03896 4.04487e-07 0)
(1.03896 3.72507e-07 0)
(1.03896 1.57082e-07 0)
(1.03896 1.96125e-07 0)
(1.03896 2.28751e-08 0)
(1.03896 6.51194e-08 0)
(1.03896 -5.43772e-08 0)
(1.03896 3.22365e-08 0)
(1.03896 -3.857e-08 0)
(1.03896 5.74666e-08 0)
(1.03896 -1.55869e-08 0)
(1.03896 8.65356e-08 0)
(1.03896 7.28438e-09 0)
(1.03896 1.13343e-07 0)
(1.03896 2.54949e-08 0)
(1.03896 7.438e-08 0)
(1.03896 -4.15266e-08 0)
(1.03896 4.31715e-08 0)
(1.03896 -3.73856e-08 0)
(1.03896 1.65249e-08 0)
(1.03896 -8.51993e-08 0)
(1.03896 -1.23698e-09 0)
(1.03896 -1.05865e-07 0)
(1.03896 -3.15454e-08 0)
(1.03896 -7.55359e-08 0)
(1.03896 2.31607e-08 0)
(1.03896 -3.32878e-08 0)
(1.03896 7.4789e-08 0)
(1.03896 5.47451e-08 0)
(1.03896 1.19061e-07 0)
(1.03896 7.54187e-08 0)
(1.03896 1.65659e-07 0)
(1.03896 1.26273e-07 0)
(1.03896 2.10352e-07 0)
(1.03896 1.71472e-07 0)
(1.03896 2.42698e-07 0)
(1.03896 2.70172e-07 0)
(1.03896 4.26416e-07 0)
(1.03896 5.5355e-07 0)
(1.03896 8.86281e-07 0)
(1.03896 1.25205e-06 0)
(1.03896 1.88258e-06 0)
(1.03896 2.62288e-06 0)
(1.03896 3.72154e-06 0)
(1.03897 5.20723e-06 0)
(1.03897 7.43084e-06 0)
(1.03897 1.05794e-05 0)
(1.03898 1.60037e-05 0)
(1.03898 2.40502e-05 0)
(1.03899 4.22873e-05 0)
(1.03901 7.20279e-05 0)
(1.03902 0.000190704 0)
(1.03917 0.000480348 0)
(1.03938 0.00166359 0)
(1.04087 0.00327229 0)
(0.969664 0.0284843 0)
(1.05125 0.01728 0)
(1.02686 0.00500682 0)
(1.04178 0.000150272 0)
(1.03532 -0.000337162 0)
(1.03807 0.000117412 0)
(1.037 0.000294241 0)
(1.03775 0.000362262 0)
(1.03772 0.000321213 0)
(1.038 0.000281843 0)
(1.0381 0.000235235 0)
(1.03825 0.000199089 0)
(1.03834 0.000167597 0)
(1.03844 0.000142395 0)
(1.03851 0.000121664 0)
(1.03857 0.000104643 0)
(1.03863 9.05739e-05 0)
(1.03868 7.86022e-05 0)
(1.03872 6.85133e-05 0)
(1.03876 5.95332e-05 0)
(1.03879 5.18877e-05 0)
(1.03881 4.50107e-05 0)
(1.03884 3.90475e-05 0)
(1.03886 3.36587e-05 0)
(1.03888 2.89322e-05 0)
(1.03889 2.46725e-05 0)
(1.0389 2.10415e-05 0)
(1.03891 1.76779e-05 0)
(1.03892 1.49321e-05 0)
(1.03893 1.23264e-05 0)
(1.03893 1.02763e-05 0)
(1.03894 8.40002e-06 0)
(1.03894 6.95556e-06 0)
(1.03895 5.59193e-06 0)
(1.03895 4.58494e-06 0)
(1.03895 3.65795e-06 0)
(1.03895 3.04703e-06 0)
(1.03896 2.37076e-06 0)
(1.03896 1.97019e-06 0)
(1.03896 1.49559e-06 0)
(1.03896 1.29214e-06 0)
(1.03896 9.32777e-07 0)
(1.03896 8.18582e-07 0)
(1.03896 6.04485e-07 0)
(1.03896 5.65836e-07 0)
(1.03896 3.60163e-07 0)
(1.03896 3.44076e-07 0)
(1.03896 1.35877e-07 0)
(1.03896 1.83689e-07 0)
(1.03896 1.64414e-08 0)
(1.03896 5.89887e-08 0)
(1.03896 -5.73964e-08 0)
(1.03896 2.08611e-08 0)
(1.03896 -4.85981e-08 0)
(1.03896 5.38896e-08 0)
(1.03896 -1.1932e-08 0)
(1.03896 9.31059e-08 0)
(1.03896 9.87866e-09 0)
(1.03896 1.1583e-07 0)
(1.03896 2.18938e-08 0)
(1.03896 6.85321e-08 0)
(1.03896 -4.93255e-08 0)
(1.03896 2.69992e-08 0)
(1.03896 -4.79275e-08 0)
(1.03896 1.47267e-08 0)
(1.03896 -8.79845e-08 0)
(1.03896 -4.20252e-09 0)
(1.03896 -1.01851e-07 0)
(1.03896 -2.92599e-08 0)
(1.03896 -6.94807e-08 0)
(1.03896 3.52e-08 0)
(1.03896 -2.37675e-08 0)
(1.03896 8.22825e-08 0)
(1.03896 6.30291e-08 0)
(1.03896 1.19723e-07 0)
(1.03896 6.86047e-08 0)
(1.03896 1.58478e-07 0)
(1.03896 1.18913e-07 0)
(1.03896 2.05503e-07 0)
(1.03896 1.61355e-07 0)
(1.03896 2.11584e-07 0)
(1.03896 2.20615e-07 0)
(1.03896 3.6332e-07 0)
(1.03896 4.7043e-07 0)
(1.03896 7.6942e-07 0)
(1.03896 1.08002e-06 0)
(1.03896 1.64999e-06 0)
(1.03896 2.31207e-06 0)
(1.03897 3.28843e-06 0)
(1.03897 4.61046e-06 0)
(1.03897 6.60041e-06 0)
(1.03897 9.42306e-06 0)
(1.03898 1.43521e-05 0)
(1.03899 2.1729e-05 0)
(1.039 3.85058e-05 0)
(1.03903 6.56935e-05 0)
(1.03905 0.000172401 0)
(1.03925 0.000429097 0)
(1.03949 0.00147667 0)
(1.04131 0.00289411 0)
(0.969129 0.0229832 0)
(1.05041 0.0142999 0)
(1.02668 0.00420238 0)
(1.04163 0.000119049 0)
(1.03514 -0.000286287 0)
(1.03788 9.35088e-05 0)
(1.03681 0.000246769 0)
(1.03758 0.000303991 0)
(1.03757 0.000270379 0)
(1.03787 0.000237329 0)
(1.03799 0.000198173 0)
(1.03815 0.000167764 0)
(1.03826 0.000141339 0)
(1.03837 0.000120149 0)
(1.03845 0.000102725 0)
(1.03852 8.83861e-05 0)
(1.03858 7.6546e-05 0)
(1.03864 6.64558e-05 0)
(1.03868 5.79688e-05 0)
(1.03873 5.03834e-05 0)
(1.03876 4.39526e-05 0)
(1.03879 3.81459e-05 0)
(1.03882 3.31354e-05 0)
(1.03884 2.85878e-05 0)
(1.03886 2.46057e-05 0)
(1.03888 2.0987e-05 0)
(1.03889 1.79214e-05 0)
(1.0389 1.5051e-05 0)
(1.03891 1.27325e-05 0)
(1.03892 1.04953e-05 0)
(1.03893 8.74434e-06 0)
(1.03894 7.13294e-06 0)
(1.03894 5.92624e-06 0)
(1.03894 4.76166e-06 0)
(1.03895 3.90651e-06 0)
(1.03895 3.10699e-06 0)
(1.03895 2.60958e-06 0)
(1.03895 2.02397e-06 0)
(1.03896 1.68213e-06 0)
(1.03896 1.26427e-06 0)
(1.03896 1.11475e-06 0)
(1.03896 7.99114e-07 0)
(1.03896 7.13433e-07 0)
(1.03896 5.21085e-07 0)
(1.03896 4.96309e-07 0)
(1.03896 3.05082e-07 0)
(1.03896 3.10256e-07 0)
(1.03896 1.12875e-07 0)
(1.03896 1.64611e-07 0)
(1.03896 6.47653e-09 0)
(1.03896 5.09002e-08 0)
(1.03896 -6.10211e-08 0)
(1.03896 1.17962e-08 0)
(1.03896 -5.62068e-08 0)
(1.03896 5.01717e-08 0)
(1.03896 -7.90846e-09 0)
(1.03896 1.02572e-07 0)
(1.03896 1.68296e-08 0)
(1.03896 1.17223e-07 0)
(1.03896 1.77991e-08 0)
(1.03896 6.3869e-08 0)
(1.03896 -5.06956e-08 0)
(1.03896 1.44373e-08 0)
(1.03896 -5.71742e-08 0)
(1.03896 1.394e-08 0)
(1.03896 -8.9072e-08 0)
(1.03896 -8.49094e-09 0)
(1.03896 -9.72315e-08 0)
(1.03896 -2.39383e-08 0)
(1.03896 -6.15557e-08 0)
(1.03896 4.94273e-08 0)
(1.03896 -1.06962e-08 0)
(1.03896 8.94102e-08 0)
(1.03896 7.12139e-08 0)
(1.03896 1.2386e-07 0)
(1.03896 6.62646e-08 0)
(1.03896 1.51642e-07 0)
(1.03896 1.08815e-07 0)
(1.03896 1.96622e-07 0)
(1.03896 1.48865e-07 0)
(1.03896 1.75995e-07 0)
(1.03896 1.6238e-07 0)
(1.03896 2.8765e-07 0)
(1.03896 3.74763e-07 0)
(1.03896 6.37516e-07 0)
(1.03896 8.88217e-07 0)
(1.03896 1.38496e-06 0)
(1.03896 1.95535e-06 0)
(1.03897 2.79113e-06 0)
(1.03897 3.9166e-06 0)
(1.03897 5.62566e-06 0)
(1.03898 8.04382e-06 0)
(1.03898 1.23191e-05 0)
(1.03899 1.87558e-05 0)
(1.03901 3.34358e-05 0)
(1.03904 5.7109e-05 0)
(1.03907 0.000148792 0)
(1.03931 0.000366847 0)
(1.03959 0.00125564 0)
(1.04168 0.00245355 0)
(0.968723 0.0176793 0)
(1.04975 0.0112197 0)
(1.02654 0.00333395 0)
(1.0415 9.01855e-05 0)
(1.035 -0.000229402 0)
(1.03773 7.09794e-05 0)
(1.03666 0.000195669 0)
(1.03745 0.000241117 0)
(1.03746 0.000215083 0)
(1.03777 0.000188858 0)
(1.03791 0.000157691 0)
(1.03808 0.000133495 0)
(1.0382 0.000112551 0)
(1.03831 9.57178e-05 0)
(1.0384 8.18887e-05 0)
(1.03848 7.04663e-05 0)
(1.03855 6.10532e-05 0)
(1.0386 5.30112e-05 0)
(1.03866 4.62722e-05 0)
(1.0387 4.02158e-05 0)
(1.03874 3.51172e-05 0)
(1.03877 3.0487e-05 0)
(1.0388 2.65161e-05 0)
(1.03883 2.28958e-05 0)
(1.03885 1.97388e-05 0)
(1.03887 1.6836e-05 0)
(1.03888 1.43983e-05 0)
(1.0389 1.20747e-05 0)
(1.03891 1.02358e-05 0)
(1.03892 8.41643e-06 0)
(1.03893 7.0094e-06 0)
(1.03893 5.69734e-06 0)
(1.03894 4.75153e-06 0)
(1.03894 3.81095e-06 0)
(1.03895 3.13243e-06 0)
(1.03895 2.47535e-06 0)
(1.03895 2.09938e-06 0)
(1.03895 1.6178e-06 0)
(1.03895 1.35418e-06 0)
(1.03896 1.00262e-06 0)
(1.03896 9.10004e-07 0)
(1.03896 6.4425e-07 0)
(1.03896 5.9176e-07 0)
(1.03896 4.21768e-07 0)
(1.03896 4.12357e-07 0)
(1.03896 2.39439e-07 0)
(1.03896 2.69619e-07 0)
(1.03896 8.61451e-08 0)
(1.03896 1.3826e-07 0)
(1.03896 -8.56411e-09 0)
(1.03896 3.95054e-08 0)
(1.03896 -6.72243e-08 0)
(1.03896 4.38475e-09 0)
(1.03896 -6.18426e-08 0)
(1.03896 4.51577e-08 0)
(1.03896 -6.28689e-09 0)
(1.03896 1.13084e-07 0)
(1.03896 2.74346e-08 0)
(1.03896 1.18688e-07 0)
(1.03896 1.39178e-08 0)
(1.03896 6.04991e-08 0)
(1.03896 -4.78448e-08 0)
(1.03896 4.58686e-09 0)
(1.03896 -6.75327e-08 0)
(1.03896 9.94275e-09 0)
(1.03896 -9.30843e-08 0)
(1.03896 -1.67017e-08 0)
(1.03896 -9.51907e-08 0)
(1.03896 -1.84635e-08 0)
(1.03896 -5.41317e-08 0)
(1.03896 6.39543e-08 0)
(1.03896 5.52023e-09 0)
(1.03896 9.63397e-08 0)
(1.03896 7.80639e-08 0)
(1.03896 1.30567e-07 0)
(1.03896 6.82191e-08 0)
(1.03896 1.44555e-07 0)
(1.03896 9.31199e-08 0)
(1.03896 1.77948e-07 0)
(1.03896 1.27646e-07 0)
(1.03896 1.35139e-07 0)
(1.03896 9.79196e-08 0)
(1.03896 2.01857e-07 0)
(1.03896 2.67109e-07 0)
(1.03896 4.91603e-07 0)
(1.03896 6.8209e-07 0)
(1.03896 1.09453e-06 0)
(1.03897 1.55961e-06 0)
(1.03897 2.24016e-06 0)
(1.03897 3.1395e-06 0)
(1.03897 4.52565e-06 0)
(1.03898 6.47153e-06 0)
(1.03899 9.95563e-06 0)
(1.039 1.52152e-05 0)
(1.03901 2.72433e-05 0)
(1.03906 4.65708e-05 0)
(1.03909 0.000120644 0)
(1.03936 0.000295298 0)
(1.03967 0.00100632 0)
(1.04198 0.00196172 0)
(0.968431 0.0125242 0)
(1.04927 0.00806512 0)
(1.02644 0.00241622 0)
(1.04141 6.31559e-05 0)
(1.0349 -0.000167569 0)
(1.03762 4.97478e-05 0)
(1.03655 0.000141822 0)
(1.03736 0.000174704 0)
(1.03737 0.00015633 0)
(1.0377 0.000137317 0)
(1.03784 0.000114547 0)
(1.03802 9.69301e-05 0)
(1.03815 8.17869e-05 0)
(1.03826 6.95817e-05 0)
(1.03836 5.957e-05 0)
(1.03844 5.12455e-05 0)
(1.03852 4.4413e-05 0)
(1.03858 3.85461e-05 0)
(1.03863 3.36711e-05 0)
(1.03868 2.92465e-05 0)
(1.03872 2.55748e-05 0)
(1.03876 2.22023e-05 0)
(1.03879 1.93387e-05 0)
(1.03882 1.67122e-05 0)
(1.03884 1.44432e-05 0)
(1.03886 1.23151e-05 0)
(1.03888 1.05564e-05 0)
(1.03889 8.82341e-06 0)
(1.0389 7.50465e-06 0)
(1.03891 6.14185e-06 0)
(1.03892 5.11528e-06 0)
(1.03893 4.12891e-06 0)
(1.03894 3.46051e-06 0)
(1.03894 2.76165e-06 0)
(1.03894 2.28075e-06 0)
(1.03895 1.77854e-06 0)
(1.03895 1.53013e-06 0)
(1.03895 1.16412e-06 0)
(1.03895 9.95209e-07 0)
(1.03896 7.1598e-07 0)
(1.03896 6.81047e-07 0)
(1.03896 4.69547e-07 0)
(1.03896 4.548e-07 0)
(1.03896 3.07295e-07 0)
(1.03896 3.1643e-07 0)
(1.03896 1.641e-07 0)
(1.03896 2.20281e-07 0)
(1.03896 5.38459e-08 0)
(1.03896 1.05834e-07 0)
(1.03896 -2.80292e-08 0)
(1.03896 2.50263e-08 0)
(1.03896 -7.69497e-08 0)
(1.03896 -2.42206e-09 0)
(1.03896 -6.61152e-08 0)
(1.03896 3.90546e-08 0)
(1.03896 -8.46946e-09 0)
(1.03896 1.22017e-07 0)
(1.03896 3.89196e-08 0)
(1.03896 1.20493e-07 0)
(1.03896 1.10612e-08 0)
(1.03896 5.84975e-08 0)
(1.03896 -4.28788e-08 0)
(1.03896 -2.43467e-09 0)
(1.03896 -7.87168e-08 0)
(1.03896 1.99398e-09 0)
(1.03896 -1.00796e-07 0)
(1.03896 -2.83833e-08 0)
(1.03896 -9.63162e-08 0)
(1.03896 -1.4659e-08 0)
(1.03896 -4.89907e-08 0)
(1.03896 7.6501e-08 0)
(1.03896 2.32345e-08 0)
(1.03896 1.03576e-07 0)
(1.03896 8.2717e-08 0)
(1.03896 1.38208e-07 0)
(1.03896 7.36174e-08 0)
(1.03896 1.37993e-07 0)
(1.03896 7.23393e-08 0)
(1.03896 1.4764e-07 0)
(1.03896 9.47753e-08 0)
(1.03896 9.03638e-08 0)
(1.03896 3.14925e-08 0)
(1.03896 1.10449e-07 0)
(1.03896 1.49903e-07 0)
(1.03896 3.33646e-07 0)
(1.03896 4.6635e-07 0)
(1.03896 7.85821e-07 0)
(1.03897 1.13267e-06 0)
(1.03897 1.64691e-06 0)
(1.03897 2.29652e-06 0)
(1.03897 3.32423e-06 0)
(1.03898 4.74274e-06 0)
(1.03899 7.3236e-06 0)
(1.039 1.1212e-05 0)
(1.03902 2.01353e-05 0)
(1.03907 3.44423e-05 0)
(1.0391 8.88445e-05 0)
(1.0394 0.000216333 0)
(1.03973 0.0007348 0)
(1.04221 0.00142987 0)
(0.968242 0.00747336 0)
(1.04895 0.00485905 0)
(1.02637 0.00146354 0)
(1.04135 3.74231e-05 0)
(1.03483 -0.000102055 0)
(1.03755 2.95659e-05 0)
(1.03648 8.60505e-05 0)
(1.03729 0.000105786 0)
(1.03731 9.51102e-05 0)
(1.03765 8.35888e-05 0)
(1.0378 6.95022e-05 0)
(1.03798 5.87245e-05 0)
(1.03811 4.96085e-05 0)
(1.03824 4.22284e-05 0)
(1.03833 3.61917e-05 0)
(1.03842 3.10939e-05 0)
(1.0385 2.69492e-05 0)
(1.03856 2.33465e-05 0)
(1.03862 2.04187e-05 0)
(1.03867 1.76973e-05 0)
(1.03871 1.5522e-05 0)
(1.03875 1.34654e-05 0)
(1.03878 1.17593e-05 0)
(1.03881 1.01741e-05 0)
(1.03884 8.83675e-06 0)
(1.03886 7.52535e-06 0)
(1.03887 6.48408e-06 0)
(1.03889 5.37632e-06 0)
(1.0389 4.60597e-06 0)
(1.03891 3.72745e-06 0)
(1.03892 3.10736e-06 0)
(1.03893 2.46483e-06 0)
(1.03893 2.08431e-06 0)
(1.03894 1.6381e-06 0)
(1.03894 1.37052e-06 0)
(1.03895 1.03375e-06 0)
(1.03895 9.17853e-07 0)
(1.03895 6.76156e-07 0)
(1.03895 6.12673e-07 0)
(1.03896 4.09588e-07 0)
(1.03896 4.32012e-07 0)
(1.03896 2.78054e-07 0)
(1.03896 3.04618e-07 0)
(1.03896 1.80121e-07 0)
(1.03896 2.11088e-07 0)
(1.03896 7.99516e-08 0)
(1.03896 1.60308e-07 0)
(1.03896 1.49073e-08 0)
(1.03896 6.9642e-08 0)
(1.03896 -4.99485e-08 0)
(1.03896 8.15068e-09 0)
(1.03896 -9.02191e-08 0)
(1.03896 -1.00146e-08 0)
(1.03896 -6.93153e-08 0)
(1.03896 3.24583e-08 0)
(1.03896 -1.47073e-08 0)
(1.03896 1.26047e-07 0)
(1.03896 4.75398e-08 0)
(1.03896 1.21778e-07 0)
(1.03896 9.66526e-09 0)
(1.03896 5.68692e-08 0)
(1.03896 -3.75573e-08 0)
(1.03896 -6.42357e-09 0)
(1.03896 -8.89075e-08 0)
(1.03896 -8.43793e-09 0)
(1.03896 -1.10794e-07 0)
(1.03896 -4.1752e-08 0)
(1.03896 -1.00123e-07 0)
(1.03896 -1.38915e-08 0)
(1.03896 -4.74977e-08 0)
(1.03896 8.40778e-08 0)
(1.03896 3.9285e-08 0)
(1.03896 1.10686e-07 0)
(1.03896 8.48871e-08 0)
(1.03896 1.45062e-07 0)
(1.03896 8.10955e-08 0)
(1.03896 1.33109e-07 0)
(1.03896 4.9684e-08 0)
(1.03896 1.07986e-07 0)
(1.03896 5.10277e-08 0)
(1.03896 4.32082e-08 0)
(1.03896 -3.3554e-08 0)
(1.03896 1.74903e-08 0)
(1.03896 2.58596e-08 0)
(1.03896 1.65206e-07 0)
(1.03896 2.43368e-07 0)
(1.03896 4.64984e-07 0)
(1.03897 6.83095e-07 0)
(1.03897 1.02305e-06 0)
(1.03897 1.40717e-06 0)
(1.03897 2.04894e-06 0)
(1.03898 2.89965e-06 0)
(1.03899 4.49377e-06 0)
(1.039 6.86676e-06 0)
(1.03902 1.23507e-05 0)
(1.03907 2.11388e-05 0)
(1.03911 5.4374e-05 0)
(1.03943 0.000131972 0)
(1.03977 0.000447294 0)
(1.04236 0.000869384 0)
(0.968149 0.00248411 0)
(1.04879 0.0016228 0)
(1.02634 0.000489965 0)
(1.04132 1.24577e-05 0)
(1.0348 -3.42741e-05 0)
(1.03751 1.00626e-05 0)
(1.03644 2.91362e-05 0)
(1.03726 3.5372e-05 0)
(1.03728 3.241e-05 0)
(1.03762 2.85517e-05 0)
(1.03778 2.33214e-05 0)
(1.03796 1.95368e-05 0)
(1.0381 1.65831e-05 0)
(1.03822 1.41472e-05 0)
(1.03832 1.21785e-05 0)
(1.03841 1.03856e-05 0)
(1.03849 8.98865e-06 0)
(1.03855 7.70285e-06 0)
(1.03861 6.77067e-06 0)
(1.03866 5.79501e-06 0)
(1.03871 5.15811e-06 0)
(1.03874 4.45405e-06 0)
(1.03878 3.93919e-06 0)
(1.03881 3.42263e-06 0)
(1.03883 3.04214e-06 0)
(1.03885 2.57145e-06 0)
(1.03887 2.27231e-06 0)
(1.03889 1.81481e-06 0)
(1.0389 1.60816e-06 0)
(1.03891 1.23078e-06 0)
(1.03892 1.03139e-06 0)
(1.03893 7.42708e-07 0)
(1.03893 6.54858e-07 0)
(1.03894 4.66651e-07 0)
(1.03894 4.22535e-07 0)
(1.03895 2.59942e-07 0)
(1.03895 2.79885e-07 0)
(1.03895 1.67711e-07 0)
(1.03895 2.14242e-07 0)
(1.03896 9.05834e-08 0)
(1.03896 1.69518e-07 0)
(1.03896 7.46592e-08 0)
(1.03896 1.44065e-07 0)
(1.03896 4.38464e-08 0)
(1.03896 9.8815e-08 0)
(1.03896 -1.1349e-08 0)
(1.03896 8.94412e-08 0)
(1.03896 -3.00822e-08 0)
(1.03896 3.23742e-08 0)
(1.03896 -7.20108e-08 0)
(1.03896 -1.0138e-08 0)
(1.03896 -1.0564e-07 0)
(1.03896 -1.89373e-08 0)
(1.03896 -7.13253e-08 0)
(1.03896 2.62996e-08 0)
(1.03896 -2.39093e-08 0)
(1.03896 1.22865e-07 0)
(1.03896 5.05619e-08 0)
(1.03896 1.21087e-07 0)
(1.03896 9.40008e-09 0)
(1.03896 5.43039e-08 0)
(1.03896 -3.35372e-08 0)
(1.03896 -7.57199e-09 0)
(1.03896 -9.63266e-08 0)
(1.03896 -1.93852e-08 0)
(1.03896 -1.21238e-07 0)
(1.03896 -5.4854e-08 0)
(1.03896 -1.05477e-07 0)
(1.03896 -1.65646e-08 0)
(1.03896 -4.99802e-08 0)
(1.03896 8.41992e-08 0)
(1.03896 5.03046e-08 0)
(1.03896 1.16998e-07 0)
(1.03896 8.57765e-08 0)
(1.03896 1.5047e-07 0)
(1.03896 8.90572e-08 0)
(1.03896 1.30174e-07 0)
(1.03896 2.89343e-08 0)
(1.03896 6.3808e-08 0)
(1.03896 -2.70194e-10 0)
(1.03896 -5.81657e-09 0)
(1.03896 -9.62204e-08 0)
(1.03896 -7.49387e-08 0)
(1.03896 -1.02993e-07 0)
(1.03896 -1.22197e-08 0)
(1.03896 1.40696e-08 0)
(1.03896 1.37585e-07 0)
(1.03897 2.2038e-07 0)
(1.03897 3.80282e-07 0)
(1.03897 4.91663e-07 0)
(1.03897 7.29636e-07 0)
(1.03898 9.88501e-07 0)
(1.03899 1.54312e-06 0)
(1.03901 2.3116e-06 0)
(1.03902 4.15114e-06 0)
(1.03908 7.11389e-06 0)
(1.03912 1.82777e-05 0)
(1.03944 4.43325e-05 0)
(1.03979 0.000150154 0)
(1.04244 0.000291683 0)
(0.968149 -0.00248476 0)
(1.04879 -0.0016234 0)
(1.02634 -0.000490549 0)
(1.04132 -1.22574e-05 0)
(1.0348 3.42701e-05 0)
(1.03751 -9.20934e-06 0)
(1.03644 -2.8165e-05 0)
(1.03726 -3.55395e-05 0)
(1.03728 -3.0791e-05 0)
(1.03762 -2.69223e-05 0)
(1.03778 -2.32334e-05 0)
(1.03796 -1.99728e-05 0)
(1.0381 -1.67201e-05 0)
(1.03822 -1.41724e-05 0)
(1.03832 -1.20446e-05 0)
(1.03841 -1.05052e-05 0)
(1.03849 -9.14026e-06 0)
(1.03855 -8.09163e-06 0)
(1.03861 -7.01405e-06 0)
(1.03866 -6.2292e-06 0)
(1.03871 -5.31364e-06 0)
(1.03874 -4.65073e-06 0)
(1.03878 -3.95881e-06 0)
(1.03881 -3.39938e-06 0)
(1.03883 -2.81576e-06 0)
(1.03885 -2.43853e-06 0)
(1.03887 -1.98594e-06 0)
(1.03889 -1.78017e-06 0)
(1.0389 -1.42051e-06 0)
(1.03891 -1.29109e-06 0)
(1.03892 -1.06693e-06 0)
(1.03893 -9.99559e-07 0)
(1.03893 -7.94876e-07 0)
(1.03894 -7.24126e-07 0)
(1.03894 -5.40304e-07 0)
(1.03895 -5.22823e-07 0)
(1.03895 -3.65796e-07 0)
(1.03895 -3.47091e-07 0)
(1.03895 -1.90689e-07 0)
(1.03896 -2.31633e-07 0)
(1.03896 -9.73327e-08 0)
(1.03896 -1.34867e-07 0)
(1.03896 -2.34114e-08 0)
(1.03896 -9.71505e-08 0)
(1.03896 -1.70726e-08 0)
(1.03896 -1.06419e-07 0)
(1.03896 1.04162e-08 0)
(1.03896 -7.90291e-08 0)
(1.03896 -3.70032e-09 0)
(1.03896 -9.2507e-08 0)
(1.03896 -2.85176e-08 0)
(1.03896 -1.20735e-07 0)
(1.03896 -2.87794e-08 0)
(1.03896 -7.2292e-08 0)
(1.03896 2.18519e-08 0)
(1.03896 -3.3807e-08 0)
(1.03896 1.12667e-07 0)
(1.03896 4.73092e-08 0)
(1.03896 1.17511e-07 0)
(1.03896 9.8168e-09 0)
(1.03896 5.00612e-08 0)
(1.03896 -3.20592e-08 0)
(1.03896 -6.6072e-09 0)
(1.03896 -1.00375e-07 0)
(1.03896 -2.95295e-08 0)
(1.03896 -1.30742e-07 0)
(1.03896 -6.60546e-08 0)
(1.03896 -1.10615e-07 0)
(1.03896 -2.15764e-08 0)
(1.03896 -5.51724e-08 0)
(1.03896 7.65568e-08 0)
(1.03896 5.45412e-08 0)
(1.03896 1.22724e-07 0)
(1.03896 8.80051e-08 0)
(1.03896 1.54873e-07 0)
(1.03896 9.53637e-08 0)
(1.03896 1.27605e-07 0)
(1.03896 1.19996e-08 0)
(1.03896 2.02152e-08 0)
(1.03896 -5.4923e-08 0)
(1.03896 -5.70448e-08 0)
(1.03896 -1.57674e-07 0)
(1.03896 -1.66545e-07 0)
(1.03896 -2.34236e-07 0)
(1.03896 -1.95658e-07 0)
(1.03896 -2.19982e-07 0)
(1.03896 -1.90602e-07 0)
(1.03897 -2.45337e-07 0)
(1.03897 -2.69566e-07 0)
(1.03897 -4.30446e-07 0)
(1.03897 -6.02987e-07 0)
(1.03898 -9.42698e-07 0)
(1.03899 -1.44757e-06 0)
(1.03901 -2.31425e-06 0)
(1.03902 -4.18771e-06 0)
(1.03908 -7.15567e-06 0)
(1.03912 -1.83613e-05 0)
(1.03944 -4.44069e-05 0)
(1.03979 -0.000150207 0)
(1.04244 -0.000291758 0)
(0.968242 -0.00747401 0)
(1.04895 -0.00485966 0)
(1.02637 -0.00146411 0)
(1.04135 -3.72331e-05 0)
(1.03483 0.000102045 0)
(1.03754 -2.87244e-05 0)
(1.03648 -8.51048e-05 0)
(1.03729 -0.000105956 0)
(1.03731 -9.35144e-05 0)
(1.03765 -8.19656e-05 0)
(1.0378 -6.94033e-05 0)
(1.03798 -5.91452e-05 0)
(1.03811 -4.97333e-05 0)
(1.03824 -4.22424e-05 0)
(1.03833 -3.60534e-05 0)
(1.03842 -3.12064e-05 0)
(1.0385 -2.7107e-05 0)
(1.03856 -2.37418e-05 0)
(1.03862 -2.06719e-05 0)
(1.03867 -1.81402e-05 0)
(1.03871 -1.56864e-05 0)
(1.03875 -1.3666e-05 0)
(1.03878 -1.17721e-05 0)
(1.03881 -1.01488e-05 0)
(1.03884 -8.61141e-06 0)
(1.03886 -7.39465e-06 0)
(1.03887 -6.19672e-06 0)
(1.03889 -5.32969e-06 0)
(1.0389 -4.41285e-06 0)
(1.03891 -3.78283e-06 0)
(1.03892 -3.14183e-06 0)
(1.03893 -2.72329e-06 0)
(1.03893 -2.23011e-06 0)
(1.03894 -1.90361e-06 0)
(1.03894 -1.49361e-06 0)
(1.03895 -1.29453e-06 0)
(1.03895 -1.00131e-06 0)
(1.03895 -8.54144e-07 0)
(1.03895 -5.91066e-07 0)
(1.03896 -5.47044e-07 0)
(1.03896 -3.58578e-07 0)
(1.03896 -3.44297e-07 0)
(1.03896 -1.93334e-07 0)
(1.03896 -2.37655e-07 0)
(1.03896 -1.31723e-07 0)
(1.03896 -2.0009e-07 0)
(1.03896 -7.12646e-08 0)
(1.03896 -1.29169e-07 0)
(1.03896 -3.74781e-08 0)
(1.03896 -1.10942e-07 0)
(1.03896 -4.57475e-08 0)
(1.03896 -1.33445e-07 0)
(1.03896 -3.88258e-08 0)
(1.03896 -7.3158e-08 0)
(1.03896 2.03647e-08 0)
(1.03896 -4.15167e-08 0)
(1.03896 9.83562e-08 0)
(1.03896 3.9506e-08 0)
(1.03896 1.11684e-07 0)
(1.03896 1.09324e-08 0)
(1.03896 4.45839e-08 0)
(1.03896 -3.34006e-08 0)
(1.03896 -4.90529e-09 0)
(1.03896 -1.01853e-07 0)
(1.03896 -3.84606e-08 0)
(1.03896 -1.38497e-07 0)
(1.03896 -7.41278e-08 0)
(1.03896 -1.13571e-07 0)
(1.03896 -2.64089e-08 0)
(1.03896 -6.03198e-08 0)
(1.03896 6.37869e-08 0)
(1.03896 5.29476e-08 0)
(1.03896 1.28936e-07 0)
(1.03896 9.41086e-08 0)
(1.03896 1.58829e-07 0)
(1.03896 9.72747e-08 0)
(1.03896 1.22196e-07 0)
(1.03896 -1.90946e-09 0)
(1.03896 -1.90804e-08 0)
(1.03896 -1.09063e-07 0)
(1.03896 -1.10753e-07 0)
(1.03896 -2.19556e-07 0)
(1.03896 -2.57273e-07 0)
(1.03896 -3.64097e-07 0)
(1.03896 -3.7957e-07 0)
(1.03896 -4.55153e-07 0)
(1.03896 -5.13542e-07 0)
(1.03897 -7.04299e-07 0)
(1.03897 -9.14753e-07 0)
(1.03897 -1.34101e-06 0)
(1.03897 -1.91894e-06 0)
(1.03898 -2.84665e-06 0)
(1.03899 -4.39668e-06 0)
(1.039 -6.86907e-06 0)
(1.03902 -1.23854e-05 0)
(1.03907 -2.11848e-05 0)
(1.03911 -5.44484e-05 0)
(1.03943 -0.000132048 0)
(1.03977 -0.000447353 0)
(1.04236 -0.000869454 0)
(0.968431 -0.0125249 0)
(1.04927 -0.00806573 0)
(1.02644 -0.00241679 0)
(1.04141 -6.29837e-05 0)
(1.0349 0.000167549 0)
(1.03762 -4.89327e-05 0)
(1.03655 -0.000140925 0)
(1.03736 -0.000174882 0)
(1.03737 -0.00015478 0)
(1.0377 -0.000135712 0)
(1.03784 -0.000114433 0)
(1.03802 -9.73243e-05 0)
(1.03815 -8.18912e-05 0)
(1.03826 -6.95769e-05 0)
(1.03836 -5.94243e-05 0)
(1.03844 -5.13486e-05 0)
(1.03852 -4.45794e-05 0)
(1.03858 -3.89512e-05 0)
(1.03863 -3.39361e-05 0)
(1.03868 -2.97016e-05 0)
(1.03872 -2.57517e-05 0)
(1.03876 -2.24082e-05 0)
(1.03879 -1.93398e-05 0)
(1.03882 -1.66831e-05 0)
(1.03884 -1.42206e-05 0)
(1.03886 -1.21875e-05 0)
(1.03888 -1.0267e-05 0)
(1.03889 -8.75731e-06 0)
(1.0389 -7.30311e-06 0)
(1.03891 -6.19055e-06 0)
(1.03892 -5.14705e-06 0)
(1.03893 -4.3883e-06 0)
(1.03894 -3.61421e-06 0)
(1.03894 -3.04013e-06 0)
(1.03894 -2.41296e-06 0)
(1.03895 -2.03627e-06 0)
(1.03895 -1.6096e-06 0)
(1.03895 -1.33993e-06 0)
(1.03895 -9.75834e-07 0)
(1.03896 -8.47227e-07 0)
(1.03896 -6.05636e-07 0)
(1.03896 -5.47022e-07 0)
(1.03896 -3.59607e-07 0)
(1.03896 -3.71675e-07 0)
(1.03896 -2.39326e-07 0)
(1.03896 -2.86516e-07 0)
(1.03896 -1.48922e-07 0)
(1.03896 -1.77605e-07 0)
(1.03896 -6.89308e-08 0)
(1.03896 -1.28107e-07 0)
(1.03896 -6.13724e-08 0)
(1.03896 -1.43276e-07 0)
(1.03896 -4.87345e-08 0)
(1.03896 -7.52153e-08 0)
(1.03896 2.26473e-08 0)
(1.03896 -4.42999e-08 0)
(1.03896 8.45277e-08 0)
(1.03896 3.06647e-08 0)
(1.03896 1.05581e-07 0)
(1.03896 1.32623e-08 0)
(1.03896 3.92806e-08 0)
(1.03896 -3.70499e-08 0)
(1.03896 -4.24303e-09 0)
(1.03896 -1.02473e-07 0)
(1.03896 -4.63372e-08 0)
(1.03896 -1.44065e-07 0)
(1.03896 -7.84287e-08 0)
(1.03896 -1.12916e-07 0)
(1.03896 -2.81568e-08 0)
(1.03896 -6.21238e-08 0)
(1.03896 5.06425e-08 0)
(1.03896 4.83854e-08 0)
(1.03896 1.36353e-07 0)
(1.03896 1.0462e-07 0)
(1.03896 1.62119e-07 0)
(1.03896 9.24557e-08 0)
(1.03896 1.10892e-07 0)
(1.03896 -1.51004e-08 0)
(1.03896 -5.20442e-08 0)
(1.03896 -1.5918e-07 0)
(1.03896 -1.66018e-07 0)
(1.03896 -2.82086e-07 0)
(1.03896 -3.45889e-07 0)
(1.03896 -4.87704e-07 0)
(1.03896 -5.56257e-07 0)
(1.03896 -6.85824e-07 0)
(1.03896 -8.25785e-07 0)
(1.03897 -1.14814e-06 0)
(1.03897 -1.54379e-06 0)
(1.03897 -2.22316e-06 0)
(1.03897 -3.18971e-06 0)
(1.03898 -4.67848e-06 0)
(1.03899 -7.2244e-06 0)
(1.039 -1.12136e-05 0)
(1.03902 -2.01665e-05 0)
(1.03907 -3.44959e-05 0)
(1.0391 -8.89039e-05 0)
(1.0394 -0.000216411 0)
(1.03973 -0.000734869 0)
(1.04221 -0.00142994 0)
(0.968723 -0.0176799 0)
(1.04975 -0.0112204 0)
(1.02654 -0.00333449 0)
(1.0415 -9.00341e-05 0)
(1.035 0.000229372 0)
(1.03773 -7.02072e-05 0)
(1.03666 -0.000194838 0)
(1.03745 -0.000241306 0)
(1.03746 -0.000213601 0)
(1.03777 -0.000187289 0)
(1.03791 -0.000157567 0)
(1.03808 -0.000133857 0)
(1.0382 -0.000112632 0)
(1.03831 -9.56918e-05 0)
(1.0384 -8.17353e-05 0)
(1.03848 -7.05631e-05 0)
(1.03855 -6.12259e-05 0)
(1.0386 -5.34248e-05 0)
(1.03866 -4.65418e-05 0)
(1.0387 -4.06799e-05 0)
(1.03874 -3.53034e-05 0)
(1.03877 -3.06955e-05 0)
(1.0388 -2.65042e-05 0)
(1.03883 -2.28626e-05 0)
(1.03885 -1.95225e-05 0)
(1.03887 -1.6711e-05 0)
(1.03888 -1.41062e-05 0)
(1.0389 -1.19885e-05 0)
(1.03891 -1.00267e-05 0)
(1.03892 -8.46062e-06 0)
(1.03893 -7.03574e-06 0)
(1.03893 -5.95311e-06 0)
(1.03894 -4.91007e-06 0)
(1.03894 -4.10287e-06 0)
(1.03895 -3.27535e-06 0)
(1.03895 -2.73069e-06 0)
(1.03895 -2.1751e-06 0)
(1.03895 -1.79213e-06 0)
(1.03895 -1.33573e-06 0)
(1.03896 -1.12627e-06 0)
(1.03896 -8.32186e-07 0)
(1.03896 -7.35931e-07 0)
(1.03896 -5.14787e-07 0)
(1.03896 -4.9306e-07 0)
(1.03896 -3.34729e-07 0)
(1.03896 -3.60741e-07 0)
(1.03896 -2.16549e-07 0)
(1.03896 -2.21543e-07 0)
(1.03896 -9.86445e-08 0)
(1.03896 -1.455e-07 0)
(1.03896 -7.59721e-08 0)
(1.03896 -1.50918e-07 0)
(1.03896 -5.84131e-08 0)
(1.03896 -7.91944e-08 0)
(1.03896 2.8651e-08 0)
(1.03896 -4.045e-08 0)
(1.03896 7.53953e-08 0)
(1.03896 2.42756e-08 0)
(1.03896 1.00854e-07 0)
(1.03896 1.69002e-08 0)
(1.03896 3.52442e-08 0)
(1.03896 -4.23135e-08 0)
(1.03896 -6.12652e-09 0)
(1.03896 -1.04037e-07 0)
(1.03896 -5.33481e-08 0)
(1.03896 -1.47129e-07 0)
(1.03896 -7.9023e-08 0)
(1.03896 -1.08434e-07 0)
(1.03896 -2.52507e-08 0)
(1.03896 -5.83045e-08 0)
(1.03896 4.17704e-08 0)
(1.03896 4.37014e-08 0)
(1.03896 1.44091e-07 0)
(1.03896 1.17255e-07 0)
(1.03896 1.63792e-07 0)
(1.03896 8.08108e-08 0)
(1.03896 9.30356e-08 0)
(1.03896 -2.92909e-08 0)
(1.03896 -7.77847e-08 0)
(1.03896 -2.02006e-07 0)
(1.03896 -2.20149e-07 0)
(1.03896 -3.43439e-07 0)
(1.03896 -4.29603e-07 0)
(1.03896 -5.99867e-07 0)
(1.03896 -7.17973e-07 0)
(1.03896 -9.05746e-07 0)
(1.03896 -1.12337e-06 0)
(1.03897 -1.5699e-06 0)
(1.03897 -2.14499e-06 0)
(1.03897 -3.06027e-06 0)
(1.03897 -4.38803e-06 0)
(1.03898 -6.39633e-06 0)
(1.03899 -9.855e-06 0)
(1.039 -1.52158e-05 0)
(1.03901 -2.72694e-05 0)
(1.03906 -4.66333e-05 0)
(1.03909 -0.000120687 0)
(1.03936 -0.000295376 0)
(1.03967 -0.00100641 0)
(1.04198 -0.00196177 0)
(0.969129 -0.0229838 0)
(1.05041 -0.0143005 0)
(1.02668 -0.00420288 0)
(1.04163 -0.000118917 0)
(1.03514 0.000286251 0)
(1.03788 -9.27916e-05 0)
(1.03681 -0.000246012 0)
(1.03758 -0.000304193 0)
(1.03757 -0.000268979 0)
(1.03787 -0.000235818 0)
(1.03799 -0.000198051 0)
(1.03815 -0.000168092 0)
(1.03826 -0.000141399 0)
(1.03837 -0.000120105 0)
(1.03845 -0.000102567 0)
(1.03852 -8.84822e-05 0)
(1.03858 -7.672e-05 0)
(1.03864 -6.68725e-05 0)
(1.03869 -5.82309e-05 0)
(1.03873 -5.08474e-05 0)
(1.03876 -4.41397e-05 0)
(1.03879 -3.83508e-05 0)
(1.03882 -3.31119e-05 0)
(1.03884 -2.85523e-05 0)
(1.03886 -2.44013e-05 0)
(1.03888 -2.0864e-05 0)
(1.03889 -1.76278e-05 0)
(1.0389 -1.49499e-05 0)
(1.03891 -1.25204e-05 0)
(1.03892 -1.05391e-05 0)
(1.03893 -8.76114e-06 0)
(1.03894 -7.37669e-06 0)
(1.03894 -6.08261e-06 0)
(1.03894 -5.06392e-06 0)
(1.03895 -4.05996e-06 0)
(1.03895 -3.36185e-06 0)
(1.03895 -2.68418e-06 0)
(1.03895 -2.19991e-06 0)
(1.03896 -1.66329e-06 0)
(1.03896 -1.37947e-06 0)
(1.03896 -1.03316e-06 0)
(1.03896 -9.03037e-07 0)
(1.03896 -6.51156e-07 0)
(1.03896 -5.96415e-07 0)
(1.03896 -4.14697e-07 0)
(1.03896 -4.19819e-07 0)
(1.03896 -2.70166e-07 0)
(1.03896 -2.58524e-07 0)
(1.03896 -1.27347e-07 0)
(1.03896 -1.64442e-07 0)
(1.03896 -9.05857e-08 0)
(1.03896 -1.56767e-07 0)
(1.03896 -6.71323e-08 0)
(1.03896 -8.45055e-08 0)
(1.03896 3.73043e-08 0)
(1.03896 -3.01877e-08 0)
(1.03896 7.25507e-08 0)
(1.03896 2.17622e-08 0)
(1.03896 9.7101e-08 0)
(1.03896 2.04571e-08 0)
(1.03896 3.23246e-08 0)
(1.03896 -4.84492e-08 0)
(1.03896 -1.10241e-08 0)
(1.03896 -1.07395e-07 0)
(1.03896 -5.91864e-08 0)
(1.03896 -1.47226e-07 0)
(1.03896 -7.65976e-08 0)
(1.03896 -1.01281e-07 0)
(1.03896 -1.859e-08 0)
(1.03896 -4.89065e-08 0)
(1.03896 3.95356e-08 0)
(1.03896 4.02286e-08 0)
(1.03896 1.49424e-07 0)
(1.03896 1.27933e-07 0)
(1.03896 1.63107e-07 0)
(1.03896 6.55262e-08 0)
(1.03896 7.13424e-08 0)
(1.03896 -4.43753e-08 0)
(1.03896 -9.63258e-08 0)
(1.03896 -2.35033e-07 0)
(1.03896 -2.69622e-07 0)
(1.03896 -4.00646e-07 0)
(1.03896 -5.04957e-07 0)
(1.03896 -6.96929e-07 0)
(1.03896 -8.59568e-07 0)
(1.03896 -1.10931e-06 0)
(1.03896 -1.40342e-06 0)
(1.03896 -1.96285e-06 0)
(1.03897 -2.70554e-06 0)
(1.03897 -3.835e-06 0)
(1.03897 -5.48747e-06 0)
(1.03898 -7.96109e-06 0)
(1.03898 -1.22187e-05 0)
(1.03899 -1.87551e-05 0)
(1.03901 -3.3456e-05 0)
(1.03904 -5.71788e-05 0)
(1.03907 -0.000148823 0)
(1.03931 -0.000366919 0)
(1.03959 -0.00125572 0)
(1.04168 -0.00245359 0)
(0.969663 -0.0284848 0)
(1.05125 -0.0172805 0)
(1.02686 -0.00500728 0)
(1.04178 -0.000150155 0)
(1.03532 0.000337128 0)
(1.03807 -0.000116753 0)
(1.037 -0.000293556 0)
(1.03775 -0.000362474 0)
(1.03772 -0.0003199 0)
(1.038 -0.000280406 0)
(1.0381 -0.000235125 0)
(1.03825 -0.000199383 0)
(1.03834 -0.00016764 0)
(1.03844 -0.00014234 0)
(1.03851 -0.000121507 0)
(1.03858 -0.000104743 0)
(1.03863 -9.07442e-05 0)
(1.03868 -7.90139e-05 0)
(1.03872 -6.87568e-05 0)
(1.03876 -5.99865e-05 0)
(1.03879 -5.20677e-05 0)
(1.03881 -4.52047e-05 0)
(1.03884 -3.90162e-05 0)
(1.03886 -3.36243e-05 0)
(1.03888 -2.87462e-05 0)
(1.03889 -2.45515e-05 0)
(1.0389 -2.07499e-05 0)
(1.03891 -1.75708e-05 0)
(1.03892 -1.47229e-05 0)
(1.03893 -1.23732e-05 0)
(1.03893 -1.02787e-05 0)
(1.03894 -8.62146e-06 0)
(1.03894 -7.10136e-06 0)
(1.03895 -5.89967e-06 0)
(1.03895 -4.74807e-06 0)
(1.03895 -3.91478e-06 0)
(1.03895 -3.12512e-06 0)
(1.03896 -2.55343e-06 0)
(1.03896 -1.95107e-06 0)
(1.03896 -1.6011e-06 0)
(1.03896 -1.20373e-06 0)
(1.03896 -1.04074e-06 0)
(1.03896 -7.62493e-07 0)
(1.03896 -6.78065e-07 0)
(1.03896 -4.7818e-07 0)
(1.03896 -4.63414e-07 0)
(1.03896 -3.08802e-07 0)
(1.03896 -2.87171e-07 0)
(1.03896 -1.55565e-07 0)
(1.03896 -1.85385e-07 0)
(1.03896 -1.05784e-07 0)
(1.03896 -1.60103e-07 0)
(1.03896 -7.307e-08 0)
(1.03896 -8.95952e-08 0)
(1.03896 4.65257e-08 0)
(1.03896 -1.62393e-08 0)
(1.03896 7.3899e-08 0)
(1.03896 2.15266e-08 0)
(1.03896 9.15716e-08 0)
(1.03896 2.12765e-08 0)
(1.03896 2.93825e-08 0)
(1.03896 -5.45899e-08 0)
(1.03896 -1.80339e-08 0)
(1.03896 -1.11813e-07 0)
(1.03896 -6.27983e-08 0)
(1.03896 -1.43749e-07 0)
(1.03896 -7.20715e-08 0)
(1.03896 -9.3353e-08 0)
(1.03896 -1.10453e-08 0)
(1.03896 -3.6589e-08 0)
(1.03896 4.30703e-08 0)
(1.03896 3.74436e-08 0)
(1.03896 1.48873e-07 0)
(1.03896 1.32645e-07 0)
(1.03896 1.59982e-07 0)
(1.03896 5.14528e-08 0)
(1.03896 5.01755e-08 0)
(1.03896 -5.91634e-08 0)
(1.03896 -1.09176e-07 0)
(1.03896 -2.57734e-07 0)
(1.03896 -3.1169e-07 0)
(1.03896 -4.51216e-07 0)
(1.03896 -5.69453e-07 0)
(1.03896 -7.78196e-07 0)
(1.03896 -9.79854e-07 0)
(1.03896 -1.29186e-06 0)
(1.03896 -1.66228e-06 0)
(1.03896 -2.31929e-06 0)
(1.03897 -3.21142e-06 0)
(1.03897 -4.52968e-06 0)
(1.03897 -6.46304e-06 0)
(1.03897 -9.33637e-06 0)
(1.03898 -1.42537e-05 0)
(1.03899 -2.17265e-05 0)
(1.039 -3.85203e-05 0)
(1.03903 -6.5767e-05 0)
(1.03905 -0.000172425 0)
(1.03925 -0.000429161 0)
(1.03949 -0.00147676 0)
(1.04131 -0.00289415 0)
(0.970348 -0.0342357 0)
(1.05229 -0.0201312 0)
(1.02708 -0.00573249 0)
(1.04197 -0.000184219 0)
(1.03554 0.000381193 0)
(1.0383 -0.000141937 0)
(1.03722 -0.000336509 0)
(1.03794 -0.000415034 0)
(1.03789 -0.000365336 0)
(1.03814 -0.000320154 0)
(1.03823 -0.000268026 0)
(1.03836 -0.000227086 0)
(1.03844 -0.000190812 0)
(1.03852 -0.000161929 0)
(1.03858 -0.000138153 0)
(1.03864 -0.000118991 0)
(1.03869 -0.000102995 0)
(1.03873 -8.95829e-05 0)
(1.03876 -7.78879e-05 0)
(1.03879 -6.78917e-05 0)
(1.03882 -5.89059e-05 0)
(1.03884 -5.10987e-05 0)
(1.03886 -4.40801e-05 0)
(1.03888 -3.79592e-05 0)
(1.03889 -3.24533e-05 0)
(1.0389 -2.76852e-05 0)
(1.03891 -2.33967e-05 0)
(1.03892 -1.97857e-05 0)
(1.03893 -1.65787e-05 0)
(1.03894 -1.39146e-05 0)
(1.03894 -1.15489e-05 0)
(1.03894 -9.65587e-06 0)
(1.03895 -7.94206e-06 0)
(1.03895 -6.59079e-06 0)
(1.03895 -5.32253e-06 0)
(1.03895 -4.37536e-06 0)
(1.03896 -3.48776e-06 0)
(1.03896 -2.84349e-06 0)
(1.03896 -2.19013e-06 0)
(1.03896 -1.78389e-06 0)
(1.03896 -1.34002e-06 0)
(1.03896 -1.14463e-06 0)
(1.03896 -8.46036e-07 0)
(1.03896 -7.37225e-07 0)
(1.03896 -5.26482e-07 0)
(1.03896 -4.94279e-07 0)
(1.03896 -3.35248e-07 0)
(1.03896 -3.08712e-07 0)
(1.03896 -1.84064e-07 0)
(1.03896 -2.08057e-07 0)
(1.03896 -1.21598e-07 0)
(1.03896 -1.60222e-07 0)
(1.03896 -7.43581e-08 0)
(1.03896 -9.33781e-08 0)
(1.03896 5.29829e-08 0)
(1.03896 -3.82018e-09 0)
(1.03896 7.41806e-08 0)
(1.03896 1.9509e-08 0)
(1.03896 8.0301e-08 0)
(1.03896 1.64336e-08 0)
(1.03896 2.4621e-08 0)
(1.03896 -6.01097e-08 0)
(1.03896 -2.57263e-08 0)
(1.03896 -1.15716e-07 0)
(1.03896 -6.33103e-08 0)
(1.03896 -1.36692e-07 0)
(1.03896 -6.64514e-08 0)
(1.03896 -8.67372e-08 0)
(1.03896 -6.349e-09 0)
(1.03896 -2.61073e-08 0)
(1.03896 4.82507e-08 0)
(1.03896 3.32369e-08 0)
(1.03896 1.39418e-07 0)
(1.03896 1.28061e-07 0)
(1.03896 1.53612e-07 0)
(1.03896 4.11828e-08 0)
(1.03896 3.20327e-08 0)
(1.03896 -7.32932e-08 0)
(1.03896 -1.20199e-07 0)
(1.03896 -2.72568e-07 0)
(1.03896 -3.45824e-07 0)
(1.03896 -4.94825e-07 0)
(1.03896 -6.23104e-07 0)
(1.03896 -8.45833e-07 0)
(1.03896 -1.08092e-06 0)
(1.03896 -1.44982e-06 0)
(1.03896 -1.89424e-06 0)
(1.03896 -2.63132e-06 0)
(1.03896 -3.6495e-06 0)
(1.03897 -5.12817e-06 0)
(1.03897 -7.29319e-06 0)
(1.03897 -1.049e-05 0)
(1.03898 -1.59093e-05 0)
(1.03898 -2.40461e-05 0)
(1.03899 -4.22981e-05 0)
(1.03901 -7.21014e-05 0)
(1.03902 -0.000190729 0)
(1.03917 -0.000480402 0)
(1.03938 -0.00166367 0)
(1.04087 -0.00327233 0)
(0.971212 -0.0402951 0)
(1.05353 -0.0228186 0)
(1.02735 -0.00636268 0)
(1.04219 -0.000221457 0)
(1.03579 0.000417926 0)
(1.03856 -0.000167929 0)
(1.03748 -0.000373832 0)
(1.03816 -0.000460705 0)
(1.03808 -0.00040424 0)
(1.03831 -0.00035415 0)
(1.03837 -0.000295993 0)
(1.03848 -0.000250565 0)
(1.03855 -0.000210378 0)
(1.03861 -0.000178418 0)
(1.03866 -0.000152113 0)
(1.03871 -0.00013089 0)
(1.03875 -0.000113181 0)
(1.03878 -9.83287e-05 0)
(1.03881 -8.54071e-05 0)
(1.03883 -7.43707e-05 0)
(1.03885 -6.44864e-05 0)
(1.03887 -5.58866e-05 0)
(1.03889 -4.8177e-05 0)
(1.0389 -4.14477e-05 0)
(1.03891 -3.54256e-05 0)
(1.03892 -3.01845e-05 0)
(1.03893 -2.54995e-05 0)
(1.03893 -2.15366e-05 0)
(1.03894 -1.80386e-05 0)
(1.03894 -1.51209e-05 0)
(1.03895 -1.25372e-05 0)
(1.03895 -1.04536e-05 0)
(1.03895 -8.58488e-06 0)
(1.03895 -7.11987e-06 0)
(1.03895 -5.76615e-06 0)
(1.03896 -4.72954e-06 0)
(1.03896 -3.76236e-06 0)
(1.03896 -3.06096e-06 0)
(1.03896 -2.37038e-06 0)
(1.03896 -1.92069e-06 0)
(1.03896 -1.44056e-06 0)
(1.03896 -1.2152e-06 0)
(1.03896 -9.03072e-07 0)
(1.03896 -7.76096e-07 0)
(1.03896 -5.62482e-07 0)
(1.03896 -5.17211e-07 0)
(1.03896 -3.55067e-07 0)
(1.03896 -3.2692e-07 0)
(1.03896 -2.13572e-07 0)
(1.03896 -2.31637e-07 0)
(1.03896 -1.3784e-07 0)
(1.03896 -1.57641e-07 0)
(1.03896 -7.06221e-08 0)
(1.03896 -9.62582e-08 0)
(1.03896 5.23553e-08 0)
(1.03896 7.07132e-10 0)
(1.03896 6.71666e-08 0)
(1.03896 1.15533e-08 0)
(1.03896 6.0634e-08 0)
(1.03896 3.78096e-09 0)
(1.03896 1.59539e-08 0)
(1.03896 -6.51657e-08 0)
(1.03896 -3.31684e-08 0)
(1.03896 -1.18119e-07 0)
(1.03896 -6.11704e-08 0)
(1.03896 -1.27115e-07 0)
(1.03896 -6.1045e-08 0)
(1.03896 -8.34645e-08 0)
(1.03896 -8.15838e-09 0)
(1.03896 -2.29707e-08 0)
(1.03896 4.86799e-08 0)
(1.03896 2.45177e-08 0)
(1.03896 1.19271e-07 0)
(1.03896 1.11502e-07 0)
(1.03896 1.4133e-07 0)
(1.03896 3.29561e-08 0)
(1.03896 1.58243e-08 0)
(1.03896 -8.87284e-08 0)
(1.03896 -1.34777e-07 0)
(1.03896 -2.84586e-07 0)
(1.03896 -3.7377e-07 0)
(1.03896 -5.32526e-07 0)
(1.03896 -6.67727e-07 0)
(1.03896 -9.0297e-07 0)
(1.03896 -1.16548e-06 0)
(1.03896 -1.58034e-06 0)
(1.03896 -2.09147e-06 0)
(1.03896 -2.89108e-06 0)
(1.03896 -4.00857e-06 0)
(1.03896 -5.61605e-06 0)
(1.03897 -7.96025e-06 0)
(1.03897 -1.1395e-05 0)
(1.03897 -1.71463e-05 0)
(1.03898 -2.56538e-05 0)
(1.03898 -4.46741e-05 0)
(1.03899 -7.59676e-05 0)
(1.03899 -0.000203115 0)
(1.0391 -0.00051916 0)
(1.03926 -0.00181096 0)
(1.04037 -0.00357725 0)
(0.972294 -0.0467294 0)
(1.055 -0.0253022 0)
(1.02767 -0.00688114 0)
(1.04244 -0.000261973 0)
(1.03609 0.000447117 0)
(1.03886 -0.000194014 0)
(1.03777 -0.000404402 0)
(1.03841 -0.000498259 0)
(1.0383 -0.000435545 0)
(1.0385 -0.000381471 0)
(1.03853 -0.000318256 0)
(1.03862 -0.000269178 0)
(1.03867 -0.000225801 0)
(1.03872 -0.000191357 0)
(1.03875 -0.000163002 0)
(1.03879 -0.000140109 0)
(1.03881 -0.000121023 0)
(1.03884 -0.00010501 0)
(1.03886 -9.11072e-05 0)
(1.03887 -7.92404e-05 0)
(1.03889 -6.86506e-05 0)
(1.0389 -5.94295e-05 0)
(1.03891 -5.11869e-05 0)
(1.03892 -4.39853e-05 0)
(1.03893 -3.75692e-05 0)
(1.03893 -3.19711e-05 0)
(1.03894 -2.69911e-05 0)
(1.03894 -2.27668e-05 0)
(1.03894 -1.90537e-05 0)
(1.03895 -1.59495e-05 0)
(1.03895 -1.32079e-05 0)
(1.03895 -1.0986e-05 0)
(1.03895 -9.00675e-06 0)
(1.03895 -7.46457e-06 0)
(1.03895 -6.05668e-06 0)
(1.03896 -4.95896e-06 0)
(1.03896 -3.93502e-06 0)
(1.03896 -3.19337e-06 0)
(1.03896 -2.47934e-06 0)
(1.03896 -2.00291e-06 0)
(1.03896 -1.50261e-06 0)
(1.03896 -1.25309e-06 0)
(1.03896 -9.33791e-07 0)
(1.03896 -7.94321e-07 0)
(1.03896 -5.84528e-07 0)
(1.03896 -5.32537e-07 0)
(1.03896 -3.69483e-07 0)
(1.03896 -3.41257e-07 0)
(1.03896 -2.39093e-07 0)
(1.03896 -2.49869e-07 0)
(1.03896 -1.49548e-07 0)
(1.03896 -1.50009e-07 0)
(1.03896 -5.95009e-08 0)
(1.03896 -9.55607e-08 0)
(1.03896 4.53736e-08 0)
(1.03896 -2.85471e-09 0)
(1.03896 5.32488e-08 0)
(1.03896 1.70728e-10 0)
(1.03896 3.71473e-08 0)
(1.03896 -1.26763e-08 0)
(1.03896 6.06771e-09 0)
(1.03896 -6.59623e-08 0)
(1.03896 -3.5751e-08 0)
(1.03896 -1.14968e-07 0)
(1.03896 -5.37604e-08 0)
(1.03896 -1.13429e-07 0)
(1.03896 -5.38235e-08 0)
(1.03896 -8.1232e-08 0)
(1.03896 -1.45212e-08 0)
(1.03896 -2.72776e-08 0)
(1.03896 4.34215e-08 0)
(1.03896 1.44253e-08 0)
(1.03896 9.43229e-08 0)
(1.03896 8.67788e-08 0)
(1.03896 1.24593e-07 0)
(1.03896 2.72808e-08 0)
(1.03896 2.77747e-09 0)
(1.03896 -1.03741e-07 0)
(1.03896 -1.5254e-07 0)
(1.03896 -2.95339e-07 0)
(1.03896 -3.9393e-07 0)
(1.03896 -5.60842e-07 0)
(1.03896 -7.00784e-07 0)
(1.03896 -9.47268e-07 0)
(1.03896 -1.23035e-06 0)
(1.03896 -1.67666e-06 0)
(1.03896 -2.24066e-06 0)
(1.03896 -3.08536e-06 0)
(1.03896 -4.27414e-06 0)
(1.03896 -5.97479e-06 0)
(1.03896 -8.44385e-06 0)
(1.03896 -1.2024e-05 0)
(1.03896 -1.79309e-05 0)
(1.03897 -2.6508e-05 0)
(1.03897 -4.55805e-05 0)
(1.03897 -7.72385e-05 0)
(1.03896 -0.000209137 0)
(1.03901 -0.000544211 0)
(1.03912 -0.0019135 0)
(1.03982 -0.00379828 0)
(0.973645 -0.0536151 0)
(1.05672 -0.0275338 0)
(1.02804 -0.00727007 0)
(1.04273 -0.000305487 0)
(1.03644 0.000468852 0)
(1.03919 -0.000219163 0)
(1.0381 -0.000427031 0)
(1.03868 -0.000526413 0)
(1.03854 -0.000458171 0)
(1.0387 -0.000401182 0)
(1.03871 -0.000334049 0)
(1.03877 -0.000282288 0)
(1.03879 -0.00023655 0)
(1.03883 -0.000200303 0)
(1.03885 -0.000170448 0)
(1.03887 -0.000146339 0)
(1.03888 -0.000126254 0)
(1.0389 -0.000109404 0)
(1.03891 -9.47978e-05 0)
(1.03892 -8.23366e-05 0)
(1.03892 -7.12572e-05 0)
(1.03893 -6.16046e-05 0)
(1.03893 -5.30037e-05 0)
(1.03894 -4.54809e-05 0)
(1.03894 -3.88033e-05 0)
(1.03894 -3.29766e-05 0)
(1.03895 -2.78132e-05 0)
(1.03895 -2.3427e-05 0)
(1.03895 -1.95816e-05 0)
(1.03895 -1.63642e-05 0)
(1.03895 -1.35308e-05 0)
(1.03895 -1.12285e-05 0)
(1.03895 -9.18795e-06 0)
(1.03895 -7.60583e-06 0)
(1.03895 -6.17584e-06 0)
(1.03895 -5.04901e-06 0)
(1.03895 -3.99543e-06 0)
(1.03895 -3.23252e-06 0)
(1.03895 -2.51059e-06 0)
(1.03895 -2.02605e-06 0)
(1.03895 -1.52383e-06 0)
(1.03895 -1.25798e-06 0)
(1.03895 -9.365e-07 0)
(1.03895 -7.88869e-07 0)
(1.03895 -5.85688e-07 0)
(1.03895 -5.33343e-07 0)
(1.03895 -3.69997e-07 0)
(1.03895 -3.41129e-07 0)
(1.03895 -2.46195e-07 0)
(1.03895 -2.47649e-07 0)
(1.03895 -1.43408e-07 0)
(1.03895 -1.28205e-07 0)
(1.03895 -3.25558e-08 0)
(1.03895 -8.23251e-08 0)
(1.03895 4.29423e-08 0)
(1.03895 -4.53985e-09 0)
(1.03895 4.47551e-08 0)
(1.03895 -2.47714e-09 0)
(1.03895 2.51993e-08 0)
(1.03895 -1.88246e-08 0)
(1.03895 8.05733e-09 0)
(1.03895 -5.20777e-08 0)
(1.03895 -2.19188e-08 0)
(1.03895 -9.72072e-08 0)
(1.03895 -3.31127e-08 0)
(1.03895 -8.9597e-08 0)
(1.03895 -3.70525e-08 0)
(1.03895 -7.05542e-08 0)
(1.03895 -1.37218e-08 0)
(1.03895 -2.76427e-08 0)
(1.03895 4.33724e-08 0)
(1.03895 1.57159e-08 0)
(1.03895 8.01188e-08 0)
(1.03895 6.86372e-08 0)
(1.03895 1.14051e-07 0)
(1.03895 3.29337e-08 0)
(1.03895 2.63776e-09 0)
(1.03895 -1.07768e-07 0)
(1.03895 -1.63282e-07 0)
(1.03895 -2.97038e-07 0)
(1.03895 -3.97242e-07 0)
(1.03895 -5.70436e-07 0)
(1.03895 -7.14878e-07 0)
(1.03895 -9.7206e-07 0)
(1.03895 -1.26855e-06 0)
(1.03895 -1.73212e-06 0)
(1.03895 -2.33018e-06 0)
(1.03895 -3.20092e-06 0)
(1.03895 -4.43302e-06 0)
(1.03895 -6.18728e-06 0)
(1.03895 -8.72472e-06 0)
(1.03895 -1.23545e-05 0)
(1.03895 -1.82392e-05 0)
(1.03895 -2.6591e-05 0)
(1.03895 -4.50068e-05 0)
(1.03895 -7.58895e-05 0)
(1.03893 -0.000208552 0)
(1.03892 -0.00055463 0)
(1.03898 -0.00196673 0)
(1.03921 -0.00392524 0)
(0.975329 -0.0610414 0)
(1.05871 -0.029454 0)
(1.02846 -0.00751035 0)
(1.04304 -0.000351235 0)
(1.03682 0.000483341 0)
(1.03954 -0.00024213 0)
(1.03844 -0.00044058 0)
(1.03897 -0.000543929 0)
(1.03879 -0.000471123 0)
(1.03891 -0.000412442 0)
(1.03889 -0.000342711 0)
(1.03892 -0.000289366 0)
(1.03892 -0.000242211 0)
(1.03893 -0.000204932 0)
(1.03894 -0.000174199 0)
(1.03894 -0.000149391 0)
(1.03894 -0.000128733 0)
(1.03895 -0.000111409 0)
(1.03895 -9.64112e-05 0)
(1.03895 -8.36194e-05 0)
(1.03895 -7.22871e-05 0)
(1.03895 -6.24111e-05 0)
(1.03895 -5.36431e-05 0)
(1.03895 -4.59663e-05 0)
(1.03895 -3.91721e-05 0)
(1.03894 -3.32549e-05 0)
(1.03894 -2.8029e-05 0)
(1.03894 -2.35886e-05 0)
(1.03894 -1.97007e-05 0)
(1.03894 -1.6449e-05 0)
(1.03894 -1.35935e-05 0)
(1.03894 -1.12715e-05 0)
(1.03894 -9.22116e-06 0)
(1.03894 -7.6357e-06 0)
(1.03894 -6.2144e-06 0)
(1.03894 -5.08933e-06 0)
(1.03894 -4.03328e-06 0)
(1.03894 -3.26656e-06 0)
(1.03894 -2.55034e-06 0)
(1.03894 -2.07138e-06 0)
(1.03894 -1.57799e-06 0)
(1.03893 -1.3001e-06 0)
(1.03893 -9.79653e-07 0)
(1.03893 -8.26813e-07 0)
(1.03893 -6.28496e-07 0)
(1.03893 -5.79691e-07 0)
(1.03893 -4.11868e-07 0)
(1.03893 -3.80144e-07 0)
(1.03893 -2.8763e-07 0)
(1.03893 -2.79077e-07 0)
(1.03893 -1.77752e-07 0)
(1.03893 -1.54152e-07 0)
(1.03893 -5.56004e-08 0)
(1.03893 -1.17161e-07 0)
(1.03893 -1.39434e-08 0)
(1.03893 -6.15648e-08 0)
(1.03893 -1.48331e-08 0)
(1.03893 -5.38901e-08 0)
(1.03893 -3.27642e-08 0)
(1.03893 -7.09871e-08 0)
(1.03893 -3.77918e-08 0)
(1.03893 -8.40542e-08 0)
(1.03893 -5.37552e-08 0)
(1.03893 -1.26228e-07 0)
(1.03893 -6.34386e-08 0)
(1.03893 -1.19226e-07 0)
(1.03893 -7.33197e-08 0)
(1.03893 -1.10306e-07 0)
(1.03893 -6.37637e-08 0)
(1.03893 -8.02412e-08 0)
(1.03893 -6.93881e-09 0)
(1.03893 -2.7492e-08 0)
(1.03893 2.46982e-08 0)
(1.03893 5.06354e-09 0)
(1.03893 5.4336e-08 0)
(1.03893 -1.21462e-08 0)
(1.03893 -4.58393e-08 0)
(1.03893 -1.57494e-07 0)
(1.03893 -2.21202e-07 0)
(1.03893 -3.46482e-07 0)
(1.03893 -4.44363e-07 0)
(1.03893 -6.22391e-07 0)
(1.03893 -7.72204e-07 0)
(1.03893 -1.0404e-06 0)
(1.03893 -1.34431e-06 0)
(1.03893 -1.82095e-06 0)
(1.03893 -2.43923e-06 0)
(1.03893 -3.31987e-06 0)
(1.03893 -4.5714e-06 0)
(1.03893 -6.34126e-06 0)
(1.03893 -8.8902e-06 0)
(1.03893 -1.24769e-05 0)
(1.03893 -1.81682e-05 0)
(1.03893 -2.60214e-05 0)
(1.03892 -4.31143e-05 0)
(1.03891 -7.2116e-05 0)
(1.03889 -0.000201461 0)
(1.03882 -0.000549943 0)
(1.03882 -0.00196691 0)
(1.03856 -0.00394857 0)
(0.977427 -0.0691155 0)
(1.06098 -0.0309901 0)
(1.02893 -0.00758117 0)
(1.04334 -0.000397806 0)
(1.03722 0.000490682 0)
(1.0399 -0.000261595 0)
(1.03879 -0.000444107 0)
(1.03925 -0.000549738 0)
(1.03903 -0.000473624 0)
(1.0391 -0.000414647 0)
(1.03904 -0.000343849 0)
(1.03904 -0.000290167 0)
(1.03902 -0.000242671 0)
(1.03901 -0.000205231 0)
(1.03899 -0.000174327 0)
(1.03898 -0.000149398 0)
(1.03897 -0.000128639 0)
(1.03896 -0.000111248 0)
(1.03895 -9.62038e-05 0)
(1.03895 -8.33754e-05 0)
(1.03894 -7.20487e-05 0)
(1.03893 -6.21793e-05 0)
(1.03893 -5.3455e-05 0)
(1.03892 -4.58108e-05 0)
(1.03891 -3.90617e-05 0)
(1.03891 -3.32042e-05 0)
(1.03891 -2.80499e-05 0)
(1.0389 -2.36723e-05 0)
(1.0389 -1.98364e-05 0)
(1.0389 -1.66303e-05 0)
(1.03889 -1.38212e-05 0)
(1.03889 -1.15379e-05 0)
(1.03889 -9.52633e-06 0)
(1.03889 -7.96871e-06 0)
(1.03889 -6.57841e-06 0)
(1.03889 -5.47525e-06 0)
(1.03889 -4.43418e-06 0)
(1.03888 -3.67018e-06 0)
(1.03888 -2.95864e-06 0)
(1.03888 -2.48793e-06 0)
(1.03888 -2.00045e-06 0)
(1.03888 -1.7094e-06 0)
(1.03888 -1.40058e-06 0)
(1.03888 -1.24945e-06 0)
(1.03888 -1.06244e-06 0)
(1.03888 -1.02269e-06 0)
(1.03888 -8.6378e-07 0)
(1.03888 -8.29542e-07 0)
(1.03888 -7.36578e-07 0)
(1.03888 -7.19509e-07 0)
(1.03888 -6.28477e-07 0)
(1.03888 -6.05388e-07 0)
(1.03888 -5.06017e-07 0)
(1.03888 -5.74527e-07 0)
(1.03888 -4.94017e-07 0)
(1.03888 -5.41467e-07 0)
(1.03888 -4.9515e-07 0)
(1.03888 -5.24923e-07 0)
(1.03888 -5.08022e-07 0)
(1.03888 -5.40957e-07 0)
(1.03888 -5.04518e-07 0)
(1.03888 -5.38868e-07 0)
(1.03888 -5.09346e-07 0)
(1.03888 -5.7964e-07 0)
(1.03888 -5.22371e-07 0)
(1.03888 -5.78274e-07 0)
(1.03888 -5.36984e-07 0)
(1.03888 -5.72104e-07 0)
(1.03888 -5.33513e-07 0)
(1.03888 -5.53039e-07 0)
(1.03888 -4.77838e-07 0)
(1.03888 -4.87452e-07 0)
(1.03888 -4.4368e-07 0)
(1.03888 -4.73301e-07 0)
(1.03888 -4.25915e-07 0)
(1.03888 -4.81465e-07 0)
(1.03888 -5.16055e-07 0)
(1.03888 -6.25593e-07 0)
(1.03888 -6.94477e-07 0)
(1.03888 -8.07261e-07 0)
(1.03888 -8.93317e-07 0)
(1.03888 -1.06234e-06 0)
(1.03888 -1.21086e-06 0)
(1.03888 -1.48201e-06 0)
(1.03888 -1.78453e-06 0)
(1.03888 -2.28562e-06 0)
(1.03888 -2.92341e-06 0)
(1.03888 -3.81574e-06 0)
(1.03888 -5.07791e-06 0)
(1.03888 -6.83907e-06 0)
(1.03888 -9.3501e-06 0)
(1.03888 -1.28132e-05 0)
(1.03887 -1.81592e-05 0)
(1.03887 -2.52791e-05 0)
(1.03886 -4.04605e-05 0)
(1.03884 -6.65546e-05 0)
(1.03881 -0.000188535 0)
(1.03869 -0.000530307 0)
(1.03863 -0.00191144 0)
(1.03784 -0.00385967 0)
(0.980016 -0.0779583 0)
(1.06351 -0.0320484 0)
(1.02938 -0.00745862 0)
(1.04357 -0.000442142 0)
(1.03756 0.000491222 0)
(1.04018 -0.000275672 0)
(1.03906 -0.000436372 0)
(1.03945 -0.000542387 0)
(1.03918 -0.000464589 0)
(1.0392 -0.000406922 0)
(1.0391 -0.000336847 0)
(1.03907 -0.000284261 0)
(1.03902 -0.00023768 0)
(1.03898 -0.000201088 0)
(1.03895 -0.000170825 0)
(1.03892 -0.00014641 0)
(1.0389 -0.000126073 0)
(1.03888 -0.000109056 0)
(1.03886 -9.43452e-05 0)
(1.03884 -8.18026e-05 0)
(1.03882 -7.07628e-05 0)
(1.03881 -6.11517e-05 0)
(1.0388 -5.26973e-05 0)
(1.03879 -4.52871e-05 0)
(1.03878 -3.87579e-05 0)
(1.03877 -3.31192e-05 0)
(1.03876 -2.8179e-05 0)
(1.03876 -2.39853e-05 0)
(1.03875 -2.02998e-05 0)
(1.03875 -1.72194e-05 0)
(1.03874 -1.45262e-05 0)
(1.03874 -1.23399e-05 0)
(1.03874 -1.04155e-05 0)
(1.03873 -8.91582e-06 0)
(1.03873 -7.5767e-06 0)
(1.03873 -6.51242e-06 0)
(1.03873 -5.50348e-06 0)
(1.03873 -4.74882e-06 0)
(1.03873 -4.03878e-06 0)
(1.03873 -3.59662e-06 0)
(1.03873 -3.14908e-06 0)
(1.03872 -2.87075e-06 0)
(1.03872 -2.58649e-06 0)
(1.03872 -2.44374e-06 0)
(1.03872 -2.27193e-06 0)
(1.03872 -2.2438e-06 0)
(1.03872 -2.10772e-06 0)
(1.03872 -2.07367e-06 0)
(1.03872 -1.98049e-06 0)
(1.03872 -1.95624e-06 0)
(1.03872 -1.87894e-06 0)
(1.03872 -1.86311e-06 0)
(1.03872 -1.76363e-06 0)
(1.03872 -1.83438e-06 0)
(1.03872 -1.7719e-06 0)
(1.03872 -1.81838e-06 0)
(1.03872 -1.77409e-06 0)
(1.03872 -1.79533e-06 0)
(1.03872 -1.77931e-06 0)
(1.03872 -1.80727e-06 0)
(1.03872 -1.77061e-06 0)
(1.03872 -1.79982e-06 0)
(1.03872 -1.77052e-06 0)
(1.03872 -1.83894e-06 0)
(1.03872 -1.78852e-06 0)
(1.03872 -1.84465e-06 0)
(1.03872 -1.80538e-06 0)
(1.03872 -1.835e-06 0)
(1.03872 -1.80005e-06 0)
(1.03872 -1.82162e-06 0)
(1.03872 -1.74899e-06 0)
(1.03872 -1.74852e-06 0)
(1.03872 -1.71068e-06 0)
(1.03872 -1.74703e-06 0)
(1.03872 -1.70769e-06 0)
(1.03872 -1.75429e-06 0)
(1.03872 -1.78698e-06 0)
(1.03872 -1.89294e-06 0)
(1.03872 -1.96328e-06 0)
(1.03872 -2.05955e-06 0)
(1.03872 -2.12628e-06 0)
(1.03872 -2.27591e-06 0)
(1.03872 -2.41656e-06 0)
(1.03872 -2.68069e-06 0)
(1.03872 -2.97061e-06 0)
(1.03872 -3.45353e-06 0)
(1.03872 -4.0856e-06 0)
(1.03872 -4.98973e-06 0)
(1.03872 -6.25453e-06 0)
(1.03872 -7.98393e-06 0)
(1.03872 -1.04062e-05 0)
(1.03871 -1.36714e-05 0)
(1.03871 -1.85428e-05 0)
(1.0387 -2.47434e-05 0)
(1.03869 -3.75444e-05 0)
(1.03866 -5.98558e-05 0)
(1.03863 -0.000170633 0)
(1.03847 -0.000496026 0)
(1.03834 -0.00179845 0)
(1.03701 -0.00365052 0)
(0.983105 -0.0876663 0)
(1.06612 -0.0325018 0)
(1.0296 -0.00711393 0)
(1.04349 -0.000477813 0)
(1.03764 0.000486637 0)
(1.04017 -0.000280489 0)
(1.03905 -0.000414477 0)
(1.03935 -0.000518711 0)
(1.03903 -0.000441254 0)
(1.03899 -0.00038669 0)
(1.03886 -0.000319365 0)
(1.03879 -0.000269464 0)
(1.03871 -0.000225192 0)
(1.03865 -0.000190567 0)
(1.0386 -0.00016183 0)
(1.03855 -0.000138604 0)
(1.03851 -0.000119243 0)
(1.03847 -0.000103058 0)
(1.03844 -8.90741e-05 0)
(1.03842 -7.71462e-05 0)
(1.03839 -6.66721e-05 0)
(1.03837 -5.75591e-05 0)
(1.03835 -4.95736e-05 0)
(1.03834 -4.25677e-05 0)
(1.03832 -3.63953e-05 0)
(1.03831 -3.10833e-05 0)
(1.0383 -2.64388e-05 0)
(1.03829 -2.25115e-05 0)
(1.03828 -1.90832e-05 0)
(1.03828 -1.62199e-05 0)
(1.03827 -1.37237e-05 0)
(1.03827 -1.17054e-05 0)
(1.03826 -9.93205e-06 0)
(1.03826 -8.54171e-06 0)
(1.03826 -7.30226e-06 0)
(1.03826 -6.32388e-06 0)
(1.03825 -5.40286e-06 0)
(1.03825 -4.70847e-06 0)
(1.03825 -4.05069e-06 0)
(1.03825 -3.64428e-06 0)
(1.03825 -3.25751e-06 0)
(1.03825 -3.01565e-06 0)
(1.03825 -2.7624e-06 0)
(1.03825 -2.63008e-06 0)
(1.03825 -2.4688e-06 0)
(1.03825 -2.45096e-06 0)
(1.03825 -2.33592e-06 0)
(1.03825 -2.30377e-06 0)
(1.03825 -2.2123e-06 0)
(1.03825 -2.18041e-06 0)
(1.03825 -2.11783e-06 0)
(1.03825 -2.11309e-06 0)
(1.03825 -2.0175e-06 0)
(1.03825 -2.08432e-06 0)
(1.03825 -2.03637e-06 0)
(1.03825 -2.07943e-06 0)
(1.03825 -2.04101e-06 0)
(1.03825 -2.05461e-06 0)
(1.03825 -2.03681e-06 0)
(1.03825 -2.05764e-06 0)
(1.03825 -2.026e-06 0)
(1.03825 -2.05399e-06 0)
(1.03825 -2.02347e-06 0)
(1.03825 -2.08634e-06 0)
(1.03825 -2.04437e-06 0)
(1.03825 -2.10104e-06 0)
(1.03825 -2.06406e-06 0)
(1.03825 -2.08797e-06 0)
(1.03825 -2.05541e-06 0)
(1.03825 -2.07602e-06 0)
(1.03825 -2.01036e-06 0)
(1.03825 -2.00389e-06 0)
(1.03825 -1.96911e-06 0)
(1.03825 -2.00575e-06 0)
(1.03825 -1.97848e-06 0)
(1.03825 -2.0211e-06 0)
(1.03825 -2.04884e-06 0)
(1.03825 -2.14652e-06 0)
(1.03825 -2.21351e-06 0)
(1.03825 -2.29562e-06 0)
(1.03825 -2.34841e-06 0)
(1.03825 -2.48275e-06 0)
(1.03825 -2.61411e-06 0)
(1.03825 -2.8656e-06 0)
(1.03825 -3.13551e-06 0)
(1.03825 -3.56702e-06 0)
(1.03825 -4.16903e-06 0)
(1.03824 -5.02106e-06 0)
(1.03824 -6.22119e-06 0)
(1.03824 -7.84715e-06 0)
(1.03824 -1.00913e-05 0)
(1.03824 -1.30644e-05 0)
(1.03823 -1.73392e-05 0)
(1.03822 -2.24844e-05 0)
(1.03821 -3.26672e-05 0)
(1.03818 -5.06843e-05 0)
(1.03814 -0.000147059 0)
(1.03794 -0.000446125 0)
(1.03774 -0.00162568 0)
(1.03587 -0.0033129 0)
(0.986405 -0.0982745 0)
(1.06825 -0.032189 0)
(1.02898 -0.00652205 0)
(1.04245 -0.000501574 0)
(1.03682 0.000473239 0)
(1.03924 -0.000275623 0)
(1.03811 -0.000379539 0)
(1.03832 -0.000479804 0)
(1.03795 -0.000404921 0)
(1.03785 -0.000355181 0)
(1.03767 -0.000292486 0)
(1.03756 -0.000246605 0)
(1.03745 -0.000205696 0)
(1.03737 -0.000173767 0)
(1.03729 -0.000147276 0)
(1.03723 -0.000125928 0)
(1.03717 -0.000108114 0)
(1.03712 -9.32235e-05 0)
(1.03708 -8.03491e-05 0)
(1.03704 -6.93456e-05 0)
(1.03701 -5.96815e-05 0)
(1.03698 -5.12579e-05 0)
(1.03696 -4.38716e-05 0)
(1.03694 -3.7361e-05 0)
(1.03692 -3.15867e-05 0)
(1.0369 -2.65883e-05 0)
(1.03689 -2.21764e-05 0)
(1.03688 -1.85054e-05 0)
(1.03687 -1.54416e-05 0)
(1.03686 -1.28899e-05 0)
(1.03685 -1.0671e-05 0)
(1.03685 -8.89112e-06 0)
(1.03684 -7.33482e-06 0)
(1.03684 -6.11273e-06 0)
(1.03684 -5.0299e-06 0)
(1.03683 -4.19038e-06 0)
(1.03683 -3.41581e-06 0)
(1.03683 -2.84048e-06 0)
(1.03683 -2.30098e-06 0)
(1.03683 -1.94964e-06 0)
(1.03683 -1.61811e-06 0)
(1.03683 -1.41027e-06 0)
(1.03682 -1.19356e-06 0)
(1.03682 -1.07542e-06 0)
(1.03682 -9.27391e-07 0)
(1.03682 -9.2109e-07 0)
(1.03682 -8.28208e-07 0)
(1.03682 -7.97148e-07 0)
(1.03682 -7.10386e-07 0)
(1.03682 -6.71652e-07 0)
(1.03682 -6.23098e-07 0)
(1.03682 -6.32788e-07 0)
(1.03682 -5.46785e-07 0)
(1.03682 -6.0536e-07 0)
(1.03682 -5.68569e-07 0)
(1.03682 -6.0556e-07 0)
(1.03682 -5.73696e-07 0)
(1.03682 -5.80123e-07 0)
(1.03682 -5.59383e-07 0)
(1.03682 -5.7235e-07 0)
(1.03682 -5.49021e-07 0)
(1.03682 -5.76484e-07 0)
(1.03682 -5.43397e-07 0)
(1.03682 -5.97499e-07 0)
(1.03682 -5.6738e-07 0)
(1.03682 -6.25971e-07 0)
(1.03682 -5.9284e-07 0)
(1.03682 -6.12373e-07 0)
(1.03682 -5.81799e-07 0)
(1.03682 -5.97353e-07 0)
(1.03682 -5.41495e-07 0)
(1.03682 -5.33676e-07 0)
(1.03682 -5.01067e-07 0)
(1.03682 -5.31244e-07 0)
(1.03682 -5.17064e-07 0)
(1.03682 -5.61282e-07 0)
(1.03682 -5.8141e-07 0)
(1.03682 -6.64219e-07 0)
(1.03682 -7.23511e-07 0)
(1.03682 -7.94796e-07 0)
(1.03682 -8.38389e-07 0)
(1.03682 -9.57805e-07 0)
(1.03682 -1.07487e-06 0)
(1.03682 -1.3026e-06 0)
(1.03682 -1.546e-06 0)
(1.03682 -1.92704e-06 0)
(1.03682 -2.46124e-06 0)
(1.03682 -3.18641e-06 0)
(1.03682 -4.23836e-06 0)
(1.03681 -5.67687e-06 0)
(1.03681 -7.64794e-06 0)
(1.03681 -1.02374e-05 0)
(1.0368 -1.38205e-05 0)
(1.03679 -1.78434e-05 0)
(1.03678 -2.55359e-05 0)
(1.03674 -3.93362e-05 0)
(1.0367 -0.000119313 0)
(1.03647 -0.00038388 0)
(1.03621 -0.00139854 0)
(1.03382 -0.00284681 0)
(0.988584 -0.109957 0)
(1.06797 -0.0309627 0)
(1.0256 -0.00569646 0)
(1.03852 -0.000547106 0)
(1.03318 0.000407884 0)
(1.03547 -0.000296612 0)
(1.03434 -0.000368933 0)
(1.03445 -0.000463162 0)
(1.03402 -0.000393063 0)
(1.03386 -0.000349561 0)
(1.03364 -0.000292869 0)
(1.03348 -0.000251725 0)
(1.03334 -0.00021443 0)
(1.03323 -0.000185057 0)
(1.03313 -0.000161227 0)
(1.03305 -0.000142584 0)
(1.03298 -0.000127042 0)
(1.03291 -0.000114062 0)
(1.03286 -0.000102845 0)
(1.03281 -9.32565e-05 0)
(1.03277 -8.48492e-05 0)
(1.03274 -7.75332e-05 0)
(1.03271 -7.11379e-05 0)
(1.03268 -6.55134e-05 0)
(1.03266 -6.05312e-05 0)
(1.03264 -5.62325e-05 0)
(1.03262 -5.24451e-05 0)
(1.03261 -4.93042e-05 0)
(1.0326 -4.67101e-05 0)
(1.03259 -4.4549e-05 0)
(1.03258 -4.26711e-05 0)
(1.03258 -4.11815e-05 0)
(1.03257 -3.98861e-05 0)
(1.03257 -3.88667e-05 0)
(1.03256 -3.79655e-05 0)
(1.03256 -3.72801e-05 0)
(1.03256 -3.66586e-05 0)
(1.03255 -3.62072e-05 0)
(1.03255 -3.57876e-05 0)
(1.03255 -3.55151e-05 0)
(1.03255 -3.52493e-05 0)
(1.03255 -3.50793e-05 0)
(1.03255 -3.49032e-05 0)
(1.03255 -3.48053e-05 0)
(1.03255 -3.46771e-05 0)
(1.03255 -3.46805e-05 0)
(1.03255 -3.46058e-05 0)
(1.03255 -3.45745e-05 0)
(1.03255 -3.44994e-05 0)
(1.03255 -3.44593e-05 0)
(1.03255 -3.44241e-05 0)
(1.03255 -3.44506e-05 0)
(1.03255 -3.43792e-05 0)
(1.03255 -3.44265e-05 0)
(1.03255 -3.43977e-05 0)
(1.03255 -3.44247e-05 0)
(1.03255 -3.43966e-05 0)
(1.03255 -3.43981e-05 0)
(1.03255 -3.43763e-05 0)
(1.03255 -3.43821e-05 0)
(1.03255 -3.43659e-05 0)
(1.03255 -3.43918e-05 0)
(1.03255 -3.43587e-05 0)
(1.03255 -3.44058e-05 0)
(1.03255 -3.43892e-05 0)
(1.03255 -3.44476e-05 0)
(1.03255 -3.4419e-05 0)
(1.03255 -3.4435e-05 0)
(1.03255 -3.44046e-05 0)
(1.03255 -3.44115e-05 0)
(1.03255 -3.43679e-05 0)
(1.03255 -3.43628e-05 0)
(1.03255 -3.43332e-05 0)
(1.03255 -3.43536e-05 0)
(1.03255 -3.43507e-05 0)
(1.03255 -3.43984e-05 0)
(1.03255 -3.44097e-05 0)
(1.03255 -3.44735e-05 0)
(1.03255 -3.45247e-05 0)
(1.03255 -3.45871e-05 0)
(1.03255 -3.46207e-05 0)
(1.03255 -3.47226e-05 0)
(1.03255 -3.48198e-05 0)
(1.03255 -3.50097e-05 0)
(1.03255 -3.5217e-05 0)
(1.03254 -3.55316e-05 0)
(1.03254 -3.59715e-05 0)
(1.03254 -3.65666e-05 0)
(1.03254 -3.74469e-05 0)
(1.03254 -3.86651e-05 0)
(1.03253 -4.03154e-05 0)
(1.03253 -4.24639e-05 0)
(1.03252 -4.53103e-05 0)
(1.03251 -4.82123e-05 0)
(1.03249 -5.32196e-05 0)
(1.03246 -6.23181e-05 0)
(1.03242 -0.000123567 0)
(1.03218 -0.0003492 0)
(1.03186 -0.00116819 0)
(1.02902 -0.00229702 0)
(0.984981 -0.123283 0)
(1.05951 -0.028655 0)
(1.01376 -0.00469066 0)
(1.02592 -0.000700383 0)
(1.02101 0.000185523 0)
(1.02312 -0.000442334 0)
(1.02201 -0.00048059 0)
(1.02201 -0.000563303 0)
(1.02153 -0.000502169 0)
(1.02131 -0.000467692 0)
(1.02104 -0.000420877 0)
(1.02085 -0.00038761 0)
(1.02067 -0.000357115 0)
(1.02053 -0.000333156 0)
(1.02041 -0.000313796 0)
(1.02031 -0.000298763 0)
(1.02022 -0.000286228 0)
(1.02015 -0.000275781 0)
(1.02008 -0.00026677 0)
(1.02003 -0.000259088 0)
(1.01998 -0.000252388 0)
(1.01994 -0.000246593 0)
(1.0199 -0.00024157 0)
(1.01987 -0.000237202 0)
(1.01985 -0.00023338 0)
(1.01982 -0.000230139 0)
(1.01981 -0.000227338 0)
(1.01979 -0.000224982 0)
(1.01978 -0.00022295 0)
(1.01977 -0.000221252 0)
(1.01976 -0.000219779 0)
(1.01975 -0.000218626 0)
(1.01974 -0.000217622 0)
(1.01974 -0.000216828 0)
(1.01974 -0.000216127 0)
(1.01973 -0.000215604 0)
(1.01973 -0.000215133 0)
(1.01973 -0.000214794 0)
(1.01973 -0.000214477 0)
(1.01973 -0.000214273 0)
(1.01972 -0.000214072 0)
(1.01972 -0.000213944 0)
(1.01972 -0.000213812 0)
(1.01972 -0.000213741 0)
(1.01972 -0.000213636 0)
(1.01972 -0.000213642 0)
(1.01972 -0.000213581 0)
(1.01972 -0.000213553 0)
(1.01972 -0.000213498 0)
(1.01972 -0.000213465 0)
(1.01972 -0.000213441 0)
(1.01972 -0.000213481 0)
(1.01972 -0.000213428 0)
(1.01972 -0.000213464 0)
(1.01972 -0.000213441 0)
(1.01972 -0.000213456 0)
(1.01972 -0.000213429 0)
(1.01972 -0.000213428 0)
(1.01972 -0.000213408 0)
(1.01972 -0.00021341 0)
(1.01972 -0.000213396 0)
(1.01972 -0.000213418 0)
(1.01972 -0.000213391 0)
(1.01972 -0.000213436 0)
(1.01972 -0.000213429 0)
(1.01972 -0.000213479 0)
(1.01972 -0.000213456 0)
(1.01972 -0.000213467 0)
(1.01972 -0.000213435 0)
(1.01972 -0.000213436 0)
(1.01972 -0.000213408 0)
(1.01972 -0.000213407 0)
(1.01972 -0.000213378 0)
(1.01972 -0.000213388 0)
(1.01972 -0.000213394 0)
(1.01972 -0.000213442 0)
(1.01972 -0.000213446 0)
(1.01972 -0.000213493 0)
(1.01972 -0.000213534 0)
(1.01972 -0.000213582 0)
(1.01972 -0.000213603 0)
(1.01972 -0.000213684 0)
(1.01972 -0.000213757 0)
(1.01972 -0.000213902 0)
(1.01972 -0.000214063 0)
(1.01972 -0.000214307 0)
(1.01972 -0.000214662 0)
(1.01971 -0.000215137 0)
(1.01971 -0.000215831 0)
(1.01971 -0.000216803 0)
(1.0197 -0.000218093 0)
(1.0197 -0.000219742 0)
(1.01969 -0.000221831 0)
(1.01968 -0.000223694 0)
(1.01966 -0.000226094 0)
(1.01963 -0.000230501 0)
(1.0196 -0.00027151 0)
(1.01935 -0.000444078 0)
(1.01899 -0.00104965 0)
(1.01589 -0.00176929 0)
(0.960328 -0.135898 0)
(1.02535 -0.0244285 0)
(0.976328 -0.00334245 0)
(0.987418 -0.000824583 0)
(0.983107 -0.000102992 0)
(0.98501 -0.000608032 0)
(0.983936 -0.00061379 0)
(0.983842 -0.000677981 0)
(0.983318 -0.000630228 0)
(0.983039 -0.000606705 0)
(0.982735 -0.000572945 0)
(0.982512 -0.000549818 0)
(0.982313 -0.000528403 0)
(0.982152 -0.000511799 0)
(0.982013 -0.000498412 0)
(0.981897 -0.000487749 0)
(0.981797 -0.000478823 0)
(0.981712 -0.000471397 0)
(0.981638 -0.000464994 0)
(0.981576 -0.000459549 0)
(0.981522 -0.000454817 0)
(0.981475 -0.000450735 0)
(0.981436 -0.000447211 0)
(0.981402 -0.00044417 0)
(0.981374 -0.00044152 0)
(0.98135 -0.000439291 0)
(0.98133 -0.000437371 0)
(0.981314 -0.000435763 0)
(0.9813 -0.000434371 0)
(0.981288 -0.000433207 0)
(0.981279 -0.000432199 0)
(0.981271 -0.000431422 0)
(0.981265 -0.000430742 0)
(0.98126 -0.000430203 0)
(0.981256 -0.000429728 0)
(0.981253 -0.000429381 0)
(0.98125 -0.00042907 0)
(0.981248 -0.000428844 0)
(0.981246 -0.000428631 0)
(0.981245 -0.0004285 0)
(0.981244 -0.000428366 0)
(0.981243 -0.00042828 0)
(0.981243 -0.0004282 0)
(0.981242 -0.000428161 0)
(0.981242 -0.000428081 0)
(0.981242 -0.000428084 0)
(0.981241 -0.000428042 0)
(0.981241 -0.000428022 0)
(0.981241 -0.000427986 0)
(0.981241 -0.000427962 0)
(0.981241 -0.000427945 0)
(0.981241 -0.00042799 0)
(0.981241 -0.000427958 0)
(0.981241 -0.000427984 0)
(0.981241 -0.000427967 0)
(0.981241 -0.000427973 0)
(0.981241 -0.000427953 0)
(0.981241 -0.000427951 0)
(0.981241 -0.000427934 0)
(0.981241 -0.000427931 0)
(0.981241 -0.000427915 0)
(0.981241 -0.000427936 0)
(0.981241 -0.000427917 0)
(0.981241 -0.000427956 0)
(0.981241 -0.000427954 0)
(0.981241 -0.000427985 0)
(0.981241 -0.000427971 0)
(0.981241 -0.000427981 0)
(0.981241 -0.000427952 0)
(0.981241 -0.000427951 0)
(0.981241 -0.000427936 0)
(0.981241 -0.000427938 0)
(0.981241 -0.000427909 0)
(0.981241 -0.000427911 0)
(0.981241 -0.000427922 0)
(0.981241 -0.000427963 0)
(0.981241 -0.000427964 0)
(0.981241 -0.000427994 0)
(0.98124 -0.000428017 0)
(0.98124 -0.000428048 0)
(0.98124 -0.000428061 0)
(0.98124 -0.000428118 0)
(0.981239 -0.000428166 0)
(0.981239 -0.00042826 0)
(0.981238 -0.000428363 0)
(0.981237 -0.000428527 0)
(0.981236 -0.000428781 0)
(0.981234 -0.000429118 0)
(0.981231 -0.000429591 0)
(0.981228 -0.000430267 0)
(0.981222 -0.000431144 0)
(0.981215 -0.000432236 0)
(0.981206 -0.00043356 0)
(0.981193 -0.000434548 0)
(0.981178 -0.000435208 0)
(0.981152 -0.000436346 0)
(0.981132 -0.000458771 0)
(0.980908 -0.00056904 0)
(0.980542 -0.000943101 0)
(0.977594 -0.00117804 0)
(0.864915 -0.12845 0)
(0.911579 -0.0160014 0)
(0.861967 -0.000985869 0)
(0.871357 7.09833e-05 0)
(0.867969 0.000505186 0)
(0.869557 0.000190285 0)
(0.868596 0.000201654 0)
(0.868427 0.000163653 0)
(0.867913 0.000193152 0)
(0.867614 0.000205743 0)
(0.867307 0.000224943 0)
(0.867076 0.000237658 0)
(0.866874 0.00024965 0)
(0.866708 0.000258908 0)
(0.866567 0.0002662 0)
(0.866449 0.000272001 0)
(0.866348 0.00027687 0)
(0.866262 0.000280903 0)
(0.866188 0.000284365 0)
(0.866125 0.00028728 0)
(0.866071 0.000289821 0)
(0.866025 0.00029201 0)
(0.865987 0.000293888 0)
(0.865954 0.000295493 0)
(0.865926 0.000296885 0)
(0.865903 0.000298052 0)
(0.865884 0.000299073 0)
(0.865868 0.00029991 0)
(0.865855 0.000300611 0)
(0.865844 0.000301204 0)
(0.865835 0.000301722 0)
(0.865828 0.000302112 0)
(0.865822 0.000302461 0)
(0.865818 0.000302726 0)
(0.865814 0.000302963 0)
(0.865811 0.00030314 0)
(0.865809 0.000303295 0)
(0.865807 0.000303412 0)
(0.865805 0.000303516 0)
(0.865804 0.00030357 0)
(0.865803 0.000303642 0)
(0.865803 0.000303686 0)
(0.865802 0.000303714 0)
(0.865802 0.000303721 0)
(0.865801 0.000303775 0)
(0.865801 0.00030378 0)
(0.865801 0.000303802 0)
(0.865801 0.000303808 0)
(0.865801 0.000303834 0)
(0.865801 0.000303853 0)
(0.865801 0.00030386 0)
(0.865801 0.000303815 0)
(0.865801 0.000303821 0)
(0.865801 0.000303808 0)
(0.865801 0.000303823 0)
(0.865801 0.000303819 0)
(0.865801 0.000303835 0)
(0.865801 0.000303834 0)
(0.865801 0.000303845 0)
(0.865801 0.00030386 0)
(0.865801 0.000303877 0)
(0.865801 0.000303854 0)
(0.865801 0.000303861 0)
(0.865801 0.000303831 0)
(0.865801 0.000303836 0)
(0.865801 0.000303825 0)
(0.8658 0.000303829 0)
(0.8658 0.000303815 0)
(0.8658 0.000303833 0)
(0.8658 0.000303844 0)
(0.8658 0.00030385 0)
(0.865801 0.000303844 0)
(0.865801 0.000303871 0)
(0.865801 0.000303875 0)
(0.865801 0.00030386 0)
(0.865801 0.000303832 0)
(0.8658 0.000303839 0)
(0.8658 0.000303819 0)
(0.8658 0.000303816 0)
(0.8658 0.000303801 0)
(0.8658 0.000303793 0)
(0.8658 0.000303761 0)
(0.865799 0.000303737 0)
(0.865799 0.0003037 0)
(0.865798 0.000303657 0)
(0.865797 0.000303562 0)
(0.865796 0.000303411 0)
(0.865794 0.000303229 0)
(0.865792 0.000302992 0)
(0.865788 0.000302637 0)
(0.865783 0.000302184 0)
(0.865776 0.000301631 0)
(0.865766 0.000301008 0)
(0.865754 0.000300665 0)
(0.865742 0.000300879 0)
(0.865723 0.000301458 0)
(0.865717 0.000293351 0)
(0.865545 0.000239579 0)
(0.865252 7.34337e-05 0)
(0.863185 0.000219165 0)
(0.537554 -0.0563955 0)
(0.55219 -0.00359576 0)
(0.517072 0.00176469 0)
(0.522896 0.00200136 0)
(0.52108 0.00213074 0)
(0.522012 0.00203756 0)
(0.521403 0.00204477 0)
(0.521252 0.00203491 0)
(0.520907 0.0020443 0)
(0.520696 0.00204816 0)
(0.520488 0.00205384 0)
(0.52033 0.00205751 0)
(0.520193 0.00206088 0)
(0.520081 0.0020634 0)
(0.519985 0.00206545 0)
(0.519905 0.00206708 0)
(0.519837 0.00206842 0)
(0.519779 0.0020695 0)
(0.51973 0.00207042 0)
(0.519688 0.00207116 0)
(0.519653 0.00207179 0)
(0.519623 0.00207234 0)
(0.519597 0.00207279 0)
(0.519576 0.00207318 0)
(0.519558 0.00207351 0)
(0.519544 0.00207377 0)
(0.519531 0.00207402 0)
(0.519521 0.00207421 0)
(0.519513 0.00207437 0)
(0.519506 0.0020745 0)
(0.519501 0.00207462 0)
(0.519497 0.0020747 0)
(0.519493 0.00207478 0)
(0.51949 0.00207484 0)
(0.519488 0.00207489 0)
(0.519486 0.00207493 0)
(0.519485 0.00207497 0)
(0.519484 0.002075 0)
(0.519483 0.00207502 0)
(0.519482 0.00207503 0)
(0.519482 0.00207505 0)
(0.519481 0.00207506 0)
(0.519481 0.00207506 0)
(0.519481 0.00207506 0)
(0.519481 0.00207507 0)
(0.519481 0.00207507 0)
(0.519481 0.00207508 0)
(0.519481 0.00207508 0)
(0.51948 0.00207509 0)
(0.51948 0.0020751 0)
(0.51948 0.0020751 0)
(0.51948 0.00207508 0)
(0.51948 0.00207508 0)
(0.51948 0.00207508 0)
(0.51948 0.00207508 0)
(0.51948 0.00207508 0)
(0.51948 0.00207508 0)
(0.51948 0.00207509 0)
(0.51948 0.00207509 0)
(0.51948 0.00207509 0)
(0.51948 0.0020751 0)
(0.51948 0.00207509 0)
(0.51948 0.00207509 0)
(0.51948 0.00207508 0)
(0.51948 0.00207508 0)
(0.51948 0.00207509 0)
(0.51948 0.00207508 0)
(0.51948 0.00207508 0)
(0.51948 0.00207508 0)
(0.51948 0.00207509 0)
(0.51948 0.00207509 0)
(0.51948 0.00207509 0)
(0.51948 0.0020751 0)
(0.51948 0.0020751 0)
(0.51948 0.00207509 0)
(0.51948 0.00207508 0)
(0.51948 0.00207509 0)
(0.51948 0.00207509 0)
(0.51948 0.00207508 0)
(0.51948 0.00207508 0)
(0.51948 0.00207508 0)
(0.51948 0.00207506 0)
(0.51948 0.00207506 0)
(0.519479 0.00207505 0)
(0.519479 0.00207504 0)
(0.519478 0.00207501 0)
(0.519477 0.00207497 0)
(0.519476 0.00207491 0)
(0.519475 0.00207485 0)
(0.519472 0.00207475 0)
(0.519469 0.00207463 0)
(0.519464 0.00207449 0)
(0.519458 0.00207435 0)
(0.51945 0.00207434 0)
(0.519443 0.00207463 0)
(0.519436 0.00207528 0)
(0.519442 0.00207439 0)
(0.51936 0.00206119 0)
(0.519228 0.00202118 0)
(0.518638 0.00215159 0)
)
;

boundaryField
{
    inlet
    {
        type            fixedValue;
        value           uniform (1 0 0);
    }
    outlet
    {
        type            zeroGradient;
    }
    lowerWall
    {
        type            fixedValue;
        value           uniform (0 0 0);
    }
    upperWall
    {
        type            fixedValue;
        value           uniform (0 0 0);
    }
    frontAndBack
    {
        type            empty;
    }
}


// ************************************************************************* //
